65535
65535
5513
2516
1812
1632
1571
1531
1470
1428
1399
1328
1404
1474
1294
1241
1339
1353
1246
1286
1322
1223
1399
1276
1264
1295
1297
1178
1345
1308
1262
1179
1179
1355
1325
1306
1158
1252
1179
1183
1243
1153
1223
1207
1145
1286
1315
1331
1279
1325
1298
1143
1129
1150
1219
1211
1237
1244
1249
1167
1231
1203
1272
1326
1141
1131
1204
1231
1236
1243
1162
1128
1196
1265
1222
1159
1182
1122
1263
1126
1131
1228
1234
1235
1158
1125
1193
1265
1115
1134
1187
1221
1191
1263
1319
1133
1206
1198
1243
1199
1151
1208
1304
1138
1127
1200
1243
1185
1207
1212
1290
1304
1130
1203
1233
1156
1216
1189
1262
1113
1317
1257
1122
1196
1241
1227
1151
1209
1301
1137
1222
1220
1245
1186
1120
1256
1290
1128
1223
1202
1235
1157
1123
1151
1208
1229
1236
1156
1202
1233
1155
1216
1188
1259
1121
1197
1239
1227
1172
1207
1303
1276
1126
1199
1242
1234
1206
1209
1288
1305
1130
1202
1235
1156
1219
1190
1261
1113
1133
1202
1216
1150
1198
1150
1256
1114
1137
1224
1217
1154
1184
1120
1258
1122
1198
1222
1230
1171
1209
1122
1273
