65535
3800
1977
1422
1298
1229
1254
1126
1141
1072
1071
1075
1061
1038
1030
973
966
957
1038
1051
1055
1049
1036
1048
1054
1072
1106
1109
1068
956
945
957
960
956
1022
1018
1032
1039
1022
1024
981
982
1019
1025
1017
1032
1039
1022
1033
1056
1051
1043
1024
981
982
1019
950
1010
1025
968
950
1083
1066
1095
1119
964
959
1022
1017
1047
1052
1046
1034
997
977
1000
952
977
1026
1000
1105
1108
1068
1070
946
957
960
956
1022
1017
1032
1039
1042
1033
1055
1051
1043
1007
1033
977
1026
1000
1104
1107
1067
1070
945
957
961
1050
1043
1034
1055
982
1019
1024
1083
959
1038
1046
1034
1047
1052
1007
1033
1035
1046
1052
1046
1033
996
977
1000
952
977
1026
1071
945
957
960
1039
1022
1016
1032
1039
1042
1033
1055
1050
1018
1024
980
982
967
951
1010
1024
1095
1118
1083
1066
951
1017
1025
1038
1046
1034
996
977
1007
1033
997
1026
1000
952
977
1067
1070
1105
1108
960
956
946
957
1032
1038
1022
1016
1055
1051
1042
1033
1055
982
1019
1024
1009
1025
968
951
