65535
65535
65535
65535
36338
28398
19984
16666
14896
12380
11821
11020
10252
9767
8384
8330
7745
7660
7160
6457
6197
6754
6470
6288
5498
5303
5436
5294
5104
4777
5018
4721
4425
4327
4687
4676
4465
4247
3952
4190
3896
3902
3817
3990
3646
3800
3962
4021
3761
3708
3844
3484
3499
3541
3291
3517
3317
3478
3398
3169
3506
3183
3335
3227
3371
3248
3190
2996
2993
2981
3443
3343
3244
3282
3059
3059
3102
3040
3064
3089
2860
2909
2778
2901
3074
3181
2705
2792
2780
2901
2741
2985
2702
2893
2795
2857
2645
2811
2897
2771
3057
2600
2864
2696
2989
2800
2844
2552
2562
2818
2651
2938
2547
2794
2510
2889
2739
2620
2899
2719
2773
2480
2660
2542
2534
2648
2486
2705
2465
2468
2718
2442
2445
2703
2499
2603
2506
2763
2581
2548
2444
2626
2462
2633
2515
2638
2596
2436
2595
2690
2603
2394
2684
2649
2385
2555
2576
2397
2540
2658
2609
2380
2588
2434
2416
2580
2423
2346
2426
2395
2565
2644
2556
2346
2521
2539
2367
2505
2369
2590
2718
2586
2662
2494
2462
2540
2332
2505
2525
2491
2491
2352
2433
2317
2393
2649
2535
2618
2577
2733
