20:18:57.191 | 07 00 00 00 00 0f 00 00 00 00 00 00 00 00 0f 00 00 00 00 00 00 00 00 0f 00 00 00 00 00 00 00 00 0f 00 00 00 00 00 00 00 00 07 00 00 00 00 00 00 00 00 07 80 00 00 00  |  -78 CRC error
20:18:57.205 | 00 00 00 00 00 0f 00 00 00 00 00 00 00 00 0f 00 00 00 00 00 00 00 00 0f 00 00 00 00 00 00 00 00 0f 00 00 00 00 00 00 00 00 07 00 00 00 00 00 00 00 00 07 00 00 00 00  |  -78 CRC error
20:18:57.221 | 01 00 00 00 00 0f 00 00 00 00 00 00 00 00 0f 00 00 00 00 00 00 00 00 0f 00 00 00 00 00 00 00 00 0f 00 00 00 00 00 00 00 00 0f 00 00 00 00 00 00 00 00 0f 00 00 00 00  |  -78 CRC error
20:18:57.253 | 02 00 00 00 00 0f 00 00 00 00 00 00 00 00 0f 00 00 00 00 00 00 00 00 0f 00 00 00 00 00 00 00 00 0f 00 00 00 00 00 00 00 00 0f 00 00 00 00 00 00 00 00 07 00 00 00 00  |  -78 CRC error
20:18:57.253 | 03 00 00 00 00 0f 00 00 00 00 00 00 00 00 0f 00 00 00 00 00 00 00 00 0f 00 00 00 00 00 00 00 00 0f 00 00 00 00 00 00 00 00 0f 00 00 00 00 00 00 00 00 07 80 00 00 00  |  -78 CRC error
20:18:57.269 | 04 00 00 00 00 0f 00 00 00 00 00 00 00 00 0f 00 00 00 00 00 00 00 00 0f 00 00 00 00 00 00 00 00 0f 00 00 00 00 00 00 00 00 0f 00 00 00 00 00 00 00 00 0f 00 00 00 00  |  -78 CRC error
20:18:57.284 | 05 00 00 00 00 0f 00 00 00 00 00 00 00 00 0f 00 00 00 00 00 00 00 00 0f 00 00 00 00 00 00 00 00 0f 00 00 00 00 00 00 00 00 0f 00 00 00 00 00 00 00 00 07 00 00 00 00  |  -78 CRC error
20:18:57.315 | 06 00 00 00 00 0f 00 00 00 00 00 00 00 00 0f 00 00 00 00 00 00 00 00 0f 00 00 00 00 00 00 00 00 0f 00 00 00 00 00 00 00 00 0f 00 00 00 00 00 00 00 00 07 80 00 00 00  |  -78 CRC error
20:18:57.331 | 07 00 00 00 00 0f 00 00 00 00 00 00 00 00 0f 00 00 00 00 00 00 00 00 0f 00 00 00 00 00 00 00 00 0f 00 00 00 00 00 00 00 00 07 00 00 00 00 00 00 00 00 07 00 00 00 00  |  -78 CRC error
20:18:57.346 | 00 00 00 00 00 0f 00 00 00 00 00 00 00 00 0f 00 00 00 00 00 00 00 00 0f 00 00 00 00 00 00 00 00 0f 00 00 00 00 00 00 00 00 0f 00 00 00 00 00 00 00 00 0f 00 00 00 00  |  -78 CRC error
20:18:57.362 | 01 00 00 00 00 0f 00 00 00 00 00 00 00 00 0f 00 00 00 00 00 00 00 00 0f 00 00 00 00 00 00 00 00 0f 00 00 00 00 00 00 00 00 0f 00 00 00 00 00 00 00 00 07 00 00 00 00  |  -78 CRC error
20:18:57.378 | 02 00 00 00 00 0f 00 00 00 00 00 00 00 00 0f 00 00 00 00 00 00 00 00 0f 00 00 00 00 00 00 00 00 0f 00 00 00 00 00 00 00 00 0f 00 00 00 00 00 00 00 00 07 80 00 00 00  |  -78 CRC error
20:18:57.394 | 03 00 00 00 00 0f 00 00 00 00 00 00 00 00 0f 00 00 00 00 00 00 00 00 0f 00 00 00 00 00 00 00 00 0f 00 00 00 00 00 00 00 00 07 00 00 00 00 00 00 00 00 07 80 00 00 00  |  -78 CRC error
20:18:57.425 | 04 00 00 00 00 0f 00 00 00 00 00 00 00 00 0f 00 00 00 00 00 00 00 00 0f 00 00 00 00 00 00 00 00 0f 00 00 00 00 00 00 00 00 0f 00 00 00 00 00 00 00 00 07 00 00 00 00  |  -78 CRC error
20:18:57.440 | 05 00 00 00 00 0f 00 00 00 00 00 00 00 00 0f 00 00 00 00 00 00 00 00 0f 00 00 00 00 00 00 00 00 0f 00 00 00 00 00 00 00 00 0f 00 00 00 00 00 00 00 00 07 00 00 00 00  |  -78 CRC error
20:18:57.471 | 06 00 00 00 00 0f 00 00 00 00 00 00 00 00 0f 00 00 00 00 00 00 00 00 0f 00 00 00 00 00 00 00 00 0f 00 00 00 00 00 00 00 00 0f 00 00 00 00 00 00 00 00 07 80 00 00 00  |  -78 CRC error
20:18:57.487 | 07 00 00 00 00 0f 00 00 00 00 00 00 00 00 0f 00 00 00 00 00 00 00 00 0f 00 00 00 00 00 00 00 00 0f 00 00 00 00 00 00 00 00 0f 00 00 00 00 00 00 00 00 07 00 00 00 00  |  -78 CRC error
20:18:57.487 | 00 00 00 00 00 0f 00 00 00 00 00 00 00 00 0f 00 00 00 00 00 00 00 00 0f 00 00 00 00 00 00 00 00 0f 00 00 00 00 00 00 00 00 0f 00 00 00 00 00 00 00 00 0f 00 00 00 00  |  -78 CRC error
20:18:57.487 | 01 00 00 00 00 0f 00 00 00 00 00 00 00 00 0f 00 00 00 00 00 00 00 00 0f 00 00 00 00 00 00 00 00 0f 00 00 00 00 00 00 00 00 0f 00 00 00 00 00 00 00 00 07 80 00 00 00  |  -78 CRC error
20:18:57.503 | 02 00 00 00 00 0f 00 00 00 00 00 00 00 00 0f 00 00 00 00 00 00 00 00 0f 00 00 00 00 00 00 00 00 0f 00 00 00 00 00 00 00 00 0f 00 00 00 00 00 00 00 00 07 80 00 00 00  |  -78 CRC error
20:18:57.534 | 03 00 00 00 00 0f 00 00 00 00 00 00 00 00 0f 00 00 00 00 00 00 00 00 0f 00 00 00 00 00 00 00 00 0f 00 00 00 00 00 00 00 00 07 00 00 00 00 00 00 00 00 07 00 00 00 00  |  -78 CRC error
20:18:57.565 | 04 00 00 00 00 0f 00 00 00 00 00 00 00 00 0f 00 00 00 00 00 00 00 00 0f 00 00 00 00 00 00 00 00 0f 00 00 00 00 00 00 00 00 0f 00 00 00 00 00 00 00 00 07 80 00 00 00  |  -78 CRC error
20:18:57.581 | 05 00 00 00 00 0f 00 00 00 00 00 00 00 00 0f 00 00 00 00 00 00 00 00 0f 00 00 00 00 00 00 00 00 0f 00 00 00 00 00 00 00 00 0f 00 00 00 00 00 00 00 00 0f 00 00 00 00  |  -78 CRC error
20:18:57.612 | 06 00 00 00 00 0f 00 00 00 00 00 00 00 00 0f 00 00 00 00 00 00 00 00 0f 00 00 00 00 00 00 00 00 0f 00 00 00 00 00 00 00 00 0f 00 00 00 00 00 00 00 00 07 80 00 00 00  |  -78 CRC error
20:18:57.612 | 07 00 00 00 00 0f 00 00 00 00 00 00 00 00 0f 00 00 00 00 00 00 00 00 0f 00 00 00 00 00 00 00 00 0f 00 00 00 00 00 00 00 00 07 00 00 00 00 00 00 00 00 07 80 00 00 00  |  -78 CRC error
20:18:57.612 | 00 00 00 00 00 0f 00 00 00 00 00 00 00 00 0f 00 00 00 00 00 00 00 00 0f 00 00 00 00 00 00 00 00 0f 00 00 00 00 00 00 00 00 0f 00 00 00 00 00 00 00 00 07 80 00 00 00  |  -78 CRC error
20:18:57.628 | 01 00 00 00 00 0f 00 00 00 00 00 00 00 00 0f 00 00 00 00 00 00 00 00 0f 00 00 00 00 00 00 00 00 0f 00 00 00 00 00 00 00 00 0f 00 00 00 00 00 00 00 00 0f 00 00 00 00  |  -78 CRC error
20:18:57.659 | 02 00 00 00 00 0f 00 00 00 00 00 00 00 00 0f 00 00 00 00 00 00 00 00 0f 00 00 00 00 00 00 00 00 0f 00 00 00 00 00 00 00 00 0f 00 00 00 00 00 00 00 00 07 00 00 00 00  |  -78 CRC error
20:18:57.706 | 03 00 00 00 00 0f 00 00 00 00 00 00 00 00 0f 00 00 00 00 00 00 00 00 0f 00 00 00 00 00 00 00 00 0f 00 00 00 00 00 00 00 00 0f 00 00 00 00 00 00 00 00 0f 00 00 00 00  |  -78 CRC error
20:18:57.721 | 04 00 00 00 00 0f 00 00 00 00 00 00 00 00 0f 00 00 00 00 00 00 00 00 0f 00 00 00 00 00 00 00 00 0f 00 00 00 00 00 00 00 00 0f 00 00 00 00 00 00 00 00 07 80 00 00 00  |  -78 CRC error
20:18:57.721 | 05 00 00 00 00 0f 00 00 00 00 00 00 00 00 0f 00 00 00 00 00 00 00 00 0f 00 00 00 00 00 00 00 00 0f 00 00 00 00 00 00 00 00 0f 00 00 00 00 00 00 00 00 07 80 00 00 00  |  -78 CRC error
20:18:57.721 | 06 00 00 00 00 0f 00 00 00 00 00 00 00 00 0f 00 00 00 00 00 00 00 00 0f 00 00 00 00 00 00 00 00 0f 00 00 00 00 00 00 00 00 0f 00 00 00 00 00 00 00 00 07 80 00 00 00  |  -78 CRC error
20:18:57.721 | 07 00 00 00 00 0f 00 00 00 00 00 00 00 00 0f 00 00 00 00 00 00 00 00 0f 00 00 00 00 00 00 00 00 0f 00 00 00 00 00 00 00 00 0f 00 00 00 00 00 00 00 00 07 00 00 00 00  |  -78 CRC error
20:18:57.737 | 00 00 00 00 00 0f 00 00 00 00 00 00 00 00 0f 00 00 00 00 00 00 00 00 0f 00 00 00 00 00 00 00 00 0f 00 00 00 00 00 00 00 00 0f 00 00 00 00 00 00 00 00 07 80 00 00 00  |  -78 CRC error
20:18:57.784 | 01 00 00 00 00 0f 00 00 00 00 00 00 00 00 0f 00 00 00 00 00 00 00 00 0f 00 00 00 00 00 00 00 00 0f 00 00 00 00 00 00 00 00 0f 00 00 00 00 00 00 00 00 0f 00 00 00 00  |  -78 CRC error
20:18:57.800 | 02 00 00 00 00 0f 00 00 00 00 00 00 00 00 0f 00 00 00 00 00 00 00 00 0f 00 00 00 00 00 00 00 00 0f 00 00 00 00 00 00 00 00 07 00 00 00 00 00 00 00 00 07 80 00 00 00  |  -78 CRC error
20:18:57.831 | 03 00 00 00 00 0f 00 00 00 00 00 00 00 00 0f 00 00 00 00 00 00 00 00 0f 00 00 00 00 00 00 00 00 0f 00 00 00 00 00 00 00 00 0f 00 00 00 00 00 00 00 00 07 80 00 00 00  |  -78 CRC error
20:18:57.846 | 04 00 00 00 00 0f 00 00 00 00 00 00 00 00 0f 00 00 00 00 00 00 00 00 0f 00 00 00 00 00 00 00 00 0f 00 00 00 00 00 00 00 00 0f 00 00 00 00 00 00 00 00 07 00 00 00 00  |  -78 CRC error
20:18:57.846 | 05 00 00 00 00 0f 00 00 00 00 00 00 00 00 0f 00 00 00 00 00 00 00 00 0f 00 00 00 00 00 00 00 00 0f 00 00 00 00 00 00 00 00 0f 00 00 00 00 00 00 00 00 07 80 00 00 00  |  -78 CRC error
20:18:57.846 | 06 00 00 00 00 0f 00 00 00 00 00 00 00 00 0f 00 00 00 00 00 00 00 00 0f 00 00 00 00 00 00 00 00 0f 00 00 00 00 00 00 00 00 07 00 00 00 00 00 00 00 00 07 80 00 00 00  |  -78 CRC error
20:18:57.862 | 07 00 00 00 00 0f 00 00 00 00 00 00 00 00 0f 00 00 00 00 00 00 00 00 0f 00 00 00 00 00 00 00 00 0f 00 00 00 00 00 00 00 00 07 00 00 00 00 00 00 00 00 07 00 00 00 00  |  -78 CRC error
20:18:57.893 | 00 00 00 00 00 0f 00 00 00 00 00 00 00 00 0f 00 00 00 00 00 00 00 00 0f 00 00 00 00 00 00 00 00 0f 00 00 00 00 00 00 00 00 0f 00 00 00 00 00 00 00 00 07 00 00 00 00  |  -78 CRC error
20:18:57.925 | 01 00 00 00 00 0f 00 00 00 00 00 00 00 00 0f 00 00 00 00 00 00 00 00 0f 00 00 00 00 00 00 00 00 0f 00 00 00 00 00 00 00 00 0f 00 00 00 00 00 00 00 00 07 00 00 00 00  |  -78 CRC error
20:18:57.940 | 02 00 00 00 00 0f 00 00 00 00 00 00 00 00 0f 00 00 00 00 00 00 00 00 0f 00 00 00 00 00 00 00 00 0f 00 00 00 00 00 00 00 00 0f 00 00 00 00 00 00 00 00 0f 00 00 00 00  |  -78 CRC error
20:18:57.972 | 03 00 00 00 00 0f 00 00 00 00 00 00 00 00 0f 00 00 00 00 00 00 00 00 0f 00 00 00 00 00 00 00 00 0f 00 00 00 00 00 00 00 00 0f 00 00 00 00 00 00 00 00 07 80 00 00 00  |  -78 CRC error
20:18:57.972 | 04 00 00 00 00 0f 00 00 00 00 00 00 00 00 0f 00 00 00 00 00 00 00 00 0f 00 00 00 00 00 00 00 00 0f 00 00 00 00 00 00 00 00 0f 00 00 00 00 00 00 00 00 07 00 00 00 00  |  -78 CRC error
20:18:57.972 | 05 00 00 00 00 0f 00 00 00 00 00 00 00 00 0f 00 00 00 00 00 00 00 00 0f 00 00 00 00 00 00 00 00 0f 00 00 00 00 00 00 00 00 0f 00 00 00 00 00 00 00 00 07 80 00 00 00  |  -78 CRC error
20:18:57.972 | 06 00 00 00 00 0f 00 00 00 00 00 00 00 00 0f 00 00 00 00 00 00 00 00 0f 00 00 00 00 00 00 00 00 0f 00 00 00 00 00 00 00 00 0f 00 00 00 00 00 00 00 00 07 80 00 00 00  |  -78 CRC error
20:18:58.003 | 07 00 00 00 00 0f 00 00 00 00 00 00 00 00 0f 00 00 00 00 00 00 00 00 0f 00 00 00 00 00 00 00 00 0f 00 00 00 00 00 00 00 00 0f 80 00 00 00 00 00 00 00 07 80 00 00 00  |  -78 CRC error
20:18:58.034 | 00 00 00 00 00 0f 00 00 00 00 00 00 00 00 0f 00 00 00 00 00 00 00 00 0f 00 00 00 00 00 00 00 00 0f 00 00 00 00 00 00 00 00 0f 00 00 00 00 00 00 00 00 07 80 00 00 00  |  -78 CRC error
20:18:58.065 | 01 00 00 00 00 0f 00 00 00 00 00 00 00 00 0f 00 00 00 00 00 00 00 00 0f 00 00 00 00 00 00 00 00 0f 00 00 00 00 00 00 00 00 0f 00 00 00 00 00 00 00 00 07 80 00 00 00  |  -78 CRC error
20:18:58.080 | 02 00 00 00 00 0f 00 00 00 00 00 00 00 00 0f 00 00 00 00 00 00 00 00 0f 00 00 00 00 00 00 00 00 0f 00 00 00 00 00 00 00 00 0f 00 00 00 00 00 00 00 00 0f 00 00 00 00  |  -78 CRC error
20:18:58.080 | 03 00 00 00 00 0f 00 00 00 00 00 00 00 00 0f 00 00 00 00 00 00 00 00 0f 00 00 00 00 00 00 00 00 0f 00 00 00 00 00 00 00 00 07 00 00 00 00 00 00 00 00 07 00 00 00 00  |  -78 CRC error
20:18:58.080 | 04 00 00 00 00 0f 00 00 00 00 00 00 00 00 0f 00 00 00 00 00 00 00 00 0f 00 00 00 00 00 00 00 00 0f 00 00 00 00 00 00 00 00 0f 00 00 00 00 00 00 00 00 07 80 00 00 00  |  -78 CRC error
20:18:58.097 | 05 00 00 00 00 0f 00 00 00 00 00 00 00 00 0f 00 00 00 00 00 00 00 00 0f 00 00 00 00 00 00 00 00 0f 00 00 00 00 00 00 00 00 0f 00 00 00 00 00 00 00 00 0f 00 00 00 00  |  -78 CRC error
20:18:58.143 | 06 00 00 00 00 0f 00 00 00 00 00 00 00 00 0f 00 00 00 00 00 00 00 00 0f 00 00 00 00 00 00 00 00 0f 00 00 00 00 00 00 00 00 07 00 00 00 00 00 00 00 00 07 00 00 00 00  |  -78 CRC error
20:18:58.175 | 07 00 00 00 00 0f 00 00 00 00 00 00 00 00 0f 00 00 00 00 00 00 00 00 0f 00 00 00 00 00 00 00 00 0f 00 00 00 00 00 00 00 00 07 00 00 00 00 00 00 00 00 07 00 00 00 00  |  -78 CRC error
20:18:58.206 | 00 00 00 00 00 0f 00 00 00 00 00 00 00 00 0f 00 00 00 00 00 00 00 00 0f 00 00 00 00 00 00 00 00 0f 00 00 00 00 00 00 00 00 07 00 00 00 00 00 00 00 00 07 80 00 00 00  |  -78 CRC error
20:18:58.222 | 01 00 00 00 00 0f 00 00 00 00 00 00 00 00 0f 00 00 00 00 00 00 00 00 0f 00 00 00 00 00 00 00 00 0f 00 00 00 00 00 00 00 00 07 00 00 00 00 00 00 00 00 07 80 00 00 00  |  -78 CRC error
20:18:58.222 | 02 00 00 00 00 0f 00 00 00 00 00 00 00 00 0f 00 00 00 00 00 00 00 00 0f 00 00 00 00 00 00 00 00 0f 00 00 00 00 00 00 00 00 0f 80 00 00 00 00 00 00 00 07 80 00 00 00  |  -78 CRC error
20:18:58.222 | 03 00 00 00 00 0f 00 00 00 00 00 00 00 00 0f 00 00 00 00 00 00 00 00 0f 00 00 00 00 00 00 00 00 0f 00 00 00 00 00 00 00 00 0f 80 00 00 00 00 00 00 00 07 80 00 00 00  |  -78 CRC error
20:18:58.222 | 04 00 00 00 00 0f 00 00 00 00 00 00 00 00 0f 00 00 00 00 00 00 00 00 0f 00 00 00 00 00 00 00 00 0f 00 00 00 00 00 00 00 00 0f 00 00 00 00 00 00 00 00 07 80 00 00 00  |  -78 CRC error
20:18:58.237 | 05 00 00 00 00 0f 00 00 00 00 00 00 00 00 0f 00 00 00 00 00 00 00 00 0f 00 00 00 00 00 00 00 00 0f 00 00 00 00 00 00 00 00 0f 00 00 00 00 00 00 00 00 07 80 00 00 00  |  -78 CRC error
20:18:58.268 | 06 00 00 00 00 0f 00 00 00 00 00 00 00 00 0f 00 00 00 00 00 00 00 00 0f 00 00 00 00 00 00 00 00 0f 00 00 00 00 00 00 00 00 07 00 00 00 00 00 00 00 00 07 80 00 00 00  |  -78 CRC error
20:18:58.300 | 07 00 00 00 00 0f 00 00 00 00 00 00 00 00 0f 00 00 00 00 00 00 00 00 0f 00 00 00 00 00 00 00 00 0f 00 00 00 00 00 00 00 00 0f 00 00 00 00 00 00 00 00 07 00 00 00 00  |  -78 CRC error
20:18:58.315 | 00 00 00 00 00 0f 00 00 00 00 00 00 00 00 0f 00 00 00 00 00 00 00 00 0f 00 00 00 00 00 00 00 00 0f 00 00 00 00 00 00 00 00 07 00 00 00 00 00 00 00 00 07 00 00 00 00  |  -78 CRC error
20:18:58.347 | 01 00 00 00 00 0f 00 00 00 00 00 00 00 00 0f 00 00 00 00 00 00 00 00 0f 00 00 00 00 00 00 00 00 0f 00 00 00 00 00 00 00 00 07 00 00 00 00 00 00 00 00 07 00 00 00 00  |  -78 CRC error
20:18:58.347 | 02 00 00 00 00 0f 00 00 00 00 00 00 00 00 0f 00 00 00 00 00 00 00 00 0f 00 00 00 00 00 00 00 00 0f 00 00 00 00 00 00 00 00 07 00 00 00 00 00 00 00 00 07 00 00 00 00  |  -78 CRC error
20:18:58.347 | 03 00 00 00 00 0f 00 00 00 00 00 00 00 00 0f 00 00 00 00 00 00 00 00 0f 00 00 00 00 00 00 00 00 0f 00 00 00 00 00 00 00 00 0f 00 00 00 00 00 00 00 00 07 80 00 00 00  |  -78 CRC error
20:18:58.347 | 04 00 00 00 00 0f 00 00 00 00 00 00 00 00 0f 00 00 00 00 00 00 00 00 0f 00 00 00 00 00 00 00 00 0f 00 00 00 00 00 00 00 00 0f 00 00 00 00 00 00 00 00 07 00 00 00 00  |  -78 CRC error
20:18:58.362 | 05 00 00 00 00 0f 00 00 00 00 00 00 00 00 0f 00 00 00 00 00 00 00 00 0f 00 00 00 00 00 00 00 00 0f 00 00 00 00 00 00 00 00 0f 00 00 00 00 00 00 00 00 07 00 00 00 00  |  -78 CRC error
20:18:58.409 | 06 00 00 00 00 0f 00 00 00 00 00 00 00 00 0f 00 00 00 00 00 00 00 00 0f 00 00 00 00 00 00 00 00 0f 00 00 00 00 00 00 00 00 07 00 00 00 00 00 00 00 00 07 00 00 00 00  |  -78 CRC error
20:18:58.425 | 07 00 00 00 00 0f 00 00 00 00 00 00 00 00 0f 00 00 00 00 00 00 00 00 0f 00 00 00 00 00 00 00 00 0f 00 00 00 00 00 00 00 00 0f 00 00 00 00 00 00 00 00 07 80 00 00 00  |  -78 CRC error
20:18:58.455 | 00 00 00 00 00 0f 00 00 00 00 00 00 00 00 0f 00 00 00 00 00 00 00 00 0f 00 00 00 00 00 00 00 00 0f 00 00 00 00 00 00 00 00 0f 00 00 00 00 00 00 00 00 07 00 00 00 00  |  -78 CRC error
20:18:58.455 | 01 00 00 00 00 0f 00 00 00 00 00 00 00 00 0f 00 00 00 00 00 00 00 00 0f 00 00 00 00 00 00 00 00 0f 00 00 00 00 00 00 00 00 0f 00 00 00 00 00 00 00 00 07 80 00 00 00  |  -78 CRC error
20:18:58.455 | 02 00 00 00 00 0f 00 00 00 00 00 00 00 00 0f 00 00 00 00 00 00 00 00 0f 00 00 00 00 00 00 00 00 0f 00 00 00 00 00 00 00 00 0f 00 00 00 00 00 00 00 00 07 00 00 00 00  |  -78 CRC error
20:18:58.471 | 03 00 00 00 00 0f 00 00 00 00 00 00 00 00 0f 00 00 00 00 00 00 00 00 0f 00 00 00 00 00 00 00 00 0f 00 00 00 00 00 00 00 00 0f 00 00 00 00 00 00 00 00 07 00 00 00 00  |  -78 CRC error
20:18:58.503 | 04 00 00 00 00 0f 00 00 00 00 00 00 00 00 0f 00 00 00 00 00 00 00 00 0f 00 00 00 00 00 00 00 00 0f 00 00 00 00 00 00 00 00 0f 00 00 00 00 00 00 00 00 07 00 00 00 00  |  -78 CRC error
20:18:58.519 | 05 00 00 00 00 0f 00 00 00 00 00 00 00 00 0f 00 00 00 00 00 00 00 00 0f 00 00 00 00 00 00 00 00 0f 00 00 00 00 00 00 00 00 0f 00 00 00 00 00 00 00 00 07 00 00 00 00  |  -78 CRC error
20:18:58.549 | 06 00 00 00 00 0f 00 00 00 00 00 00 00 00 0f 00 00 00 00 00 00 00 00 0f 00 00 00 00 00 00 00 00 0f 00 00 00 00 00 00 00 00 0f 00 00 00 00 00 00 00 00 07 00 00 00 00  |  -78 CRC error
20:18:58.565 | 07 00 00 00 00 0f 00 00 00 00 00 00 00 00 0f 00 00 00 00 00 00 00 00 0f 00 00 00 00 00 00 00 00 0f 00 00 00 00 00 00 00 00 0f 00 00 00 00 00 00 00 00 07 80 00 00 00  |  -78 CRC error
20:18:58.565 | 00 00 00 00 00 0f 00 00 00 00 00 00 00 00 0f 00 00 00 00 00 00 00 00 0f 00 00 00 00 00 00 00 00 0f 00 00 00 00 00 00 00 00 0f 00 00 00 00 00 00 00 00 07 80 00 00 00  |  -78 CRC error
20:18:58.565 | 01 00 00 00 00 0f 00 00 00 00 00 00 00 00 0f 00 00 00 00 00 00 00 00 0f 00 00 00 00 00 00 00 00 0f 00 00 00 00 00 00 00 00 0f 00 00 00 00 00 00 00 00 07 00 00 00 00  |  -78 CRC error
20:18:58.597 | 02 00 00 00 00 0f 00 00 00 00 00 00 00 00 0f 00 00 00 00 00 00 00 00 0f 00 00 00 00 00 00 00 00 0f 00 00 00 00 00 00 00 00 0f 00 00 00 00 00 00 00 00 07 00 00 00 00  |  -78 CRC error
20:18:58.628 | 03 00 00 00 00 0f 00 00 00 00 00 00 00 00 0f 00 00 00 00 00 00 00 00 0f 00 00 00 00 00 00 00 00 0f 00 00 00 00 00 00 00 00 0f 00 00 00 00 00 00 00 00 07 80 00 00 00  |  -78 CRC error
20:18:58.643 | 04 00 00 00 00 0f 00 00 00 00 00 00 00 00 0f 00 00 00 00 00 00 00 00 0f 00 00 00 00 00 00 00 00 0f 00 00 00 00 00 00 00 00 0f 00 00 00 00 00 00 00 00 07 00 00 00 00  |  -78 CRC error
20:18:58.659 | 05 00 00 00 00 0f 00 00 00 00 00 00 00 00 0f 00 00 00 00 00 00 00 00 0f 00 00 00 00 00 00 00 00 0f 00 00 00 00 00 00 00 00 0f 00 00 00 00 00 00 00 00 07 00 00 00 00  |  -78 CRC error
20:18:58.690 | 06 00 00 00 00 0f 00 00 00 00 00 00 00 00 0f 00 00 00 00 00 00 00 00 0f 00 00 00 00 00 00 00 00 0f 00 00 00 00 00 00 00 00 0f 00 00 00 00 00 00 00 00 07 00 00 00 00  |  -78 CRC error
20:18:58.690 | 07 00 00 00 00 0f 00 00 00 00 00 00 00 00 0f 00 00 00 00 00 00 00 00 0f 00 00 00 00 00 00 00 00 0f 00 00 00 00 00 00 00 00 0f 00 00 00 00 00 00 00 00 07 80 00 00 00  |  -78 CRC error
20:18:58.690 | 00 00 00 00 00 0f 00 00 00 00 00 00 00 00 0f 00 00 00 00 00 00 00 00 0f 00 00 00 00 00 00 00 00 0f 00 00 00 00 00 00 00 00 07 00 00 00 00 00 00 00 00 07 00 00 00 00  |  -78 CRC error
20:18:58.705 | 01 00 00 00 00 0f 00 00 00 00 00 00 00 00 0f 00 00 00 00 00 00 00 00 0f 00 00 00 00 00 00 00 00 0f 00 00 00 00 00 00 00 00 0f 00 00 00 00 00 00 00 00 07 00 00 00 00  |  -78 CRC error
20:18:58.737 | 02 00 00 00 00 0f 00 00 00 00 00 00 00 00 0f 00 00 00 00 00 00 00 00 0f 00 00 00 00 00 00 00 00 0f 00 00 00 00 00 00 00 00 0f 00 00 00 00 00 00 00 00 07 80 00 00 00  |  -78 CRC error
20:18:58.752 | 03 00 00 00 00 0f 00 00 00 00 00 00 00 00 0f 00 00 00 00 00 00 00 00 0f 00 00 00 00 00 00 00 00 0f 00 00 00 00 00 00 00 00 0f 00 00 00 00 00 00 00 00 0f 00 00 00 00  |  -78 CRC error
20:18:58.784 | 04 00 00 00 00 0f 00 00 00 00 00 00 00 00 0f 00 00 00 00 00 00 00 00 0f 00 00 00 00 00 00 00 00 0f 00 00 00 00 00 00 00 00 07 00 00 00 00 00 00 00 00 07 00 00 00 00  |  -78 CRC error
20:18:58.800 | 05 00 00 00 00 0f 00 00 00 00 00 00 00 00 0f 00 00 00 00 00 00 00 00 0f 00 00 00 00 00 00 00 00 0f 00 00 00 00 00 00 00 00 07 00 00 00 00 00 00 00 00 07 80 00 00 00  |  -78 CRC error
20:18:58.800 | 06 00 00 00 00 0f 00 00 00 00 00 00 00 00 0f 00 00 00 00 00 00 00 00 0f 00 00 00 00 00 00 00 00 0f 00 00 00 00 00 00 00 00 07 00 00 00 00 00 00 00 00 07 00 00 00 00  |  -78 CRC error
20:18:58.800 | 07 00 00 00 00 0f 00 00 00 00 00 00 00 00 0f 00 00 00 00 00 00 00 00 0f 00 00 00 00 00 00 00 00 0f 00 00 00 00 00 00 00 00 0f 00 00 00 00 00 00 00 00 0f 80 00 00 00  |  -78 CRC error
20:18:58.815 | 00 00 00 00 00 0f 00 00 00 00 00 00 00 00 0f 00 00 00 00 00 00 00 00 0f 00 00 00 00 00 00 00 00 0f 00 00 00 00 00 00 00 00 0f 00 00 00 00 00 00 00 00 07 80 00 00 00  |  -78 CRC error
20:18:58.862 | 01 00 00 00 00 0f 00 00 00 00 00 00 00 00 0f 00 00 00 00 00 00 00 00 0f 00 00 00 00 00 00 00 00 0f 00 00 00 00 00 00 00 00 0f 00 00 00 00 00 00 00 00 07 80 00 00 00  |  -78 CRC error
20:18:58.893 | 02 00 00 00 00 0f 00 00 00 00 00 00 00 00 0f 00 00 00 00 00 00 00 00 0f 00 00 00 00 00 00 00 00 0f 00 00 00 00 00 00 00 00 0f 00 00 00 00 00 00 00 00 07 00 00 00 00  |  -78 CRC error
20:18:58.925 | 03 00 00 00 00 0f 00 00 00 00 00 00 00 00 0f 00 00 00 00 00 00 00 00 0f 00 00 00 00 00 00 00 00 0f 00 00 00 00 00 00 00 00 07 00 00 00 00 00 00 00 00 07 00 00 00 00  |  -78 CRC error
20:18:58.925 | 04 00 00 00 00 0f 00 00 00 00 00 00 00 00 0f 00 00 00 00 00 00 00 00 0f 00 00 00 00 00 00 00 00 0f 00 00 00 00 00 00 00 00 0f 00 00 00 00 00 00 00 00 07 80 00 00 00  |  -78 CRC error
20:18:58.925 | 05 00 00 00 00 0f 00 00 00 00 00 00 00 00 0f 00 00 00 00 00 00 00 00 0f 00 00 00 00 00 00 00 00 0f 00 00 00 00 00 00 00 00 0f 00 00 00 00 00 00 00 00 07 00 00 00 00  |  -78 CRC error
20:18:58.925 | 06 00 00 00 00 0f 00 00 00 00 00 00 00 00 0f 00 00 00 00 00 00 00 00 0f 00 00 00 00 00 00 00 00 0f 00 00 00 00 00 00 00 00 0f 00 00 00 00 00 00 00 00 07 80 00 00 00  |  -78 CRC error
20:18:58.940 | 07 00 00 00 00 0f 00 00 00 00 00 00 00 00 0f 00 00 00 00 00 00 00 00 0f 00 00 00 00 00 00 00 00 0f 00 00 00 00 00 00 00 00 07 00 00 00 00 00 00 00 00 07 80 00 00 00  |  -78 CRC error
20:18:58.971 | 00 00 00 00 00 0f 00 00 00 00 00 00 00 00 0f 00 00 00 00 00 00 00 00 0f 00 00 00 00 00 00 00 00 0f 00 00 00 00 00 00 00 00 0f 00 00 00 00 00 00 00 00 07 00 00 00 00  |  -78 CRC error
20:18:58.987 | 01 00 00 00 00 0f 00 00 00 00 00 00 00 00 0f 00 00 00 00 00 00 00 00 0f 00 00 00 00 00 00 00 00 0f 00 00 00 00 00 00 00 00 0f 00 00 00 00 00 00 00 00 07 80 00 00 00  |  -78 CRC error
20:18:59.019 | 02 00 00 00 00 0f 00 00 00 00 00 00 00 00 0f 00 00 00 00 00 00 00 00 0f 00 00 00 00 00 00 00 00 0f 00 00 00 00 00 00 00 00 0f 00 00 00 00 00 00 00 00 07 80 00 00 00  |  -78 CRC error
20:18:59.034 | 03 00 00 00 00 0f 00 00 00 00 00 00 00 00 0f 00 00 00 00 00 00 00 00 0f 00 00 00 00 00 00 00 00 0f 00 00 00 00 00 00 00 00 0f 00 00 00 00 00 00 00 00 0f 00 00 00 00  |  -78 CRC error
20:18:59.034 | 04 00 00 00 00 0f 00 00 00 00 00 00 00 00 0f 00 00 00 00 00 00 00 00 0f 00 00 00 00 00 00 00 00 0f 00 00 00 00 00 00 00 00 0f 00 00 00 00 00 00 00 00 0f 00 00 00 00  |  -78 CRC error
20:18:59.034 | 05 00 00 00 00 0f 00 00 00 00 00 00 00 00 0f 00 00 00 00 00 00 00 00 0f 00 00 00 00 00 00 00 00 0f 00 00 00 00 00 00 00 00 07 00 00 00 00 00 00 00 00 07 00 00 00 00  |  -78 CRC error
20:18:59.050 | 06 00 00 00 00 0f 00 00 00 00 00 00 00 00 0f 00 00 00 00 00 00 00 00 0f 00 00 00 00 00 00 00 00 0f 00 00 00 00 00 00 00 00 07 00 00 00 00 00 00 00 00 07 00 00 00 00  |  -78 CRC error
20:18:59.097 | 07 00 00 00 00 0f 00 00 00 00 00 00 00 00 0f 00 00 00 00 00 00 00 00 0f 00 00 00 00 00 00 00 00 0f 00 00 00 00 00 00 00 00 0f 00 00 00 00 00 00 00 00 0f 00 00 00 00  |  -78 CRC error
20:18:59.112 | 00 00 00 00 00 0f 00 00 00 00 00 00 00 00 0f 00 00 00 00 00 00 00 00 0f 00 00 00 00 00 00 00 00 0f 00 00 00 00 00 00 00 00 0f 80 00 00 00 00 00 00 00 07 80 00 00 00  |  -78 CRC error
20:18:59.143 | 01 00 00 00 00 0f 00 00 00 00 00 00 00 00 0f 00 00 00 00 00 00 00 00 0f 00 00 00 00 00 00 00 00 0f 00 00 00 00 00 00 00 00 0f 00 00 00 00 00 00 00 00 07 00 00 00 00  |  -78 CRC error
20:18:59.159 | 02 00 00 00 00 0f 00 00 00 00 00 00 00 00 0f 00 00 00 00 00 00 00 00 0f 00 00 00 00 00 00 00 00 0f 00 00 00 00 00 00 00 00 0f 00 00 00 00 00 00 00 00 07 00 00 00 00  |  -78 CRC error
20:18:59.159 | 03 00 00 00 00 0f 00 00 00 00 00 00 00 00 0f 00 00 00 00 00 00 00 00 0f 00 00 00 00 00 00 00 00 0f 00 00 00 00 00 00 00 00 0f 00 00 00 00 00 00 00 00 07 00 00 00 00  |  -78 CRC error
20:18:59.159 | 04 00 00 00 00 0f 00 00 00 00 00 00 00 00 0f 00 00 00 00 00 00 00 00 0f 00 00 00 00 00 00 00 00 0f 00 00 00 00 00 00 00 00 07 00 00 00 00 00 00 00 00 07 80 00 00 00  |  -78 CRC error
20:18:59.175 | 05 00 00 00 00 0f 00 00 00 00 00 00 00 00 0f 00 00 00 00 00 00 00 00 0f 00 00 00 00 00 00 00 00 0f 00 00 00 00 00 00 00 00 0f 00 00 00 00 00 00 00 00 0f 00 00 00 00  |  -78 CRC error
20:18:59.206 | 06 00 00 00 00 0f 00 00 00 00 00 00 00 00 0f 00 00 00 00 00 00 00 00 0f 00 00 00 00 00 00 00 00 0f 00 00 00 00 00 00 00 00 0f 00 00 00 00 00 00 00 00 07 00 00 00 00  |  -78 CRC error
20:18:59.237 | 07 00 00 00 00 0f 00 00 00 00 00 00 00 00 0f 00 00 00 00 00 00 00 00 0f 00 00 00 00 00 00 00 00 0f 00 00 00 00 00 00 00 00 0f 00 00 00 00 00 00 00 00 07 00 00 00 00  |  -78 CRC error
20:18:59.269 | 00 00 00 00 00 0f 00 00 00 00 00 00 00 00 0f 00 00 00 00 00 00 00 00 0f 00 00 00 00 00 00 00 00 0f 00 00 00 00 00 00 00 00 0f 00 00 00 00 00 00 00 00 07 00 00 00 00  |  -78 CRC error
20:18:59.269 | 01 00 00 00 00 0f 00 00 00 00 00 00 00 00 0f 00 00 00 00 00 00 00 00 0f 00 00 00 00 00 00 00 00 0f 00 00 00 00 00 00 00 00 07 00 00 00 00 00 00 00 00 07 80 00 00 00  |  -78 CRC error
20:18:59.269 | 02 00 00 00 00 0f 00 00 00 00 00 00 00 00 0f 00 00 00 00 00 00 00 00 0f 00 00 00 00 00 00 00 00 0f 00 00 00 00 00 00 00 00 0f 00 00 00 00 00 00 00 00 07 80 00 00 00  |  -78 CRC error
20:18:59.269 | 03 00 00 00 00 0f 00 00 00 00 00 00 00 00 0f 00 00 00 00 00 00 00 00 0f 00 00 00 00 00 00 00 00 0f 00 00 00 00 00 00 00 00 0f 00 00 00 00 00 00 00 00 07 80 00 00 00  |  -78 CRC error
20:18:59.284 | 04 00 00 00 00 0f 00 00 00 00 00 00 00 00 0f 00 00 00 00 00 00 00 00 0f 00 00 00 00 00 00 00 00 0f 00 00 00 00 00 00 00 00 0f 00 00 00 00 00 00 00 00 07 80 00 00 00  |  -78 CRC error
20:18:59.315 | 05 00 00 00 00 0f 00 00 00 00 00 00 00 00 0f 00 00 00 00 00 00 00 00 0f 00 00 00 00 00 00 00 00 0f 00 00 00 00 00 00 00 00 0f 00 00 00 00 00 00 00 00 07 80 00 00 00  |  -78 CRC error
20:18:59.347 | 06 00 00 00 00 0f 00 00 00 00 00 00 00 00 0f 00 00 00 00 00 00 00 00 0f 00 00 00 00 00 00 00 00 0f 00 00 00 00 00 00 00 00 07 00 00 00 00 00 00 00 00 07 00 00 00 00  |  -78 CRC error
20:18:59.377 | 07 00 00 00 00 0f 00 00 00 00 00 00 00 00 0f 00 00 00 00 00 00 00 00 0f 00 00 00 00 00 00 00 00 0f 00 00 00 00 00 00 00 00 0f 00 00 00 00 00 00 00 00 07 80 00 00 00  |  -78 CRC error
20:18:59.393 | 00 00 00 00 00 0f 00 00 00 00 00 00 00 00 0f 00 00 00 00 00 00 00 00 0f 00 00 00 00 00 00 00 00 0f 00 00 00 00 00 00 00 00 0f 00 00 00 00 00 00 00 00 07 80 00 00 00  |  -78 CRC error
20:18:59.393 | 01 00 00 00 00 0f 00 00 00 00 00 00 00 00 0f 00 00 00 00 00 00 00 00 0f 00 00 00 00 00 00 00 00 0f 00 00 00 00 00 00 00 00 0f 00 00 00 00 00 00 00 00 07 00 00 00 00  |  -78 CRC error
20:18:59.393 | 02 00 00 00 00 0f 00 00 00 00 00 00 00 00 0f 00 00 00 00 00 00 00 00 0f 00 00 00 00 00 00 00 00 0f 00 00 00 00 00 00 00 00 07 00 00 00 00 00 00 00 00 07 00 00 00 00  |  -78 CRC error
20:18:59.409 | 03 00 00 00 00 0f 00 00 00 00 00 00 00 00 0f 00 00 00 00 00 00 00 00 0f 00 00 00 00 00 00 00 00 0f 00 00 00 00 00 00 00 00 0f 00 00 00 00 00 00 00 00 07 00 00 00 00  |  -78 CRC error
20:18:59.456 | 04 00 00 00 00 0f 00 00 00 00 00 00 00 00 0f 00 00 00 00 00 00 00 00 0f 00 00 00 00 00 00 00 00 0f 00 00 00 00 00 00 00 00 0f 00 00 00 00 00 00 00 00 0f 00 00 00 00  |  -78 CRC error
20:18:59.471 | 05 00 00 00 00 0f 00 00 00 00 00 00 00 00 0f 00 00 00 00 00 00 00 00 0f 00 00 00 00 00 00 00 00 0f 00 00 00 00 00 00 00 00 0f 00 00 00 00 00 00 00 00 07 80 00 00 00  |  -78 CRC error
20:18:59.503 | 06 00 00 00 00 0f 00 00 00 00 00 00 00 00 0f 00 00 00 00 00 00 00 00 0f 00 00 00 00 00 00 00 00 0f 00 00 00 00 00 00 00 00 0f 00 00 00 00 00 00 00 00 07 80 00 00 00  |  -78 CRC error
20:18:59.503 | 07 00 00 00 00 0f 00 00 00 00 00 00 00 00 0f 00 00 00 00 00 00 00 00 0f 00 00 00 00 00 00 00 00 0f 00 00 00 00 00 00 00 00 0f 00 00 00 00 00 00 00 00 07 00 00 00 00  |  -78 CRC error
20:18:59.503 | 00 00 00 00 00 0f 00 00 00 00 00 00 00 00 0f 00 00 00 00 00 00 00 00 0f 00 00 00 00 00 00 00 00 0f 00 00 00 00 00 00 00 00 0f 00 00 00 00 00 00 00 00 07 80 00 00 00  |  -78 CRC error
20:18:59.503 | 01 00 00 00 00 0f 00 00 00 00 00 00 00 00 0f 00 00 00 00 00 00 00 00 0f 00 00 00 00 00 00 00 00 0f 00 00 00 00 00 00 00 00 0f 00 00 00 00 00 00 00 00 07 80 00 00 00  |  -78 CRC error
20:18:59.518 | 02 00 00 00 00 0f 00 00 00 00 00 00 00 00 0f 00 00 00 00 00 00 00 00 0f 00 00 00 00 00 00 00 00 0f 00 00 00 00 00 00 00 00 0f 00 00 00 00 00 00 00 00 07 80 00 00 00  |  -78 CRC error
20:18:59.565 | 03 00 00 00 00 0f 00 00 00 00 00 00 00 00 0f 00 00 00 00 00 00 00 00 0f 00 00 00 00 00 00 00 00 0f 00 00 00 00 00 00 00 00 07 00 00 00 00 00 00 00 00 07 80 00 00 00  |  -78 CRC error
20:18:59.596 | 04 00 00 00 00 0f 00 00 00 00 00 00 00 00 0f 00 00 00 00 00 00 00 00 0f 00 00 00 00 00 00 00 00 0f 00 00 00 00 00 00 00 00 0f 00 00 00 00 00 00 00 00 07 80 00 00 00  |  -78 CRC error
20:18:59.628 | 05 00 00 00 00 0f 00 00 00 00 00 00 00 00 0f 00 00 00 00 00 00 00 00 0f 00 00 00 00 00 00 00 00 0f 00 00 00 00 00 00 00 00 0f 00 00 00 00 00 00 00 00 07 80 00 00 00  |  -78 CRC error
20:18:59.628 | 06 00 00 00 00 0f 00 00 00 00 00 00 00 00 0f 00 00 00 00 00 00 00 00 0f 00 00 00 00 00 00 00 00 0f 00 00 00 00 00 00 00 00 0f 00 00 00 00 00 00 00 00 07 00 00 00 00  |  -78 CRC error
20:18:59.628 | 07 00 00 00 00 0f 00 00 00 00 00 00 00 00 0f 00 00 00 00 00 00 00 00 0f 00 00 00 00 00 00 00 00 0f 00 00 00 00 00 00 00 00 0f 00 00 00 00 00 00 00 00 07 00 00 00 00  |  -79 CRC error
20:18:59.628 | 00 00 00 00 00 0f 00 00 00 00 00 00 00 00 0f 00 00 00 00 00 00 00 00 0f 00 00 00 00 00 00 00 00 0f 00 00 00 00 00 00 00 00 0f 00 00 00 00 00 00 00 00 0f 80 00 00 00  |  -78 CRC error
20:18:59.643 | 01 00 00 00 00 0f 00 00 00 00 00 00 00 00 0f 00 00 00 00 00 00 00 00 0f 00 00 00 00 00 00 00 00 0f 00 00 00 00 00 00 00 00 0f 00 00 00 00 00 00 00 00 07 80 00 00 00  |  -78 CRC error
20:18:59.675 | 02 00 00 00 00 0f 00 00 00 00 00 00 00 00 0f 00 00 00 00 00 00 00 00 0f 00 00 00 00 00 00 00 00 0f 00 00 00 00 00 00 00 00 0f 00 00 00 00 00 00 00 00 07 00 00 00 00  |  -79 CRC error
20:18:59.690 | 03 00 00 00 00 0f 00 00 00 00 00 00 00 00 0f 00 00 00 00 00 00 00 00 0f 00 00 00 00 00 00 00 00 0f 00 00 00 00 00 00 00 00 0f 00 00 00 00 00 00 00 00 07 80 00 00 00  |  -78 CRC error
20:18:59.722 | 04 00 00 00 00 0f 00 00 00 00 00 00 00 00 0f 00 00 00 00 00 00 00 00 0f 00 00 00 00 00 00 00 00 0f 00 00 00 00 00 00 00 00 0f 00 00 00 00 00 00 00 00 07 00 00 00 00  |  -78 CRC error
20:18:59.752 | 05 00 00 00 00 0f 00 00 00 00 00 00 00 00 0f 00 00 00 00 00 00 00 00 0f 00 00 00 00 00 00 00 00 0f 00 00 00 00 00 00 00 00 07 00 00 00 00 00 00 00 00 07 00 00 00 00  |  -78 CRC error
20:18:59.752 | 06 00 00 00 00 0f 00 00 00 00 00 00 00 00 0f 00 00 00 00 00 00 00 00 0f 00 00 00 00 00 00 00 00 0f 00 00 00 00 00 00 00 00 0f 00 00 00 00 00 00 00 00 07 00 00 00 00  |  -78 CRC error
20:18:59.752 | 07 00 00 00 00 0f 00 00 00 00 00 00 00 00 0f 00 00 00 00 00 00 00 00 0f 00 00 00 00 00 00 00 00 0f 00 00 00 00 00 00 00 00 0f 00 00 00 00 00 00 00 00 07 00 00 00 00  |  -78 CRC error
20:18:59.752 | 00 00 00 00 00 0f 00 00 00 00 00 00 00 00 0f 00 00 00 00 00 00 00 00 0f 00 00 00 00 00 00 00 00 0f 00 00 00 00 00 00 00 00 0f 00 00 00 00 00 00 00 00 07 80 00 00 00  |  -78 CRC error
20:18:59.768 | 01 00 00 00 00 0f 00 00 00 00 00 00 00 00 0f 00 00 00 00 00 00 00 00 0f 00 00 00 00 00 00 00 00 0f 00 00 00 00 00 00 00 00 0f 00 00 00 00 00 00 00 00 07 00 00 00 00  |  -78 CRC error
20:18:59.816 | 02 00 00 00 00 0f 00 00 00 00 00 00 00 00 0f 00 00 00 00 00 00 00 00 0f 00 00 00 00 00 00 00 00 0f 00 00 00 00 00 00 00 00 0f 00 00 00 00 00 00 00 00 07 00 00 00 00  |  -78 CRC error
20:18:59.847 | 03 00 00 00 00 0f 00 00 00 00 00 00 00 00 0f 00 00 00 00 00 00 00 00 0f 00 00 00 00 00 00 00 00 0f 00 00 00 00 00 00 00 00 0f 00 00 00 00 00 00 00 00 07 00 00 00 00  |  -78 CRC error
20:18:59.862 | 04 00 00 00 00 0f 00 00 00 00 00 00 00 00 0f 00 00 00 00 00 00 00 00 0f 00 00 00 00 00 00 00 00 0f 00 00 00 00 00 00 00 00 07 00 00 00 00 00 00 00 00 07 00 00 00 00  |  -78 CRC error
20:18:59.862 | 05 00 00 00 00 0f 00 00 00 00 00 00 00 00 0f 00 00 00 00 00 00 00 00 0f 00 00 00 00 00 00 00 00 0f 00 00 00 00 00 00 00 00 0f 00 00 00 00 00 00 00 00 0f 00 00 00 00  |  -78 CRC error
20:18:59.862 | 06 00 00 00 00 0f 00 00 00 00 00 00 00 00 0f 00 00 00 00 00 00 00 00 0f 00 00 00 00 00 00 00 00 0f 00 00 00 00 00 00 00 00 07 00 00 00 00 00 00 00 00 07 00 00 00 00  |  -78 CRC error
20:18:59.877 | 07 00 00 00 00 0f 00 00 00 00 00 00 00 00 0f 00 00 00 00 00 00 00 00 0f 00 00 00 00 00 00 00 00 0f 00 00 00 00 00 00 00 00 07 00 00 00 00 00 00 00 00 07 00 00 00 00  |  -78 CRC error
20:18:59.909 | 00 00 00 00 00 0f 00 00 00 00 00 00 00 00 0f 00 00 00 00 00 00 00 00 0f 00 00 00 00 00 00 00 00 0f 00 00 00 00 00 00 00 00 0f 00 00 00 00 00 00 00 00 07 80 00 00 00  |  -78 CRC error
20:18:59.924 | 01 00 00 00 00 0f 00 00 00 00 00 00 00 00 0f 00 00 00 00 00 00 00 00 0f 00 00 00 00 00 00 00 00 0f 00 00 00 00 00 00 00 00 0f 00 00 00 00 00 00 00 00 07 00 00 00 00  |  -78 CRC error
20:18:59.956 | 02 00 00 00 00 0f 00 00 00 00 00 00 00 00 0f 00 00 00 00 00 00 00 00 0f 00 00 00 00 00 00 00 00 0f 00 00 00 00 00 00 00 00 0f 00 00 00 00 00 00 00 00 07 80 00 00 00  |  -78 CRC error
20:18:59.972 | 03 00 00 00 00 0f 00 00 00 00 00 00 00 00 0f 00 00 00 00 00 00 00 00 0f 00 00 00 00 00 00 00 00 0f 00 00 00 00 00 00 00 00 0f 00 00 00 00 00 00 00 00 07 00 00 00 00  |  -78 CRC error
20:18:59.987 | 04 00 00 00 00 0f 00 00 00 00 00 00 00 00 0f 00 00 00 00 00 00 00 00 0f 00 00 00 00 00 00 00 00 0f 00 00 00 00 00 00 00 00 0f 00 00 00 00 00 00 00 00 07 80 00 00 00  |  -78 CRC error
20:18:59.987 | 05 00 00 00 00 0f 00 00 00 00 00 00 00 00 0f 00 00 00 00 00 00 00 00 0f 00 00 00 00 00 00 00 00 0f 00 00 00 00 00 00 00 00 0f 00 00 00 00 00 00 00 00 07 00 00 00 00  |  -78 CRC error
20:19:00.003 | 06 00 00 00 00 0f 00 00 00 00 00 00 00 00 0f 00 00 00 00 00 00 00 00 0f 00 00 00 00 00 00 00 00 0f 00 00 00 00 00 00 00 00 0f 00 00 00 00 00 00 00 00 07 00 00 00 00  |  -78 CRC error
20:19:00.034 | 07 00 00 00 00 0f 00 00 00 00 00 00 00 00 0f 00 00 00 00 00 00 00 00 0f 00 00 00 00 00 00 00 00 0f 00 00 00 00 00 00 00 00 0f 00 00 00 00 00 00 00 00 07 00 00 00 00  |  -78 CRC error
20:19:00.066 | 00 00 00 00 00 0f 00 00 00 00 00 00 00 00 0f 00 00 00 00 00 00 00 00 0f 00 00 00 00 00 00 00 00 0f 00 00 00 00 00 00 00 00 07 00 00 00 00 00 00 00 00 07 00 00 00 00  |  -78 CRC error
20:19:00.081 | 01 00 00 00 00 0f 00 00 00 00 00 00 00 00 0f 00 00 00 00 00 00 00 00 0f 00 00 00 00 00 00 00 00 0f 00 00 00 00 00 00 00 00 0f 00 00 00 00 00 00 00 00 07 00 00 00 00  |  -78 CRC error
20:19:00.112 | 02 00 00 00 00 0f 00 00 00 00 00 00 00 00 0f 00 00 00 00 00 00 00 00 0f 00 00 00 00 00 00 00 00 0f 00 00 00 00 00 00 00 00 0f 00 00 00 00 00 00 00 00 07 80 00 00 00  |  -78 CRC error
20:19:00.112 | 03 00 00 00 00 0f 00 00 00 00 00 00 00 00 0f 00 00 00 00 00 00 00 00 0f 00 00 00 00 00 00 00 00 0f 00 00 00 00 00 00 00 00 0f 00 00 00 00 00 00 00 00 07 00 00 00 00  |  -78 CRC error
20:19:00.112 | 04 00 00 00 00 0f 00 00 00 00 00 00 00 00 0f 00 00 00 00 00 00 00 00 0f 00 00 00 00 00 00 00 00 0f 00 00 00 00 00 00 00 00 0f 00 00 00 00 00 00 00 00 07 80 00 00 00  |  -78 CRC error
20:19:00.112 | 05 00 00 00 00 0f 00 00 00 00 00 00 00 00 0f 00 00 00 00 00 00 00 00 0f 00 00 00 00 00 00 00 00 0f 00 00 00 00 00 00 00 00 0f 00 00 00 00 00 00 00 00 07 80 00 00 00  |  -78 CRC error
20:19:00.128 | 06 00 00 00 00 0f 00 00 00 00 00 00 00 00 0f 00 00 00 00 00 00 00 00 0f 00 00 00 00 00 00 00 00 0f 00 00 00 00 00 00 00 00 0f 00 00 00 00 00 00 00 00 07 80 00 00 00  |  -78 CRC error
20:19:00.159 | 07 00 00 00 00 0f 00 00 00 00 00 00 00 00 0f 00 00 00 00 00 00 00 00 0f 00 00 00 00 00 00 00 00 0f 00 00 00 00 00 00 00 00 0f 00 00 00 00 00 00 00 00 07 80 00 00 00  |  -78 CRC error
20:19:00.190 | 00 00 00 00 00 0f 00 00 00 00 00 00 00 00 0f 00 00 00 00 00 00 00 00 0f 00 00 00 00 00 00 00 00 0f 00 00 00 00 00 00 00 00 0f 00 00 00 00 00 00 00 00 07 00 00 00 00  |  -78 CRC error
20:19:00.221 | 01 00 00 00 00 0f 00 00 00 00 00 00 00 00 0f 00 00 00 00 00 00 00 00 0f 00 00 00 00 00 00 00 00 0f 00 00 00 00 00 00 00 00 0f 00 00 00 00 00 00 00 00 07 00 00 00 00  |  -78 CRC error
20:19:00.221 | 02 00 00 00 00 0f 00 00 00 00 00 00 00 00 0f 00 00 00 00 00 00 00 00 0f 00 00 00 00 00 00 00 00 0f 00 00 00 00 00 00 00 00 0f 00 00 00 00 00 00 00 00 07 00 00 00 00  |  -78 CRC error
20:19:00.221 | 03 00 00 00 00 0f 00 00 00 00 00 00 00 00 0f 00 00 00 00 00 00 00 00 0f 00 00 00 00 00 00 00 00 0f 00 00 00 00 00 00 00 00 0f 00 00 00 00 00 00 00 00 07 80 00 00 00  |  -78 CRC error
20:19:00.221 | 04 00 00 00 00 0f 00 00 00 00 00 00 00 00 0f 00 00 00 00 00 00 00 00 0f 00 00 00 00 00 00 00 00 0f 00 00 00 00 00 00 00 00 0f 00 00 00 00 00 00 00 00 07 80 00 00 00  |  -78 CRC error
20:19:00.269 | 05 00 00 00 00 0f 00 00 00 00 00 00 00 00 0f 00 00 00 00 00 00 00 00 0f 00 00 00 00 00 00 00 00 0f 00 00 00 00 00 00 00 00 0f 00 00 00 00 00 00 00 00 0f 00 00 00 00  |  -78 CRC error
