65535
65535
2459
1522
1284
1257
1141
1058
1095
1073
1111
1032
976
1015
1023
1036
976
957
1016
963
955
948
967
961
953
947
1048
1054
1047
1036
998
978
1007
1107
1109
1068
1071
946
957
961
1040
1023
1034
1055
1051
1043
1033
981
983
1019
1025
980
1025
969
951
1010
1026
1095
1119
965
977
1001
953
976
1027
1000
1106
1109
961
956
1066
1095
1119
964
959
952
946
965
978
1007
1034
997
978
1000
953
977
1027
1071
1106
1109
1068
1071
1022
1018
1033
1039
1043
1033
1056
1051
1019
1025
962
956
946
1018
1033
1039
1023
1119
1083
960
953
945
964
959
1022
1018
1026
1052
1046
1034
996
978
1007
1033
997
1027
1000
953
977
1068
955
1023
1018
1033
1039
1043
953
945
1026
1039
1023
1034
1046
1053
1047
953
1108
1068
1071
1107
957
961
1039
1023
1033
1056
1051
1019
1025
980
982
969
951
1009
1025
968
1118
1083
1066
1022
1018
1026
1053
1047
1034
1046
1052
1006
1033
996
961
955
945
957
1033
1039
1023
1025
981
1025
968
951
1011
1025
1095
1119
1083
959
