65535
65535
7630
4155
3729
3214
3209
3216
2699
2894
2895
2828
2726
2617
2740
2823
2769
2920
2729
2818
2760
2973
2801
2633
2718
2542
2813
2618
2619
2543
2785
2633
2558
2567
2794
2672
2956
2785
2838
2563
2931
2790
2817
2564
2566
2777
2751
2607
2580
2755
2771
2692
2588
2732
2734
2764
2593
2730
2695
2762
2574
2738
2631
2712
2530
2812
2626
2979
2540
2824
2629
3003
2564
2832
2623
2970
2790
2836
2756
2940
2575
2809
2562
2871
2773
2773
2607
2858
2751
2786
2687
2866
2722
2725
2756
2594
2728
2696
2759
2567
2731
2634
2708
2538
2688
2587
2725
2723
2760
2599
2724
2694
2767
2575
2812
2636
2901
2545
2817
2618
2969
2550
2825
2628
2731
2635
2708
2547
2739
2620
2967
2740
2827
2713
2991
2740
2832
2628
2957
2783
2838
2558
2930
2795
2812
2565
2869
2584
2788
2726
2860
2599
2788
2695
2864
2573
2802
2631
2911
2729
2812
2755
2978
2732
2822
2710
2990
2739
2826
2621
2612
2862
2752
2782
2698
2866
2724
2801
2755
2903
2543
2811
2618
2974
2548
2824
2628
2993
2564
2830
2673
2955
2580
2903
2717
2819
2765
2970
2722
2761
