65535
65535
65535
65535
65535
65535
65535
65535
65535
49909
40773
38076
29492
29882
28834
24765
25691
22438
20584
19679
18162
18910
16574
16756
16560
17144
15706
14186
14386
13892
12834
12813
12284
13241
13101
12719
12771
11430
10780
11344
10165
10723
11303
10193
9619
10167
10136
10292
9330
9581
10260
9367
9141
9867
8987
8910
9275
8420
8948
8681
9002
8051
8463
8185
8872
7747
8282
8127
7485
7969
7519
8000
8385
7133
7538
7735
7604
7030
7729
7269
7126
7369
7177
6682
7648
7459
7142
6749
6720
7156
6910
6423
6368
7350
7149
6864
6478
6669
6565
6699
6718
6807
6813
6827
6686
6640
6538
6125
6017
6028
6038
6055
6704
6696
6781
6922
6951
5921
6004
6189
6350
6319
6184
5969
5789
5796
5890
6070
6218
6214
6084
5857
5699
5707
5794
5994
6129
6124
5986
6565
6595
6496
6430
5617
5652
5640
5643
6036
6077
5832
5677
5669
5674
5632
5504
6292
6159
6126
6120
5531
5797
5810
5964
5857
5856
5727
6294
6333
5372
5404
5858
5870
5828
5908
5829
5785
5449
5993
5978
5408
5406
5663
5675
5832
5849
5458
5438
5621
5437
6210
6129
5312
5325
5780
