65535
65535
8045
6448
5124
4641
4358
3847
3884
3759
3241
3268
3041
2843
2805
2983
2529
2700
2773
2539
2532
2402
2160
2290
2059
2288
2126
1982
2098
1967
1927
2016
2165
1836
1940
1957
1821
2054
1893
1797
1965
1841
1686
1818
1786
1657
1713
1632
1714
1724
1790
1730
1596
1572
1613
1668
1564
1585
1696
1558
1762
1620
1620
1646
1498
1690
1504
1533
1617
1523
1614
1612
1576
1486
1728
1639
1464
1573
1457
1499
1561
1494
1555
1598
1565
1591
1576
1559
1570
1592
1568
1586
1564
1580
1560
1464
1518
1462
1515
1611
1419
1435
1417
1519
1512
1550
1486
1441
1476
1636
1413
1408
1529
1497
1548
1505
1440
1399
1506
1624
1408
1384
1512
1528
1546
1489
1477
1598
1497
1492
1529
1467
1426
1561
1399
1514
1478
1421
1387
1554
1375
1503
1518
1428
1412
1573
1387
1490
1509
1504
1419
1387
1549
1372
1533
1477
1463
1590
1398
1482
1518
1453
1610
1385
1497
1422
1377
1542
1371
1505
1512
1421
1406
1397
1478
1516
1456
1414
1549
1384
1503
1498
1421
1374
1541
1365
1503
1499
1486
1370
1494
1510
1417
1401
1563
1376
1479
1513
1410
1547
