1262
1367
1469
1402
1470
1420
1369
1404
1369
1579
1367
1464
1533
1518
1528
1432
1560
1462
1512
1622
1644
1513
1661
1676
1720
1634
1773
1853
1808
1868
1836
1839
1735
1922
1874
2075
1823
1953
2040
2066
2124
2143
2110
2175
2032
2067
2208
2289
2331
2464
2383
2236
2394
2436
2441
2549
2565
2735
2676
2689
2918
2600
2812
2891
2843
2953
2845
3269
3220
3265
3442
3017
3224
3184
3479
3423
3755
3595
3762
3463
3518
3939
4073
4114
3810
4181
3939
4439
4580
4478
4571
5032
4897
4654
5192
4806
5164
5401
5414
5487
5754
6125
6363
6692
6918
7004
6347
6738
6786
7427
7276
8026
7533
9086
8136
8618
9662
9156
10259
10727
10997
11918
12658
12829
14184
13449
13341
13823
16124
18155
17723
18793
21895
22230
23875
25853
29274
28209
34165
39139
41813
65535
52850
65535
65535
65535
65535
65535
65535
65535
65535
65535
65535
65535
65535
65535
65535
65535
65535
65535
65535
65535
65535
65535
65535
65535
65535
65535
65535
65535
65535
65535
65535
65535
65535
65535
65535
65535
65535
65535
65535
65535
65535
65535
65535
65535
65535
65535
65535
65535
65535
65535
65535
65535
65535
65535
65535
65535
65535
