12.225 0
12.258 0
12.193 5
12.193 15
12.193 26
12.225 33
12.225 39
12.225 43
12.225 47
12.225 50
12.225 52
12.225 54
12.225 57
12.225 57
12.225 60
12.258 60
12.225 62
12.225 63
12.225 64
12.225 64
12.225 64
12.225 65
12.225 65
12.225 65
12.225 64
12.129 65
12.225 64
12.225 64
12.225 63
12.225 64
12.225 63
12.225 64
12.225 64
12.225 65
12.225 64
12.225 65
12.225 66
12.225 66
12.225 67
12.225 66
12.225 66
12.225 67
12.225 66
12.225 67
12.225 67
12.225 66
12.225 65
12.225 66
12.225 64
12.225 64
12.225 64
12.225 64
12.225 64
12.161 63
12.225 65
12.225 64
12.225 64
12.225 65
12.225 66
12.225 66
12.225 67
12.225 66
12.225 67
12.193 67
12.225 67
12.225 67
12.225 66
12.225 67
12.225 66
12.225 65
12.225 65
12.225 65
12.225 64
12.225 64
12.225 64
12.225 64
12.225 64
12.129 64
12.225 65
12.258 65
12.225 66
12.193 65
12.225 66
12.225 67
12.225 67
12.225 67
12.225 67
12.225 66
12.225 67
12.258 66
12.225 66
12.225 65
12.29 66
12.225 64
12.225 65
12.225 64
12.225 64
12.225 63
12.225 65
12.225 64
