2615
2585
2356
2566
2487
2658
2883
2565
2843
2837
2802
3027
2762
2767
3084
3117
3181
3261
3293
3337
3143
3679
3403
3642
3596
3994
3693
3847
4019
3711
4058
3825
4014
4027
4455
4854
4517
4538
4918
4883
5051
5177
4965
5238
5700
5286
5407
5841
5970
6164
6324
6625
6282
6501
7498
6963
7495
7849
7941
8798
8864
9423
8928
9825
10726
10718
10236
11350
10928
12445
11973
13480
13493
15427
15440
17309
17373
20176
18896
22392
24222
26441
25318
29381
33181
38049
65535
48974
54823
65535
65535
65535
65535
65535
65535
65535
65535
65535
65535
65535
65535
65535
65535
65535
65535
65535
65535
65535
65535
65535
65535
65535
65535
65535
65535
65535
65535
65535
65535
65535
65535
65535
65535
65535
65535
65535
65535
65535
65535
65535
65535
65535
65535
65535
65535
65535
65535
65535
65535
65535
65535
65535
65535
65535
65535
65535
65535
65535
65535
65535
65535
65535
65535
65535
65535
65535
65535
65535
65535
65535
65535
65535
65535
65535
65535
65535
65535
65535
65535
65535
65535
65535
65535
65535
65535
65535
65535
65535
65535
65535
65535
65535
65535
65535
65535
65535
65535
65535
65535
65535
65535
65535
65535
65535
65535
65535
65535
65535
65535
65535
