1822
1910
1866
1689
1904
1738
1769
1916
1976
1869
1845
2100
2152
2224
2169
2012
2027
2067
2216
2183
2328
2109
2263
2419
2195
2362
2461
2298
2499
2423
2412
2670
2665
2537
2765
2715
2824
3091
2677
2982
3012
3066
3143
3220
3283
3273
3272
3392
3197
3296
3541
3558
3424
3657
3818
3557
3830
4047
4010
4100
3931
4284
4207
4669
4689
4340
5129
4846
4770
5120
5502
4976
5511
5332
5617
5917
6309
6566
6897
6047
6256
6827
6961
7532
7623
7323
7868
8017
8425
8176
8494
9681
10421
9928
10766
11005
11563
12554
13047
14024
13688
13858
14123
16181
18588
17807
19404
22203
19865
24233
24776
30511
28862
33711
38480
44072
65535
54788
65535
65535
65535
65535
65535
65535
65535
65535
65535
65535
65535
65535
65535
65535
65535
65535
65535
65535
65535
65535
65535
65535
65535
65535
65535
65535
65535
65535
65535
65535
65535
65535
65535
65535
65535
65535
65535
65535
65535
65535
65535
65535
65535
65535
65535
65535
65535
65535
65535
65535
65535
65535
65535
65535
65535
65535
65535
65535
65535
65535
65535
65535
65535
65535
65535
65535
65535
65535
65535
65535
65535
65535
65535
65535
65535
65535
65535
65535
65535
65535
65535
65535
