seed 4f46adc760541d68
Playbook: loading ../../gameplay/plays/test/kick_penalty.play
Playbook: loading ../../gameplay/plays/test/motion_challenge.play
Playbook: loading ../../gameplay/plays/test/their_kickoff.play
Playbook: loading ../../gameplay/plays/test/our_kickoff.play
Playbook: loading ../../gameplay/plays/test/test.play
Playbook: loading ../../gameplay/plays/test/defend_penalty.play
Playbook: loading ../../gameplay/plays/test/their_freekick.play
Playbook: loading ../../gameplay/plays/test/our_freekick.play
InputHandler Error: No such file or directory
Not using joystick controller
No controller: Auto/Running
Set trigger camera: 0
Switching to play "motion challenge"
Play "motion challenge" ended: completed 1/1
Speed: 0
0.016999 0.009862 0.001193
0.035425 0.008769 0.000536
0.050051 0.015850 0.000405
0.066609 0.007965 0.000946
0.083204 0.010183 0.000577
0.099980 0.012416 0.000825
0.116590 0.001612 0.000589
0.133199 0.009833 0.000532
0.149804 0.005300 0.000334
0.166618 0.010566 0.000306
0.183201 0.034938 0.001617
0.199832 0.005140 0.001766
0.216546 0.013005 0.000898
0.233209 0.016199 0.001099
0.249814 0.017150 0.000301
0.266544 0.007327 0.000891
0.283149 0.006939 0.000697
0.299816 0.021013 0.001330
0.316549 0.011381 0.000567
0.333173 0.005883 0.000298
0.349770 0.021544 0.001344
0.366438 0.023978 0.002063
0.383178 0.021497 0.000385
0.399805 0.004776 0.000788
0.416405 0.006805 0.000290
0.433199 0.001304 0.000151
0.449838 0.015136 0.000714
0.466420 0.005740 0.000547
0.483148 0.005690 0.000539
0.499816 0.008259 0.000232
0.516428 0.003938 0.000250
0.533163 0.013231 0.000705
0.549764 0.024919 0.000830
0.566449 0.024484 0.000410
0.583030 0.005519 0.001340
0.599767 0.022128 0.001042
0.616362 0.012303 0.000613
0.633086 0.009240 0.000929
0.653013 0.003044 0.000498
0.668800 0.013463 0.000647
0.686421 0.009513 0.001114
0.701603 0.017387 0.000479
0.716417 0.005118 0.001147
0.732986 0.008984 0.000172
0.749779 0.016510 0.000423
0.766398 0.009063 0.001268
0.783061 0.013357 0.000738
0.799600 0.010042 0.000186
0.816413 0.014047 0.000865
0.832994 0.015506 0.001272
0.850662 0.009850 0.001162
0.874070 0.016888 0.000490
0.884386 0.018134 0.000516
0.899618 0.013057 0.000804
0.916379 0.021776 0.001821
0.933600 0.020693 0.001094
0.949786 0.008762 0.001210
0.966539 0.012437 0.000772
0.983079 0.023114 0.001004
0.999768 0.020464 0.000127
1.016359 0.005142 0.000676
1.033112 0.021595 0.001253
1.049770 0.014571 0.000701
1.066388 0.020070 0.001784
1.083022 0.013056 0.001497
1.099795 0.015641 0.000672
1.116341 0.030705 0.001450
1.133139 0.012878 0.001213
1.149680 0.015488 0.001182
1.166410 0.016436 0.000186
1.182909 0.012024 0.000395
1.199973 0.010325 0.000357
1.216394 0.025815 0.001459
1.233249 0.006904 0.001631
1.249694 0.015450 0.000459
1.266488 0.005444 0.000626
1.282891 0.017091 0.001019
1.303068 0.003482 0.000975
1.318608 0.029469 0.001469
1.333600 0.031849 0.000383
1.349588 0.015448 0.000914
1.366225 0.007202 0.000243
1.382783 0.014809 0.000905
1.399431 0.022360 0.000403
1.416142 0.011476 0.000651
1.432810 0.012248 0.000461
1.449417 0.013836 0.000277
1.466158 0.008935 0.001094
1.482847 0.011747 0.000740
1.499558 0.012521 0.000475
1.516268 0.004065 0.000583
1.532846 0.005058 0.000261
1.549662 0.010866 0.000782
1.566328 0.022015 0.000856
1.582873 0.012854 0.000778
1.599398 0.004426 0.000756
1.615993 0.018708 0.000629
1.632848 0.024439 0.000291
1.649403 0.015102 0.000439
1.666007 0.005793 0.000718
1.682754 0.012641 0.000411
1.699505 0.003870 0.000820
1.716015 0.015090 0.000827
1.732773 0.024534 0.001019
1.749380 0.012930 0.000667
1.766390 0.029007 0.001771
1.782773 0.001582 0.001442
1.799839 0.007164 0.000547
1.815993 0.011731 0.000396
1.832874 0.018631 0.001421
1.849410 0.009938 0.001499
1.866000 0.003691 0.000663
1.882614 0.013397 0.000726
1.899380 0.028008 0.000912
1.916008 0.019075 0.000614
1.932628 0.026670 0.000610
1.949385 0.010112 0.001726
1.966011 0.001859 0.000743
1.982634 0.009669 0.000595
1.999362 0.020904 0.001521
2.015982 0.005414 0.000885
2.032637 0.040999 0.002162
2.049292 0.031607 0.000525
2.065966 0.024144 0.000368
2.082865 0.022895 0.000248
2.099253 0.007298 0.000665
2.116007 0.025323 0.001315
2.132610 0.028968 0.000752
2.149229 0.013046 0.001161
2.166192 0.005519 0.000662
2.186762 0.021195 0.001439
2.199468 0.014776 0.000251
2.215946 0.012823 0.000104
2.232697 0.020392 0.001539
2.249240 0.021236 0.000206
2.265821 0.021212 0.000130
2.282639 0.016186 0.000262
2.299974 0.003569 0.000693
2.315830 0.013008 0.000437
2.333056 0.006517 0.000501
2.349196 0.020404 0.001336
2.366247 0.017913 0.001695
2.382587 0.009520 0.000581
2.399445 0.020515 0.000605
2.415796 0.020509 0.000298
2.432707 0.011758 0.000352
2.449216 0.016042 0.001277
2.465793 0.012292 0.000721
2.482438 0.008026 0.000479
2.499209 0.013798 0.000973
2.515813 0.001758 0.000700
2.532435 0.046236 0.002386
2.549191 0.029451 0.000835
2.565822 0.006076 0.001511
2.582475 0.005213 0.000632
2.599178 0.003317 0.000560
2.616073 0.017123 0.001025
2.632451 0.008778 0.001395
2.649070 0.008868 0.000179
2.665782 0.014021 0.000777
2.682425 0.005909 0.000430
2.699052 0.031001 0.001389
2.715808 0.024533 0.000396
2.732624 0.019987 0.000451
2.749009 0.032809 0.001116
2.765780 0.021232 0.000390
2.782490 0.011153 0.000905
2.799069 0.032641 0.001346
2.815726 0.037014 0.000146
2.833366 0.024315 0.000620
2.849159 0.028635 0.000517
2.865936 0.004540 0.001061
2.882473 0.011998 0.000798
2.899126 0.001700 0.000393
2.915740 0.007740 0.000611
2.932395 0.024544 0.001555
2.948925 0.011570 0.000797
2.965665 0.012831 0.001187
2.982379 0.007795 0.000734
2.998945 0.010815 0.000909
3.015582 0.005219 0.000822
3.032359 0.008018 0.000670
3.048971 0.026221 0.000976
3.065653 0.002956 0.001459
3.082311 0.012423 0.000580
3.099078 0.005926 0.000991
3.115733 0.028521 0.001305
3.132321 0.011924 0.001025
3.148953 0.007942 0.000854
3.165578 0.020606 0.000581
3.182217 0.014268 0.000798
3.198934 0.008154 0.001210
3.215597 0.015428 0.000974
3.232405 0.016819 0.000330
3.248992 0.031406 0.001043
3.265721 0.025436 0.002582
3.282256 0.012671 0.001905
3.298907 0.010123 0.000414
3.315594 0.023973 0.000858
3.332304 0.007337 0.001487
3.348818 0.019779 0.001357
3.365639 0.009302 0.001390
3.382522 0.005761 0.000886
3.398990 0.012518 0.000511
3.415744 0.012406 0.000557
3.432476 0.006232 0.000866
3.448868 0.026794 0.000971
3.465823 0.022343 0.000400
3.482330 0.023164 0.001785
3.498963 0.023164 0.000000
3.515650 0.021088 0.000756
3.532206 0.022502 0.000154
3.548846 0.023675 0.000396
3.565459 0.026104 0.000385
3.582214 0.024841 0.000628
3.598942 0.018768 0.000036
3.615456 0.026324 0.001849
3.632233 0.027299 0.000595
3.648839 0.031568 0.000180
3.665576 0.021725 0.000430
3.682068 0.018044 0.000088
3.698888 0.023697 0.000582
3.715443 0.013392 0.000560
3.732293 0.011141 0.000143
3.748795 0.036392 0.002044
3.765678 0.004616 0.001838
3.782066 0.006263 0.000160
3.798800 0.016479 0.000648
3.815438 0.022310 0.001721
3.832120 0.008028 0.001442
3.848817 0.004883 0.000174
3.865464 0.015517 0.000796
3.882081 0.017012 0.001646
3.898780 0.008155 0.000523
3.915381 0.039745 0.001720
3.931070 0.001390 0.001899
3.947516 0.012960 0.000816
3.964321 0.001649 0.000500
3.980905 0.031527 0.001563
3.997551 0.009911 0.001398
4.014364 0.019067 0.001251
4.031982 0.013241 0.001956
4.048723 0.012546 0.000820
4.065295 0.014172 0.000322
4.081990 0.012907 0.000735
4.098739 0.023450 0.000579
4.115231 0.014499 0.001238
4.132086 0.013026 0.000463
4.148581 0.013561 0.000502
4.165414 0.012436 0.000127
4.181987 0.022175 0.001210
4.198723 0.039137 0.001370
4.215206 0.014338 0.002683
4.232197 0.017994 0.000797
4.248798 0.021703 0.001106
4.265597 0.005988 0.001196
4.282238 0.006175 0.000305
4.299114 0.015311 0.000940
4.315459 0.009332 0.001309
4.331956 0.013695 0.001230
4.348769 0.011707 0.000731
4.368811 0.021314 0.001504
4.382039 0.011071 0.000519
4.399085 0.009128 0.000338
4.415518 0.015278 0.000919
4.432337 0.022042 0.000397
4.448637 0.011719 0.001437
4.465523 0.024630 0.001318
4.481884 0.014090 0.000678
4.498640 0.013225 0.000908
4.515218 0.029168 0.001040
4.531881 0.010449 0.001957
4.548794 0.036860 0.002529
4.565609 0.030073 0.001105
4.583612 0.007868 0.001057
4.598508 0.015182 0.000813
4.620434 0.011001 0.001469
4.632253 0.026761 0.001935
4.652056 0.009946 0.000921
4.665273 0.015302 0.000421
4.681921 0.026139 0.000790
4.698517 0.012110 0.000724
4.715318 0.016709 0.001047
4.731849 0.011284 0.000619
4.748503 0.021024 0.000924
4.765132 0.011300 0.000596
4.781909 0.015125 0.000752
4.798591 0.016133 0.000645
4.815152 0.012169 0.000846
4.832352 0.005673 0.000296
4.848746 0.010232 0.000787
4.865109 0.003004 0.000510
4.881834 0.018580 0.000726
4.901387 0.021431 0.000134
4.915394 0.016035 0.000317
4.931857 0.014402 0.001435
4.948603 0.004180 0.000908
4.965149 0.009932 0.000519
4.981832 0.001687 0.000415
4.998866 0.008605 0.000502
5.015397 0.005661 0.000808
Speed: 10
0.016581 0.015593 0.000446
0.032935 0.013497 0.000481
0.050577 0.009486 0.000868
0.066341 0.010281 0.000948
0.084255 0.005401 0.000617
0.099675 0.006000 0.000176
0.116465 0.019931 0.000797
0.132980 0.011998 0.000472
0.149856 0.026868 0.000998
0.166312 0.081020 0.003447
0.183138 0.119175 0.002300
0.199836 0.123803 0.000953
0.216532 0.095006 0.000997
0.234792 0.129630 0.003290
0.250021 0.139737 0.002351
0.267571 0.128658 0.001183
0.283081 0.086207 0.000737
0.299538 0.078230 0.001511
0.316322 0.116670 0.003893
0.332961 0.112756 0.001455
0.349559 0.127476 0.002558
0.366322 0.153012 0.003148
0.382931 0.158371 0.002316
0.399585 0.113897 0.000226
0.416146 0.138279 0.003510
0.434064 0.143308 0.002684
0.450093 0.149026 0.002698
0.468784 0.164235 0.003098
0.483497 0.161380 0.002243
0.500584 0.113570 0.000106
0.517283 0.099697 0.001787
0.534141 0.133925 0.004039
0.549567 0.114851 0.001242
0.566182 0.098889 0.001398
0.582747 0.135031 0.004717
0.599532 0.102408 0.000608
0.616160 0.091385 0.001545
0.633124 0.086245 0.001879
0.649593 0.109226 0.003071
0.666317 0.122553 0.002426
0.682828 0.145315 0.002951
0.699603 0.129879 0.001259
0.716228 0.111259 0.001087
0.733044 0.095326 0.001496
0.749597 0.124356 0.003440
0.766262 0.118218 0.001703
0.782913 0.144075 0.003298
0.799498 0.162925 0.002993
0.816311 0.124682 0.000568
0.832797 0.078146 0.000731
0.849477 0.095468 0.003288
0.866240 0.096902 0.002049
0.882817 0.117654 0.002868
0.899466 0.116991 0.001762
0.916194 0.169623 0.004624
0.932811 0.134503 0.000119
0.949469 0.104270 0.000618
0.966204 0.092871 0.001639
0.982774 0.138340 0.004349
0.999575 0.123046 0.001319
1.016089 0.109673 0.001296
1.032890 0.120941 0.002638
1.049424 0.121175 0.001992
1.066194 0.103557 0.001411
1.082789 0.114673 0.002522
1.099556 0.100588 0.001197
1.116023 0.133996 0.003747
1.132821 0.159593 0.003212
1.149446 0.162011 0.002241
1.166071 0.125494 0.000556
1.182810 0.114801 0.001757
1.199471 0.144756 0.003839
1.216068 0.143597 0.002117
1.234004 0.117719 0.001002
1.249541 0.143065 0.003598
1.266072 0.123970 0.001251
1.282655 0.093619 0.000987
1.299412 0.099885 0.002461
1.316121 0.125966 0.003307
1.332647 0.126997 0.002034
1.349497 0.116232 0.001391
1.366029 0.125371 0.002461
1.382619 0.124334 0.002052
1.399419 0.114409 0.001511
1.416054 0.115552 0.002093
1.432694 0.139943 0.003288
1.449264 0.128555 0.001434
1.466206 0.182586 0.004935
1.483614 0.143519 0.000337
1.499596 0.112513 0.000872
1.517070 0.097761 0.001564
1.533030 0.126502 0.003624
1.550463 0.097869 0.000625
1.566094 0.109055 0.002581
1.582446 0.138407 0.003561
1.599478 0.123976 0.001177
1.616201 0.101964 0.000944
1.633902 0.116525 0.002820
1.651583 0.130623 0.002678
1.665778 0.118713 0.001370
1.682542 0.131564 0.002671
1.699121 0.140565 0.002547
1.715760 0.109633 0.000961
1.732555 0.090035 0.001072
1.749161 0.108882 0.002965
1.765695 0.110770 0.001889
1.782514 0.123822 0.002581
1.799180 0.147983 0.003155
1.816305 0.176141 0.003470
1.833554 0.127452 0.000737
1.849041 0.096741 0.000973
1.865720 0.113544 0.003082
1.882431 0.128591 0.003099
1.899072 0.111651 0.001037
1.915674 0.156691 0.004559
1.933624 0.150377 0.001707
1.951035 0.094860 0.001427
1.965676 0.091934 0.002048
1.982295 0.118864 0.003574
2.000164 0.114157 0.001764
2.015735 0.101497 0.001274
2.032274 0.161216 0.005134
2.048926 0.156397 0.001666
2.065877 0.095983 0.001656
2.083324 0.117668 0.003328
2.099902 0.122826 0.002321
2.115664 0.116269 0.001677
2.132351 0.167783 0.004743
2.149132 0.139541 0.000585
2.165745 0.122502 0.001361
2.183873 0.103153 0.001259
2.198916 0.129248 0.003546
2.215787 0.102500 0.000990
2.232280 0.102258 0.002040
2.249060 0.132928 0.003532
2.265540 0.142778 0.002446
2.282431 0.119696 0.000816
2.298892 0.112298 0.001736
2.315639 0.121900 0.002663
2.332289 0.136830 0.002788
2.349048 0.126877 0.001534
2.365499 0.164553 0.004075
2.382403 0.150351 0.001556
2.398914 0.114085 0.000605
2.415640 0.123948 0.002953
2.432283 0.102668 0.001092
2.449106 0.144646 0.004392
2.465542 0.153471 0.002473
2.482165 0.124088 0.000660
2.498924 0.096637 0.000825
2.517365 0.105584 0.002795
2.532204 0.116540 0.002555
2.548915 0.115376 0.001871
2.565502 0.173742 0.004990
2.582133 0.148654 0.000771
2.598855 0.102299 0.000212
2.615633 0.106325 0.002488
2.632090 0.128202 0.003177
2.648899 0.129741 0.002166
2.665640 0.139305 0.002558
2.682192 0.151634 0.002800
2.698841 0.120228 0.000622
2.715547 0.112835 0.001983
2.732292 0.137942 0.003505
2.748801 0.149457 0.002732
2.767530 0.139689 0.001708
2.782272 0.169218 0.003887
2.798691 0.132796 0.000630
2.817559 0.111348 0.001306
2.832143 0.114698 0.002513
2.848757 0.108155 0.001857
2.865453 0.119758 0.002692
2.882239 0.129753 0.002553
2.898763 0.128337 0.001923
2.915546 0.102520 0.000726
2.932153 0.105203 0.002202
2.948849 0.125304 0.002960
2.965389 0.134586 0.002721
2.982343 0.139913 0.002286
2.998784 0.140152 0.002207
3.015398 0.126373 0.001517
3.032113 0.135544 0.002754
3.048819 0.137588 0.002331
3.065402 0.123867 0.001493
3.082091 0.141990 0.003197
3.098816 0.141941 0.002195
3.115388 0.140489 0.002235
3.131921 0.111067 0.000760
3.148680 0.086863 0.001052
3.165249 0.108699 0.003219
3.181905 0.095803 0.001243
3.198610 0.116509 0.003107
3.216211 0.130119 0.002572
3.231865 0.126936 0.001711
3.248634 0.111484 0.001148
3.265247 0.110157 0.001923
3.281952 0.110157 0.000000
3.298461 0.118582 0.004969
3.315455 0.137211 0.003016
3.331995 0.135659 0.001936
3.348667 0.090443 0.000976
3.365383 0.081860 0.001686
3.382052 0.093219 0.002506
3.398619 0.106133 0.002468
3.415415 0.115779 0.002264
3.432004 0.149926 0.003546
3.448605 0.149284 0.001842
3.465400 0.128900 0.000997
3.482050 0.116338 0.001527
3.498545 0.125812 0.002657
3.515234 0.157273 0.003755
3.532040 0.143376 0.001430
3.548479 0.138958 0.002060
3.565042 0.108982 0.000743
3.582184 0.106576 0.002229
3.598465 0.102604 0.001896
3.615111 0.109043 0.002338
3.631830 0.125849 0.002802
3.648436 0.117746 0.001523
3.665090 0.141588 0.003200
3.681824 0.103245 0.000589
3.698437 0.197005 0.004814
3.715222 0.182838 0.000691
3.731754 0.196028 0.002828
3.748504 0.211917 0.003243
3.765259 0.157896 0.000317
3.781858 0.146266 0.002316
3.798607 0.148675 0.002905
3.815253 0.148675 0.000000
3.831772 0.128555 0.003588
3.848763 0.158710 0.004082
3.865270 0.136759 0.001325
3.881929 0.102841 0.000730
3.898535 0.103748 0.002310
3.915300 0.115451 0.002821
3.931854 0.101724 0.001281
3.948455 0.100975 0.001923
3.965186 0.145521 0.004213
3.981842 0.124878 0.001264
3.998413 0.079488 0.000796
4.015298 0.107875 0.003523
4.031803 0.111833 0.002113
4.048394 0.115209 0.001982
4.065180 0.125732 0.002402
4.081861 0.154563 0.003405
4.098359 0.114142 0.000175
4.115152 0.092316 0.001263
4.137530 0.120255 0.003492
4.149070 0.128250 0.002349
4.164907 0.143668 0.002785
4.181705 0.152260 0.002505
4.198298 0.142473 0.001845
4.214922 0.095504 0.000688
4.231797 0.103873 0.003268
4.248292 0.128416 0.002857
4.265092 0.115179 0.001278
4.281697 0.136688 0.003091
4.298492 0.147356 0.002568
4.314982 0.096385 0.000594
4.331578 0.101322 0.002375
4.348284 0.111333 0.002805
4.365163 0.111927 0.001958
4.381504 0.122915 0.002514
4.398537 0.172587 0.004564
4.414930 0.118752 0.000823
4.431778 0.111852 0.001898
4.448252 0.152881 0.004251
4.465169 0.129363 0.000982
4.481515 0.135198 0.002451
4.498571 0.124444 0.001546
4.514899 0.140396 0.003748
4.531784 0.099256 0.000660
4.548256 0.096958 0.002131
4.564957 0.095499 0.001989
4.581625 0.099247 0.002054
4.598332 0.104962 0.002420
4.614884 0.113143 0.002253
4.631550 0.133114 0.002789
4.648117 0.079162 0.001116
4.664947 0.101057 0.003228
4.681489 0.143296 0.003974
4.698235 0.115456 0.000781
4.715073 0.135962 0.003035
4.732211 0.180908 0.004067
4.748209 0.127568 0.001516
4.764759 0.146586 0.004067
4.781511 0.135520 0.001799
4.798218 0.118560 0.001410
4.814752 0.105639 0.001536
4.831673 0.117214 0.002813
4.848104 0.128959 0.002926
4.864760 0.112078 0.001381
4.881466 0.134073 0.003250
4.898083 0.134115 0.002087
4.914710 0.105876 0.000603
4.931481 0.096332 0.001752
4.951379 0.119920 0.003178
4.964981 0.133273 0.002556
4.981301 0.124143 0.001585
4.998106 0.131715 0.002373
5.014735 0.124984 0.001766
Speed: 20
0.016638 0.007170 0.000314
0.033396 0.004443 0.000250
0.050080 0.008627 0.000428
0.066582 0.006475 0.000433
0.083387 0.004394 0.000498
0.099984 0.014484 0.000972
0.116664 0.038557 0.001496
0.133362 0.114414 0.003568
0.149993 0.198984 0.004882
0.166626 0.227263 0.002483
0.184126 0.281508 0.004718
0.199915 0.335301 0.005357
0.219579 0.336782 0.003518
0.233105 0.358088 0.005192
0.252420 0.376692 0.005725
0.266520 0.336821 0.003053
0.283162 0.374114 0.007398
0.299940 0.339333 0.003703
0.316537 0.337807 0.005674
0.333153 0.333586 0.005488
0.349890 0.312092 0.004624
0.366548 0.315153 0.005783
0.383429 0.334914 0.006477
0.400188 0.356246 0.006528
0.417253 0.317855 0.003577
0.434044 0.305018 0.004920
0.451384 0.309636 0.005778
0.468586 0.324440 0.006141
0.483200 0.299245 0.003997
0.502121 0.296184 0.005101
0.516716 0.322572 0.006609
0.536577 0.330223 0.005600
0.549700 0.325351 0.004990
0.566426 0.300649 0.004141
0.583144 0.318919 0.006295
0.600055 0.340172 0.006365
0.616357 0.348779 0.005817
0.633344 0.360045 0.006024
0.649747 0.323837 0.003691
0.666966 0.348309 0.007124
0.683027 0.329682 0.005436
0.699732 0.320261 0.004180
0.717328 0.349127 0.007031
0.733084 0.323862 0.004278
0.752240 0.337214 0.006320
0.767435 0.327707 0.005054
0.785558 0.328565 0.005607
0.799991 0.366389 0.007584
0.816858 0.323758 0.003382
0.833008 0.361831 0.007669
0.851113 0.330592 0.004018
0.872772 0.327001 0.005501
0.882991 0.331640 0.006124
0.899779 0.287165 0.003701
0.916351 0.385151 0.008974
0.934158 0.342772 0.003229
0.950168 0.423170 0.007322
0.968104 0.410783 0.004720
0.982918 0.422474 0.006208
0.999681 0.388053 0.004935
1.016303 0.381751 0.004983
1.032874 0.384341 0.006520
1.049500 0.358067 0.005005
1.066235 0.339386 0.005459
1.082941 0.345974 0.006456
1.099879 0.322991 0.004846
1.116444 0.338445 0.006647
1.133038 0.318308 0.004740
1.149754 0.292683 0.005181
1.166606 0.325947 0.005893
1.183168 0.317885 0.005667
1.199864 0.342168 0.005376
1.216351 0.342112 0.005202
1.233106 0.325648 0.004563
1.250897 0.383274 0.008445
1.266319 0.379288 0.005332
1.285577 0.360140 0.004784
1.299867 0.377048 0.006905
1.318760 0.299431 0.001948
1.333088 0.320921 0.007071
1.349594 0.300838 0.004732
1.366749 0.292907 0.005128
1.383047 0.312506 0.006645
1.399641 0.312506 0.000000
1.416274 0.324214 0.011542
1.432990 0.279033 0.003378
1.449919 0.318639 0.006083
1.466302 0.331863 0.005754
1.482939 0.357780 0.006559
1.499748 0.355468 0.005150
1.516331 0.362314 0.005886
1.535056 0.334474 0.004158
1.549635 0.340714 0.006129
1.568825 0.378018 0.007646
1.582994 0.338546 0.003794
1.599571 0.348738 0.006475
1.616298 0.336426 0.005183
1.632893 0.308573 0.004331
1.649527 0.317257 0.006182
1.666257 0.347071 0.007094
1.682922 0.313694 0.004045
1.699573 0.324406 0.005544
1.716386 0.291555 0.004233
1.733041 0.338091 0.006437
1.749509 0.331597 0.004764
1.766337 0.342471 0.005840
1.783789 0.346958 0.005575
1.799508 0.345435 0.005474
1.817560 0.341746 0.005447
1.832788 0.310640 0.004019
1.852642 0.312455 0.005704
1.866340 0.337244 0.006791
1.882778 0.310870 0.004179
1.899447 0.318295 0.005899
1.916056 0.353308 0.007212
1.932836 0.324656 0.004362
1.949366 0.310965 0.004175
1.965976 0.318683 0.005838
1.982871 0.364672 0.007772
1.999562 0.336004 0.003971
2.016055 0.353047 0.006487
2.033100 0.321854 0.003969
2.049429 0.328534 0.006025
2.068412 0.353032 0.006835
2.082647 0.324337 0.004072
2.102050 0.319149 0.005419
2.116050 0.312788 0.005206
2.132729 0.310259 0.005560
2.149381 0.343764 0.007214
2.166099 0.323482 0.004410
2.182686 0.330481 0.005766
2.199424 0.308506 0.004307
2.216033 0.313699 0.005745
2.232615 0.302544 0.005508
2.249363 0.368602 0.008798
2.266918 0.285475 0.000963
2.282663 0.299722 0.006162
2.299253 0.307462 0.005949
2.317034 0.305621 0.004989
2.332553 0.328738 0.006435
2.351788 0.317125 0.004548
2.366072 0.320007 0.004966
2.383675 0.326388 0.006148
2.399173 0.335735 0.005832
2.416962 0.351476 0.006228
2.432473 0.323172 0.003998
2.449227 0.324713 0.005712
2.466605 0.366276 0.007635
2.483687 0.317194 0.002964
2.499131 0.290099 0.004212
2.516152 0.301284 0.006153
2.532529 0.311911 0.005922
2.550014 0.379084 0.008735
2.566636 0.315311 0.002269
2.582465 0.301919 0.004812
2.604003 0.344344 0.007682
2.615783 0.342207 0.004731
2.632515 0.350092 0.006537
2.649199 0.346382 0.005414
2.665766 0.329272 0.004316
2.682383 0.337109 0.006123
2.699240 0.337109 0.000000
2.716206 0.327658 0.011594
2.732642 0.321658 0.004631
2.749169 0.309434 0.004932
2.765779 0.336047 0.006133
2.782498 0.342637 0.006539
2.799138 0.342674 0.004806
2.817153 0.339842 0.005365
2.832470 0.317299 0.004451
2.851713 0.348870 0.007238
2.865836 0.333676 0.004827
2.884858 0.329614 0.005414
2.899014 0.325311 0.005343
2.916910 0.325125 0.005516
2.932320 0.323433 0.005440
2.948989 0.323981 0.005497
2.965791 0.350731 0.007170
2.982497 0.307414 0.003110
2.999009 0.292555 0.005543
3.015862 0.315714 0.005644
3.032451 0.318290 0.006071
3.049019 0.347687 0.005845
3.065821 0.334199 0.004494
3.082344 0.342102 0.005844
3.101245 0.343755 0.005589
3.115726 0.347138 0.005700
3.134908 0.355385 0.006066
3.148964 0.343585 0.005043
3.165709 0.340356 0.005595
3.182681 0.321521 0.004766
3.200285 0.299338 0.006586
3.216835 0.391385 0.005745
3.232491 0.424740 0.006291
3.249008 0.408372 0.004319
3.265406 0.409973 0.005860
3.282587 0.384626 0.004843
3.299029 0.356894 0.004829
3.315936 0.358816 0.006356
3.332107 0.381442 0.007544
3.350043 0.319878 0.003071
3.365743 0.319878 0.000000
3.384631 0.317995 0.013630
3.400345 0.293839 0.004534
3.421559 0.285529 0.005175
3.432130 0.265463 0.004462
3.448870 0.277219 0.005625
3.466923 0.334402 0.007966
3.484230 0.322140 0.004294
3.498922 0.324925 0.005662
3.515500 0.304657 0.003845
3.532083 0.323869 0.007399
3.548758 0.334185 0.005068
3.565733 0.320168 0.005611
3.582123 0.344806 0.005675
3.599379 0.353798 0.005790
3.615489 0.360722 0.005868
3.634822 0.381775 0.006778
3.648872 0.339610 0.003556
3.668127 0.356084 0.006768
3.682073 0.337948 0.004921
3.698746 0.335534 0.005701
3.715364 0.339965 0.006004
3.732096 0.323402 0.004885
3.748735 0.319950 0.005538
3.765351 0.340918 0.006656
3.782126 0.321405 0.005015
3.798733 0.321806 0.004917
3.815474 0.314523 0.005825
3.832105 0.337911 0.005688
3.848780 0.321072 0.004397
3.865315 0.339886 0.006429
3.883464 0.327132 0.004802
3.898709 0.330899 0.005688
3.917949 0.324604 0.005140
3.931993 0.331645 0.005871
3.951225 0.316105 0.004728
3.965297 0.331857 0.006244
3.981971 0.308334 0.004213
3.998685 0.305343 0.005241
4.015313 0.325167 0.006345
4.031980 0.301910 0.004258
4.048796 0.307580 0.005373
4.065351 0.317014 0.006519
4.081977 0.327308 0.004974
4.098711 0.301504 0.004432
4.115343 0.382009 0.007938
4.132134 0.370483 0.004500
4.148730 0.347810 0.004289
4.167604 0.339971 0.005248
4.181947 0.329342 0.005187
4.200530 0.320840 0.005224
4.215531 0.338731 0.006788
4.231922 0.316379 0.004336
4.248575 0.371116 0.008331
4.265266 0.319901 0.002875
4.281963 0.323245 0.005893
4.298604 0.325306 0.005600
4.315321 0.314445 0.004932
4.332002 0.327474 0.006176
4.348620 0.313590 0.005436
4.365210 0.324356 0.005064
4.381941 0.314892 0.005462
4.398552 0.311583 0.004380
4.416068 0.330589 0.006274
4.433899 0.341783 0.005937
4.451449 0.329404 0.004742
4.465286 0.339927 0.006040
4.481928 0.326432 0.004819
4.499114 0.321567 0.005260
4.515255 0.341438 0.006529
4.531853 0.309615 0.003817
4.551587 0.324462 0.006261
4.570773 0.336210 0.006070
4.581902 0.301167 0.003607
4.598528 0.302523 0.005488
4.615160 0.337311 0.007048
4.633068 0.323426 0.004528
4.648594 0.317375 0.005049
4.665247 0.337704 0.006439
4.681772 0.328721 0.005032
4.698652 0.331526 0.005527
4.715227 0.330546 0.005374
4.731811 0.324867 0.005206
4.748587 0.355510 0.007088
4.768540 0.315331 0.003385
4.781751 0.341161 0.006957
4.798353 0.349804 0.005956
4.815096 0.335296 0.004827
4.831763 0.348683 0.006380
4.848552 0.331695 0.005032
4.865092 0.338929 0.005763
4.881720 0.341630 0.006727
4.898371 0.345462 0.005014
4.915107 0.345204 0.006556
4.931730 0.403377 0.007282
4.948560 0.371692 0.003959
4.965107 0.356082 0.005166
4.984299 0.344153 0.005338
4.998935 0.328883 0.005237
5.017343 0.320068 0.005479
Speed: 30
0.016738 0.010353 0.000413
0.033350 0.027156 0.001342
0.050008 0.017772 0.000930
0.066790 0.022011 0.000882
0.083303 0.008152 0.000984
0.099984 0.013390 0.000570
0.116781 0.039836 0.001266
0.133400 0.112175 0.003905
0.152259 0.212122 0.005627
0.166640 0.311980 0.006319
0.184422 0.333235 0.003208
0.200085 0.390859 0.006253
0.216573 0.452352 0.007356
0.233231 0.506026 0.007827
0.249939 0.522000 0.006873
0.266646 0.553902 0.008459
0.283199 0.561919 0.007982
0.299956 0.556228 0.008410
0.317928 0.519933 0.006021
0.333274 0.508907 0.009717
0.350081 0.548569 0.008791
0.366549 0.501132 0.006750
0.383454 0.554777 0.009887
0.400975 0.557050 0.008742
0.416579 0.515537 0.006410
0.436507 0.503203 0.009939
0.450161 0.516475 0.007470
0.469443 0.527329 0.009101
0.483271 0.535725 0.009114
0.500043 0.522491 0.007996
0.516782 0.547320 0.010017
0.533309 0.530394 0.007934
0.549951 0.514426 0.007976
0.566793 0.523785 0.009332
0.583339 0.507477 0.007969
0.600266 0.520687 0.009381
0.617494 0.558719 0.010612
0.633534 0.541071 0.007983
0.651774 0.513644 0.007498
0.666477 0.546461 0.010360
0.685240 0.569665 0.010082
0.702327 0.541202 0.007451
0.716464 0.524904 0.008278
0.733181 0.540250 0.009784
0.749786 0.535886 0.008768
0.766390 0.548478 0.009610
0.783167 0.510850 0.008356
0.799723 0.569895 0.010322
0.816328 0.579574 0.008672
0.833094 0.550617 0.008164
0.849769 0.568206 0.009322
0.866342 0.580995 0.010945
0.882976 0.559393 0.007090
0.899647 0.524564 0.008745
0.916376 0.593804 0.010977
0.933028 0.533989 0.007801
0.949774 0.603933 0.007453
0.966431 0.648072 0.010690
0.983047 0.613097 0.007301
0.999763 0.655447 0.011612
1.016417 0.623190 0.008154
1.032977 0.569508 0.007401
1.049785 0.548064 0.008996
1.066412 0.508732 0.009962
1.083040 0.511081 0.008935
1.099757 0.545424 0.008754
1.116390 0.548354 0.008983
1.133639 0.563099 0.009709
1.149864 0.541197 0.007894
1.167542 0.502236 0.007017
1.185007 0.525907 0.010350
1.199670 0.527752 0.008919
1.218749 0.536361 0.009370
1.233093 0.534915 0.008778
1.250398 0.476341 0.007545
1.266376 0.524607 0.008660
1.282969 0.564019 0.010484
1.299570 0.543972 0.008129
1.316259 0.557672 0.009895
1.332927 0.584514 0.009890
1.349619 0.550026 0.007518
1.366938 0.597873 0.009122
1.383993 0.616246 0.010127
1.400677 0.581759 0.007514
1.417338 0.598073 0.010518
1.433971 0.561195 0.007876
1.449730 0.538319 0.009497
1.467569 0.523716 0.008659
1.482879 0.533426 0.009879
1.502087 0.511604 0.007955
1.516356 0.508920 0.007820
1.535384 0.490256 0.008774
1.549675 0.512961 0.009883
1.566398 0.555619 0.010827
1.582901 0.553165 0.008518
1.599664 0.512606 0.006670
1.616160 0.567322 0.011742
1.634952 0.524082 0.006636
1.649588 0.510819 0.008283
1.667114 0.538112 0.010216
1.684581 0.518575 0.007841
1.699437 0.540132 0.009931
1.716548 0.516742 0.007627
1.732885 0.520996 0.009126
1.751998 0.548813 0.010276
1.766233 0.554453 0.008104
1.786277 0.513328 0.007458
1.799501 0.582674 0.011159
1.816983 0.561426 0.008522
1.832758 0.568905 0.009475
1.849473 0.537345 0.007457
1.866277 0.534072 0.008976
1.885275 0.541186 0.009582
1.899412 0.559905 0.008972
1.916940 0.525706 0.008191
1.934264 0.530795 0.009376
1.949431 0.534502 0.009183
1.966836 0.522852 0.008255
1.982806 0.540811 0.009957
2.000965 0.529105 0.008156
2.016168 0.523491 0.008678
2.035330 0.525397 0.008937
2.049603 0.550788 0.009133
2.066052 0.547260 0.009209
2.087955 0.544754 0.008197
2.100529 0.564358 0.010041
2.116230 0.568534 0.009227
2.132749 0.536953 0.007525
2.149569 0.533169 0.009743
2.166125 0.560300 0.009784
2.182842 0.515952 0.007970
2.199613 0.566263 0.009498
2.216289 0.566050 0.008719
2.232776 0.582709 0.009860
2.250398 0.581993 0.009243
2.266147 0.552937 0.007760
2.285414 0.565996 0.010212
2.299560 0.574415 0.009751
2.318764 0.581145 0.009863
2.332793 0.556103 0.008086
2.349501 0.529535 0.008122
2.366200 0.511223 0.008437
2.385144 0.521732 0.009717
2.399464 0.504851 0.008323
2.416576 0.535656 0.010206
2.432786 0.527850 0.009478
2.449540 0.526787 0.007465
2.466207 0.526204 0.009918
2.482793 0.555082 0.008984
2.499471 0.530277 0.007398
2.516089 0.536736 0.009413
2.532836 0.527240 0.008273
2.549455 0.550631 0.010179
2.565947 0.524993 0.007486
2.582789 0.527831 0.009338
2.599353 0.534142 0.009107
2.616031 0.517644 0.008076
2.632708 0.534648 0.009675
2.649429 0.539038 0.009077
2.665934 0.524861 0.008085
2.682772 0.552298 0.010446
2.699319 0.550572 0.008652
2.716034 0.548289 0.009091
2.732596 0.545503 0.008718
2.749390 0.520598 0.007796
2.765887 0.557190 0.010964
2.782730 0.514943 0.006792
2.799337 0.535492 0.009920
2.816008 0.529746 0.008684
2.832555 0.502189 0.007424
2.849440 0.518208 0.009743
2.868057 0.511084 0.008267
2.882651 0.534547 0.009911
2.899307 0.522321 0.007980
2.916017 0.520450 0.008653
2.932601 0.533609 0.009457
2.949242 0.544627 0.009238
2.967523 0.552987 0.009480
2.982636 0.532181 0.007632
2.999303 0.543572 0.009592
3.015932 0.581388 0.010963
3.032821 0.508741 0.006202
3.049241 0.587859 0.010119
3.066037 0.595648 0.009079
3.084805 0.591015 0.008802
3.100117 0.608424 0.010167
3.117548 0.564615 0.007290
3.136725 0.576017 0.010171
3.149204 0.525785 0.006949
3.166575 0.544131 0.010533
3.184597 0.548132 0.009546
3.199079 0.522185 0.007859
3.215687 0.515467 0.009112
3.232426 0.507598 0.008306
3.249122 0.525943 0.010183
3.265660 0.496945 0.006998
3.282398 0.522395 0.010145
3.299039 0.534184 0.009082
3.315738 0.520755 0.008191
3.332403 0.540641 0.009551
3.349892 0.523364 0.007918
3.365541 0.565044 0.011071
3.384767 0.564143 0.008885
3.399050 0.545530 0.007975
3.418054 0.536005 0.008737
3.432256 0.509023 0.007754
3.448926 0.544583 0.010809
3.465607 0.542223 0.008826
3.482129 0.543858 0.008992
3.498980 0.535139 0.008419
3.515531 0.554450 0.010228
3.532238 0.543540 0.008576
3.548903 0.529497 0.008116
3.565575 0.522207 0.008675
3.582159 0.493945 0.007515
3.598933 0.516545 0.010022
3.615496 0.508988 0.008265
3.633644 0.537215 0.009993
3.649034 0.539079 0.008789
3.666994 0.549713 0.009237
3.682377 0.516633 0.007101
3.701254 0.550279 0.010574
3.715526 0.548336 0.008908
3.732186 0.531311 0.008015
3.748775 0.555703 0.010326
3.765403 0.550464 0.008701
3.782149 0.550221 0.009312
3.798804 0.528613 0.007678
3.815410 0.536769 0.009686
3.832163 0.536367 0.008965
3.848980 0.535830 0.009018
3.865519 0.510838 0.007607
3.882387 0.526191 0.009775
3.898786 0.506368 0.007692
3.917630 0.519012 0.009513
3.932203 0.503824 0.007801
3.949589 0.505614 0.008775
3.965452 0.517125 0.009248
3.982111 0.503705 0.007811
3.998783 0.515338 0.009099
4.015464 0.510273 0.008322
4.032058 0.522141 0.009143
4.052616 0.506382 0.007663
4.065525 0.509952 0.008844
4.084335 0.495902 0.007744
4.101606 0.474374 0.007309
4.115679 0.513856 0.010584
4.134424 0.486758 0.006850
4.150262 0.487534 0.008380
4.165922 0.500980 0.009106
4.181992 0.495173 0.007880
4.201370 0.470250 0.006931
4.215397 0.477415 0.008539
4.234535 0.507872 0.009760
4.248686 0.515643 0.008465
4.265466 0.488634 0.006871
4.282039 0.465405 0.007027
4.298677 0.611657 0.037799
4.315639 0.609551 0.008867
4.332593 0.547380 0.007119
4.348707 0.526488 0.009170
4.365430 0.490789 0.007748
4.382066 0.492397 0.008429
4.398677 0.540484 0.010352
4.415310 0.530439 0.007092
4.432045 0.558322 0.009517
4.449249 0.538725 0.007334
4.465429 0.567587 0.009897
4.485229 0.539411 0.008482
4.502086 0.516196 0.007844
4.517904 0.561946 0.010776
4.532044 0.539498 0.006750
4.548667 0.553556 0.009652
4.565284 0.552453 0.008923
4.582046 0.545907 0.008777
4.598681 0.541158 0.008815
4.615251 0.501208 0.007005
4.631908 0.525692 0.010276
4.648674 0.507552 0.007912
4.668456 0.469041 0.008086
4.682361 0.545133 0.010518
4.698679 0.547022 0.008147
4.715432 0.555959 0.009030
4.731981 0.545227 0.008104
4.748861 0.548363 0.009163
4.765338 0.557109 0.009393
4.782044 0.514304 0.006784
4.798673 0.520486 0.009351
4.816615 0.520653 0.009628
4.831881 0.533052 0.008700
4.848552 0.548274 0.009584
4.865242 0.516448 0.007175
4.881887 0.520379 0.009076
4.898484 0.519118 0.008691
4.915282 0.514272 0.008566
4.931848 0.553975 0.010738
4.948515 0.513610 0.006603
4.965217 0.527804 0.009619
4.981904 0.515865 0.008169
4.998479 0.526223 0.009247
5.017123 0.511781 0.008897
Speed: 40
0.016700 0.005946 0.000327
0.033324 0.014709 0.001104
0.049958 0.011270 0.001246
0.066709 0.015757 0.001488
0.083326 0.008269 0.001150
0.099931 0.012189 0.000220
0.116706 0.104132 0.005160
0.133337 0.189609 0.004716
0.149899 0.257863 0.004509
0.166562 0.378790 0.008158
0.183424 0.433051 0.005721
0.199942 0.574891 0.011685
0.218962 0.599788 0.006705
0.233292 0.628174 0.008337
0.251171 0.694388 0.011522
0.266609 0.690393 0.008743
0.283314 0.702986 0.010550
0.299946 0.688220 0.009704
0.318911 0.682665 0.012327
0.333165 0.668749 0.009447
0.350415 0.648152 0.009104
0.366612 0.680803 0.012897
0.384974 0.669333 0.010364
0.399996 0.693042 0.012518
0.416671 0.676643 0.010267
0.433281 0.703535 0.012618
0.450115 0.681837 0.010300
0.466820 0.703565 0.012444
0.483336 0.689926 0.010999
0.500077 0.723275 0.013012
0.516683 0.739316 0.012423
0.533238 0.767211 0.013204
0.549877 0.757986 0.011528
0.566605 0.732399 0.010837
0.583303 0.710896 0.011302
0.607325 0.712172 0.012196
0.616490 0.701361 0.012762
0.633133 0.730882 0.012188
0.649762 0.741011 0.012469
0.678053 0.762612 0.025730
0.683025 0.762612 0.000000
0.700606 0.768677 0.012458
0.715492 0.798877 0.013179
0.732118 0.775837 0.011457
0.750614 0.760535 0.011850
0.765374 0.723027 0.010793
0.785915 0.700339 0.011594
0.798809 0.721385 0.013485
0.815360 0.723851 0.012333
0.832139 0.707386 0.011412
0.849845 0.729582 0.013193
0.866458 0.723196 0.012468
0.883168 0.731512 0.012523
0.899802 0.723032 0.011665
0.916514 0.719431 0.011871
0.933233 0.726706 0.012623
0.949782 0.728255 0.011971
0.966429 0.710523 0.011130
0.983237 0.740738 0.013717
0.999911 0.762885 0.013223
1.023672 0.729791 0.010452
1.032932 0.736140 0.012653
1.049714 0.744759 0.012636
1.066328 0.738068 0.011868
1.082897 0.745639 0.012808
1.099652 0.748923 0.012474
1.116289 0.747573 0.012357
1.132852 0.749579 0.012522
1.149560 0.747235 0.012297
1.166195 0.735853 0.011886
1.182827 0.727333 0.012156
1.199670 0.699904 0.010731
1.216410 0.691148 0.011841
1.232967 0.720926 0.013580
1.249664 0.739600 0.012971
1.266406 0.726111 0.011205
1.283026 0.731412 0.012472
1.299535 0.755424 0.013291
1.316420 0.750262 0.011888
1.331863 0.740346 0.011811
1.348732 0.718282 0.010456
1.365114 0.728660 0.012749
1.382123 0.753545 0.013713
1.398483 0.752499 0.012099
1.416428 0.747962 0.012202
1.433022 0.732572 0.012308
1.449750 0.726551 0.012182
1.466302 0.732881 0.012572
1.483102 0.716952 0.011508
1.499624 0.723926 0.012541
1.516359 0.724171 0.012140
1.533123 0.709158 0.011275
1.549703 0.729586 0.013239
1.566364 0.737571 0.012333
1.582935 0.716864 0.011126
1.599736 0.729349 0.012610
1.616327 0.747745 0.013137
1.632837 0.750845 0.012353
1.649717 0.752842 0.012432
1.666279 0.749507 0.012015
1.682897 0.756985 0.012950
1.699616 0.773078 0.013226
1.716340 0.742384 0.010958
1.732837 0.741941 0.012529
1.749677 0.763782 0.013855
1.766239 0.730038 0.010582
1.782906 0.756172 0.014222
1.799507 0.756300 0.012206
1.816303 0.731204 0.011334
1.832731 0.698128 0.010763
1.849658 0.691725 0.012018
1.866254 0.730587 0.013967
1.883020 0.721623 0.011626
1.899387 0.735225 0.012629
1.916311 0.745824 0.012708
1.932742 0.739873 0.011797
1.949451 0.735570 0.012050
1.966908 0.733409 0.012038
1.984918 0.753887 0.013445
2.000091 0.748222 0.011982
2.016075 0.761349 0.013011
2.032715 0.732868 0.010977
2.049471 0.736992 0.012681
2.066021 0.748621 0.012909
2.082769 0.745041 0.012253
2.099369 0.754220 0.012797
2.116088 0.748116 0.012127
2.132730 0.734153 0.011664
2.149431 0.725382 0.012057
2.165989 0.717214 0.011809
2.182783 0.721603 0.012673
2.199379 0.758904 0.014016
2.216055 0.757478 0.012118
2.232592 0.755237 0.012233
2.249455 0.755374 0.012470
2.265995 0.746588 0.011912
2.282621 0.766519 0.013732
2.299345 0.744948 0.011416
2.316069 0.747085 0.012833
2.332608 0.734010 0.011729
2.349409 0.731108 0.012501
2.365962 0.755285 0.013431
2.382635 0.743199 0.011870
2.399363 0.732136 0.011692
2.416047 0.733973 0.012525
2.432576 0.738973 0.012581
2.449308 0.749781 0.012948
2.465980 0.725457 0.010951
2.482646 0.735053 0.013009
2.499201 0.744566 0.012732
2.516042 0.753113 0.012885
2.532600 0.746350 0.011876
2.549257 0.742874 0.012277
2.565956 0.728419 0.011624
2.582619 0.744125 0.013271
2.599211 0.742613 0.012160
2.616005 0.736826 0.012127
2.632557 0.739614 0.012485
2.649282 0.732252 0.011927
2.665782 0.739819 0.012670
2.682619 0.738558 0.012303
2.699174 0.751766 0.012892
2.715858 0.766109 0.013254
2.732571 0.737738 0.010794
2.749255 0.749824 0.013166
2.765754 0.747861 0.012375
2.782607 0.754730 0.012889
2.799195 0.734074 0.011256
2.815835 0.735986 0.012686
2.832426 0.741422 0.012630
2.849266 0.735104 0.012098
2.865794 0.744261 0.012810
2.882530 0.750016 0.012747
2.899193 0.749391 0.012168
2.915940 0.719706 0.011080
2.932478 0.721187 0.012195
2.949282 0.731143 0.012842
2.965780 0.749376 0.013150
2.982598 0.737322 0.011705
2.999229 0.725573 0.011681
3.015919 0.747920 0.013468
3.032446 0.735960 0.011574
3.049181 0.719604 0.011495
3.065805 0.715139 0.011988
3.085241 0.707915 0.011868
3.099062 0.713936 0.012268
3.115923 0.719995 0.012404
3.132913 0.720916 0.011931
3.149138 0.777919 0.037904
3.165761 0.766193 0.011261
3.182548 0.718553 0.010739
3.199078 0.681026 0.011577
3.215837 0.678008 0.012547
3.234117 0.678412 0.012520
3.249033 0.740769 0.012724
3.265648 0.725396 0.009937
3.282315 0.723651 0.011013
3.300696 0.695569 0.010902
3.315586 0.768882 0.013847
3.335809 0.720553 0.010775
3.349111 0.753064 0.010947
3.365643 0.767760 0.012498
3.382528 0.790603 0.013450
3.399109 0.798137 0.012600
3.415686 0.773194 0.011167
3.434095 0.714227 0.010601
3.448989 0.739455 0.012432
3.465609 0.736721 0.012178
3.482194 0.705348 0.010618
3.498977 0.708727 0.012573
3.515593 0.703286 0.011777
3.535436 0.649299 0.011004
3.550101 0.707265 0.012878
3.565579 0.752767 0.012817
3.584288 0.728273 0.011382
3.599131 0.750242 0.011574
3.619764 0.706736 0.011725
3.632320 0.775820 0.011687
3.648941 0.812559 0.013554
3.665603 0.798511 0.011398
3.682175 0.761027 0.010623
3.698839 0.781128 0.013820
3.715744 0.764562 0.012064
3.732276 0.726089 0.010701
3.750180 0.689402 0.011648
3.765556 0.710865 0.012435
3.782212 0.695978 0.011371
3.798854 0.655008 0.009828
3.816427 0.673417 0.013515
3.832526 0.682492 0.011606
3.848825 0.689860 0.011578
3.867857 0.674112 0.012109
3.882144 0.737793 0.012647
3.901716 0.721326 0.012062
3.915420 0.725350 0.009878
3.935407 0.690496 0.011838
3.950265 0.722067 0.011887
3.968538 0.724243 0.012839
3.983601 0.716066 0.010270
4.000425 0.717978 0.012138
4.016422 0.717210 0.011383
4.032261 0.703460 0.010633
4.048907 0.713635 0.012467
4.065496 0.704439 0.011361
4.082110 0.708080 0.012028
4.098848 0.687504 0.010789
4.116256 0.645947 0.010027
4.132126 0.684337 0.012922
4.148968 0.687620 0.011639
4.165477 0.702154 0.012021
4.182187 0.717477 0.012271
4.199009 0.718478 0.011715
4.215524 0.715375 0.011416
4.232235 0.701857 0.011091
4.248956 0.697774 0.011620
4.265487 0.711918 0.012403
4.282131 0.721144 0.012215
4.298830 0.705509 0.011015
4.315534 0.690698 0.011082
4.332135 0.705889 0.012534
4.348708 0.720058 0.012396
4.365636 0.723162 0.012114
4.382159 0.726881 0.011941
4.398709 0.728301 0.011931
4.415392 0.701238 0.010623
4.432061 0.687491 0.011273
4.451900 0.641088 0.011294
4.465583 0.742232 0.013758
4.481994 0.769868 0.012366
4.498542 0.764257 0.011227
4.515391 0.755386 0.011612
4.532006 0.754763 0.012132
4.548581 0.734033 0.011206
4.565236 0.699411 0.010535
4.581895 0.706839 0.012656
4.598549 0.701535 0.011881
4.615116 0.709045 0.012289
4.634349 0.660886 0.010820
4.648771 0.722855 0.012863
4.665201 0.718328 0.011049
4.682198 0.707408 0.011272
4.698617 0.710742 0.011720
4.715181 0.713517 0.011853
4.731951 0.714338 0.011943
4.748523 0.718768 0.011997
4.765249 0.705141 0.011179
4.781816 0.713998 0.012266
4.798635 0.722988 0.012440
4.815157 0.717870 0.011508
4.831863 0.701661 0.011140
4.848536 0.706821 0.012187
4.865256 0.706143 0.011856
4.881767 0.679648 0.010350
4.898590 0.688782 0.012381
4.915168 0.707824 0.012566
4.931970 0.691515 0.010858
4.948388 0.697545 0.011780
4.965227 0.703604 0.012065
4.981782 0.708093 0.011796
4.998495 0.721573 0.012403
5.015298 0.692941 0.010362
Speed: 50
0.016696 0.007164 0.000267
0.033281 0.006614 0.000677
0.050004 0.008479 0.000304
0.066668 0.006871 0.000737
0.083299 0.002813 0.000536
0.100066 0.017379 0.000767
0.116636 0.079716 0.003329
0.133291 0.195169 0.006314
0.150137 0.289348 0.005814
0.167183 0.424355 0.009122
0.186160 0.541169 0.009137
0.201186 0.583028 0.006860
0.216583 0.701775 0.012374
0.233239 0.769841 0.011134
0.249799 0.815352 0.011472
0.267192 0.857360 0.012746
0.283191 0.823574 0.009767
0.302142 0.817974 0.012063
0.316521 0.811477 0.012472
0.335740 0.832066 0.014084
0.349750 0.837803 0.013647
0.366624 0.842927 0.013718
0.383185 0.846675 0.013830
0.399842 0.844964 0.013763
0.416556 0.837290 0.013598
0.433222 0.863573 0.014995
0.449792 0.867281 0.014509
0.466471 0.909335 0.016123
0.483174 0.913152 0.014480
0.499853 0.875666 0.012688
0.516404 0.895897 0.015790
0.533191 0.894896 0.014563
0.551403 0.916175 0.016091
0.566368 0.916548 0.014890
0.583853 0.913293 0.014800
0.604919 0.905356 0.014654
0.616431 0.905356 0.000000
0.633151 0.912893 0.031059
0.649700 0.901288 0.014647
0.666377 0.903771 0.015261
0.682978 0.909096 0.015401
0.699781 0.912109 0.015659
0.716305 0.915137 0.014843
0.733002 0.892201 0.014086
0.749718 0.924540 0.016827
0.766401 0.941272 0.016019
0.782944 0.933569 0.014709
0.799886 0.926663 0.015185
0.816330 0.928434 0.015340
0.835349 0.928984 0.015568
0.849692 0.939014 0.015954
0.868339 0.936903 0.015469
0.886201 0.946864 0.015888
0.900084 0.927565 0.014616
0.916384 0.917945 0.015110
0.933106 0.887749 0.013964
0.949653 0.966736 0.019686
0.966502 0.936403 0.013655
0.983023 0.943456 0.015927
0.999679 0.928437 0.014887
1.016406 0.925825 0.015356
1.033130 0.908176 0.014655
1.049620 0.933261 0.016781
1.066462 0.940498 0.015859
1.083025 0.924503 0.014500
1.102927 0.928057 0.015869
1.117499 0.949768 0.016475
1.133086 0.929930 0.014509
1.149634 0.922999 0.015274
1.166372 0.927864 0.015723
1.182983 0.928315 0.015479
1.203318 0.912149 0.014902
1.219229 0.923540 0.015913
1.233258 0.933461 0.016080
1.249606 0.947263 0.016001
1.266320 0.932590 0.014875
1.282839 0.931790 0.015259
1.303311 0.935801 0.015933
1.319209 0.926249 0.014904
1.333186 0.933744 0.016074
1.349609 0.930486 0.015338
1.366357 0.934999 0.015804
1.382806 0.957822 0.016719
1.400333 0.968102 0.016214
1.416163 0.959360 0.015176
1.435490 0.947399 0.015372
1.449463 0.955976 0.016193
1.469591 0.958975 0.016138
1.483857 0.939403 0.014825
1.507401 0.920709 0.014903
1.516199 0.911193 0.015449
1.532824 0.897143 0.014827
1.549514 0.914003 0.016411
1.566227 0.941844 0.016508
1.582837 0.925688 0.014570
1.599487 0.929105 0.015647
1.616137 0.936905 0.015755
1.632802 0.936950 0.015481
1.649552 0.944880 0.015849
1.666183 0.942715 0.015440
1.682719 0.945030 0.015800
1.699558 0.937062 0.015183
1.715951 0.928105 0.015425
1.732773 0.935262 0.015926
1.749356 0.937010 0.015571
1.766065 0.924529 0.014886
1.782691 0.943858 0.016620
1.799412 0.938137 0.015317
1.815976 0.937689 0.015576
1.832854 0.926479 0.015030
1.849315 0.931157 0.015778
1.866035 0.941988 0.016107
1.882699 0.974196 0.017321
1.899538 0.946810 0.014218
1.915932 0.959151 0.016346
1.932632 0.962936 0.016201
1.949329 0.942385 0.014710
1.966016 0.924266 0.014943
1.982532 0.943037 0.016826
1.999387 0.936106 0.015363
2.015944 0.914860 0.014563
2.032631 0.918572 0.015869
2.049298 0.924195 0.015762
2.066000 0.925098 0.015563
2.082553 0.935748 0.016053
2.099472 0.920484 0.014536
2.115917 0.933250 0.016353
2.132599 0.923431 0.014828
2.149325 0.954589 0.017056
2.166057 0.945807 0.015154
2.182842 0.945963 0.015545
2.199245 0.943562 0.015552
2.219642 0.946567 0.015793
2.233061 0.935799 0.015601
2.249136 0.929952 0.015705
2.267351 0.930714 0.014976
2.282623 0.945302 0.016517
2.299272 0.941180 0.015338
2.315917 0.948421 0.016183
2.332596 0.940187 0.015581
2.349209 0.927731 0.014793
2.365929 0.945646 0.016620
2.382559 0.950938 0.015812
2.399275 0.929841 0.014836
2.415821 0.934976 0.015970
2.432709 0.934373 0.015474
2.449236 0.938922 0.015753
2.466051 0.928502 0.014926
2.482634 0.911552 0.014934
2.499540 0.891268 0.014410
2.515836 0.874571 0.014980
2.532556 0.853259 0.013713
2.549254 0.889217 0.039349
2.565952 0.884452 0.014449
2.582477 0.813848 0.012426
2.599269 0.804596 0.015318
2.615889 0.812998 0.014635
2.632559 0.833616 0.014490
2.649230 0.860130 0.014557
2.665918 0.903096 0.015512
2.682480 0.908984 0.013842
2.699313 0.908984 0.000000
2.715743 0.972170 0.032517
2.732434 0.933830 0.012997
2.749325 0.914503 0.014767
2.765928 0.920806 0.015751
2.782446 0.915613 0.014903
2.799211 0.897950 0.014480
2.815871 0.898434 0.015405
2.832552 0.893358 0.014950
2.849065 0.907599 0.015627
2.865891 0.905889 0.015026
2.882477 0.917224 0.015646
2.899140 0.909145 0.014652
2.915776 0.872105 0.013144
2.932586 0.881629 0.015773
2.949144 0.910769 0.016340
2.966155 0.909743 0.015142
2.982435 0.923699 0.015356
3.003229 0.863803 0.014779
3.015678 0.977846 0.015528
3.032791 0.972328 0.014394
3.049192 0.980045 0.015182
3.066059 0.973221 0.015222
3.082606 0.979889 0.015933
3.099242 0.936313 0.013555
3.115784 0.938162 0.015914
3.132581 0.925176 0.015264
3.149213 0.905304 0.014653
3.165949 0.895333 0.015147
3.182439 0.892967 0.015129
3.199288 0.866048 0.013992
3.215836 0.867458 0.015025
3.232623 0.857494 0.014437
3.249271 0.863144 0.014983
3.266043 0.850289 0.013992
3.282653 0.872863 0.015628
3.299382 0.854545 0.013510
3.315928 0.874693 0.015386
3.332450 0.915878 0.016434
3.349212 0.916973 0.014672
3.365867 0.919824 0.014917
3.382413 0.921106 0.014918
3.399065 0.897897 0.013869
3.415762 0.896884 0.015121
3.432471 0.896176 0.015072
3.449027 0.896159 0.014925
3.465939 0.884668 0.014602
3.482422 0.881264 0.014620
3.498947 0.865386 0.013921
3.515678 0.889589 0.016130
3.532542 0.892212 0.015038
3.548910 0.894590 0.014617
3.565911 0.868631 0.013700
3.582312 0.900196 0.016256
3.598962 0.912284 0.015344
3.615583 0.904165 0.014366
3.632369 0.890422 0.014316
3.648883 0.915361 0.016121
3.665535 0.904715 0.014409
3.682287 0.901876 0.014965
3.698978 0.887342 0.014294
3.715540 0.888508 0.014993
3.732322 0.886020 0.014942
3.748888 0.902079 0.015647
3.765532 0.897712 0.014617
3.782275 0.891459 0.014647
3.798917 0.904184 0.015562
3.815616 0.888312 0.014109
3.832189 0.888185 0.014909
3.848981 0.901850 0.015739
3.865533 0.913263 0.015428
3.882035 0.889961 0.013630
3.898907 0.881053 0.014713
3.915382 0.898466 0.015675
3.932124 0.885098 0.014251
3.948780 0.896003 0.015447
3.965547 0.880134 0.014114
3.982017 0.905517 0.016066
3.998674 0.899427 0.014495
4.015397 0.890522 0.014504
4.032130 0.884760 0.014703
4.048602 0.890023 0.014987
4.065439 0.901837 0.015622
4.082021 0.908410 0.015131
4.098907 0.903559 0.014873
4.115387 0.913797 0.015359
4.132041 0.932135 0.016010
4.148635 0.919727 0.014469
4.165678 0.904564 0.014795
4.181996 0.911546 0.015291
4.198629 0.917046 0.015492
4.215269 0.895843 0.014072
4.232037 0.875629 0.014214
4.248594 0.886287 0.015516
4.265265 0.884567 0.014837
4.282008 0.890448 0.015259
4.298642 0.890542 0.014815
4.315237 0.912377 0.015921
4.332010 0.915322 0.015130
4.348834 0.915607 0.015151
4.365317 0.933361 0.015843
4.382076 0.926083 0.014879
4.398594 0.920148 0.014837
4.415228 0.910710 0.014815
4.431899 0.902143 0.014889
4.448557 0.892526 0.014729
4.465239 0.910339 0.016113
4.481858 0.910188 0.015124
4.498625 0.881055 0.013635
4.515208 0.907446 0.016381
4.531858 0.922913 0.015924
4.548576 0.912742 0.014569
4.565239 0.887514 0.013829
4.581815 0.913368 0.016395
4.598651 0.913368 0.000000
4.615202 0.913368 0.000000
4.632059 0.915809 0.044786
4.648419 0.939677 0.016127
4.665226 0.924831 0.014555
4.681837 0.922451 0.015170
4.698481 0.901809 0.014259
4.715177 0.904761 0.015525
4.731836 0.942803 0.017227
4.748460 0.900079 0.012983
4.765249 0.910124 0.015995
4.781834 0.935452 0.016491
4.798462 0.947150 0.015869
4.815209 0.886761 0.012409
4.831853 0.906451 0.016448
4.848417 0.908952 0.015271
Speed: 60
0.003899 0.021278 0.000000
0.020237 0.021295 0.000400
0.036816 0.024966 0.000760
0.053935 0.025672 0.000239
0.070245 0.017133 0.000287
0.086885 0.017133 0.000000
0.103432 0.037667 0.001911
0.120151 0.097017 0.005914
0.136784 0.268146 0.007449
0.153555 0.401798 0.007651
0.170146 0.522247 0.008846
0.186743 0.672546 0.011830
0.204426 0.799835 0.011940
0.221324 0.873802 0.011966
0.237799 0.893691 0.010854
0.254521 0.893691 0.000000
0.271366 1.009161 0.028120
0.288046 1.063233 0.016404
0.304603 1.056348 0.014428
0.321367 1.048306 0.015279
0.338023 1.016614 0.014708
0.354966 0.959621 0.014428
0.371567 0.976819 0.016314
0.388051 1.002585 0.016663
0.405012 1.035084 0.018181
0.421525 1.027292 0.016066
0.437778 1.014946 0.016273
0.454579 1.037616 0.017873
0.471049 1.050534 0.018176
0.488147 1.011356 0.015566
0.504625 1.069912 0.020123
0.521139 1.072421 0.017253
0.537636 1.044786 0.016067
0.555412 1.042391 0.017203
0.572067 1.099750 0.020489
0.587840 1.081383 0.016700
0.604396 1.068795 0.017022
0.621080 1.104732 0.019566
0.637782 1.088849 0.017243
0.654508 1.105041 0.018774
0.671160 1.085136 0.019104
0.687704 1.071252 0.017155
0.704385 1.118262 0.020703
0.721038 1.088318 0.016314
0.737703 1.076945 0.017995
0.754381 1.084710 0.019890
0.771063 1.071939 0.017796
0.787820 1.088444 0.019337
0.804267 1.106516 0.017881
0.821295 1.167052 0.017512
0.838024 1.171411 0.018460
0.854391 1.192241 0.019691
0.871394 1.183242 0.018526
0.887818 1.163781 0.018120
0.904517 1.143468 0.018239
0.921132 1.170357 0.020869
0.937996 1.141409 0.017724
0.954385 1.110052 0.017584
0.970969 1.118512 0.019686
0.987730 1.121252 0.019083
1.004379 1.074437 0.018442
1.021360 1.051815 0.018587
1.037710 1.117342 0.017518
1.054359 1.158033 0.020109
1.071222 1.160030 0.018452
1.087761 1.155392 0.018361
1.104441 1.150015 0.018510
1.121196 1.158235 0.019509
1.137848 1.159266 0.019108
1.156923 1.152829 0.018772
1.171795 1.131806 0.018157
1.190780 1.142781 0.019625
1.204361 1.147195 0.019431
1.220827 1.112343 0.018074
1.239734 1.106568 0.019233
1.255362 1.065323 0.019769
1.272507 1.182504 0.018201
1.287591 1.200182 0.018710
1.304301 1.195132 0.018249
1.320906 1.196188 0.019237
1.337587 1.175141 0.018170
1.354226 1.168940 0.019087
1.371200 1.150629 0.018642
1.388002 1.146798 0.019269
1.404601 1.153968 0.019628
1.421368 1.145831 0.018981
1.438295 1.138860 0.018777
1.454352 1.109133 0.017669
1.472778 1.126583 0.020031
1.487650 1.092953 0.017119
1.504114 1.107467 0.019501
1.520933 1.109613 0.018859
1.537689 1.130683 0.019737
1.554210 1.149716 0.019500
1.570797 1.183502 0.020648
1.587542 1.173110 0.018283
1.604164 1.180458 0.019527
1.620754 1.167588 0.018722
1.637527 1.170702 0.019511
1.654154 1.151720 0.018475
1.673555 1.132931 0.018508
1.687429 1.134925 0.019379
1.704101 1.078791 0.019689
1.720668 1.126633 0.018232
1.737385 1.109534 0.019053
1.754318 1.172251 0.018485
1.770921 1.192936 0.019768
1.787506 1.202705 0.019327
1.804907 1.196980 0.018937
1.821284 1.137372 0.018099
1.837233 1.137802 0.019613
1.853933 1.149078 0.019602
1.879111 1.119078 0.018945
1.887218 1.166947 0.018573
1.904266 1.175588 0.020677
1.920615 1.206863 0.018603
1.937272 1.167034 0.017156
1.954004 1.198395 0.021005
1.970810 1.164552 0.017869
1.987268 1.141348 0.018311
2.003909 1.091633 0.017334
2.020682 1.128594 0.020675
2.037376 1.144247 0.019775
2.053898 1.136591 0.018482
2.070684 1.140325 0.019256
2.087428 1.080328 0.021449
2.104515 1.269494 0.018025
2.120668 1.269941 0.017279
2.137311 1.224715 0.016116
2.153916 1.257167 0.040733
2.170657 1.210590 0.017190
2.187484 1.126526 0.016788
2.204046 1.090928 0.018456
2.220807 1.056189 0.017923
2.237293 1.042969 0.017772
2.253892 1.063111 0.018980
2.270549 1.065509 0.017789
2.287300 1.081155 0.018462
2.304194 1.102223 0.019119
2.320509 1.088602 0.016832
2.337564 1.107148 0.019539
2.353842 1.098903 0.017257
2.370473 1.122097 0.019525
2.387131 1.095906 0.016887
2.404231 1.096380 0.018865
2.420573 1.093283 0.017817
2.438825 1.082253 0.019407
2.453865 1.075843 0.016137
2.470608 1.092088 0.019137
2.487099 1.115324 0.019190
2.503855 1.108046 0.017893
2.520459 1.093055 0.017448
2.537131 1.099704 0.018696
2.553852 1.100091 0.018408
2.570544 1.084849 0.017519
2.587110 1.103583 0.019220
2.603749 1.093438 0.017713
2.620514 1.105227 0.019029
2.637318 1.093446 0.017804
2.653745 1.072065 0.016929
2.670774 1.080395 0.019100
2.687048 1.080544 0.017736
2.703678 1.086760 0.018383
2.720465 1.090418 0.018406
2.738052 1.046666 0.016649
2.753960 1.062325 0.017957
2.771252 1.060846 0.018430
2.787130 1.085552 0.018219
2.804173 1.073824 0.017536
2.820373 1.070504 0.017192
2.837585 1.093259 0.019689
2.854037 1.093478 0.017715
2.872668 1.046894 0.017361
2.888654 1.078035 0.018759
2.903626 1.142232 0.019067
2.921420 1.109606 0.017168
2.937754 1.107092 0.017688
2.954462 1.112506 0.018620
2.970394 1.113294 0.017592
2.987427 1.084222 0.017245
3.004267 1.086470 0.018713
3.021528 1.076652 0.018420
3.037532 1.099035 0.018615
3.053796 1.090513 0.017266
3.070944 1.067633 0.017465
3.092981 1.002404 0.019560
3.103672 1.146342 0.015978
3.120962 1.167870 0.018063
3.136958 1.208029 0.018754
3.153742 1.195789 0.017557
3.170406 1.186170 0.018300
3.186946 1.174853 0.018394
3.203649 1.158055 0.018472
3.220330 1.118162 0.017288
3.236873 1.108034 0.018599
3.253569 1.045693 0.015784
3.272159 1.014131 0.019208
3.287896 1.052073 0.019001
3.303650 1.056984 0.017056
3.320356 1.064515 0.018164
3.337004 1.071838 0.018063
3.353681 1.087066 0.018555
3.370540 1.096780 0.018532
3.386987 1.085815 0.017123
3.403741 1.082730 0.017977
3.420421 1.095995 0.018760
3.437156 1.101246 0.018419
3.453646 1.112650 0.018578
3.470455 1.097185 0.017557
3.487004 1.083828 0.017479
3.503748 1.108860 0.019690
3.520301 1.094279 0.017367
3.537610 1.075334 0.017999
3.553759 1.057615 0.016750
3.570414 1.070803 0.018805
3.587173 1.072767 0.018176
3.605980 1.041092 0.018367
3.620109 1.108696 0.018068
3.636722 1.095932 0.016878
3.653556 1.105484 0.018566
3.670114 1.129092 0.019138
3.685875 1.143460 0.018004
3.706906 1.068118 0.018093
3.719145 1.068118 0.000000
3.738535 1.079228 0.036533
3.752524 1.152525 0.018508
3.769160 1.157089 0.018291
3.788270 1.111240 0.018270
3.804812 1.083064 0.016980
3.821639 1.039058 0.016362
3.835969 1.103735 0.018636
3.852410 1.145620 0.020088
3.869199 1.145620 0.000000
3.885787 1.175547 0.037572
3.902463 1.155620 0.017759
3.919287 1.155620 0.000000
3.935849 1.143416 0.036145
3.952444 1.100853 0.016670
3.970251 1.060744 0.018004
Speed: 70
0.018625 0.011294 0.001427
0.032681 0.011426 0.000218
0.049377 0.017057 0.000443
0.067031 0.012469 0.000169
0.083039 0.013337 0.001153
0.103535 0.025309 0.002133
0.116618 0.088032 0.003468
0.132974 0.187575 0.006516
0.149375 0.301880 0.005418
0.166186 0.414167 0.007163
0.182924 0.570866 0.010969
0.199528 0.646825 0.008721
0.215988 0.781313 0.013307
0.231649 0.860495 0.012889
0.248309 0.921632 0.013097
0.265036 0.972774 0.014436
0.281638 1.043228 0.016447
0.298531 1.096279 0.017126
0.314978 1.118652 0.016305
0.331736 1.092900 0.015036
0.348260 1.104679 0.017614
0.365130 1.168521 0.017447
0.381524 1.207988 0.020095
0.398240 1.160122 0.015671
0.414852 1.200300 0.020590
0.431464 1.157905 0.016888
0.448116 1.187068 0.020986
0.464944 1.177922 0.018869
0.482563 1.141951 0.018898
0.499615 1.167365 0.020655
0.516032 1.164464 0.019602
0.533357 1.206526 0.021615
0.548258 1.173951 0.016802
0.564979 1.200589 0.020438
0.582493 1.230176 0.021079
0.599177 1.255255 0.021401
0.616146 1.244117 0.019257
0.632925 1.192477 0.021443
0.649363 1.287043 0.019970
0.665256 1.327374 0.021836
0.683117 1.326467 0.020516
0.698555 1.320544 0.021033
0.714910 1.333352 0.021544
0.732209 1.337527 0.021817
0.748241 1.315057 0.020721
0.764896 1.298285 0.021102
0.781587 1.284105 0.021132
0.798246 1.256016 0.020718
0.816186 1.275133 0.023001
0.832591 1.272447 0.020304
0.849288 1.262817 0.021186
0.865984 1.201577 0.017986
0.881563 1.297676 0.026022
0.898989 1.281841 0.021459
0.919356 1.299140 0.020422
0.931523 1.295778 0.020978
0.948467 1.308849 0.022090
0.967181 1.322935 0.022132
0.982701 1.295417 0.020155
0.998234 1.291089 0.021585
1.014743 1.310634 0.022539
1.031962 1.298471 0.021338
1.048253 1.300696 0.021537
1.065018 1.293746 0.021427
1.081450 1.326695 0.023061
1.098347 1.325637 0.022341
1.114873 1.310677 0.020440
1.131557 1.220619 0.022976
1.148678 1.302067 0.021236
1.165371 1.382964 0.021867
1.181377 1.413053 0.021998
1.198057 1.413863 0.022168
1.214861 1.375978 0.020185
1.231499 1.363999 0.022856
1.247964 1.365370 0.021929
1.264820 1.344609 0.021652
1.281369 1.320302 0.021455
1.298014 1.328001 0.022994
1.314605 1.304565 0.021133
1.331407 1.296325 0.021719
1.349855 1.280926 0.022015
1.368339 1.261131 0.021839
1.382551 1.301052 0.023614
1.399017 1.314948 0.022113
1.417758 1.294749 0.020546
1.432419 1.305521 0.022403
1.449325 1.338079 0.023466
1.468364 1.336302 0.021513
1.487669 1.273798 0.021996
1.499152 1.334980 0.020410
1.515753 1.334536 0.023093
1.534584 1.369282 0.022500
1.548905 1.366384 0.021266
1.565679 1.331611 0.021856
1.582288 1.280811 0.023103
1.598080 1.462184 0.021223
1.614945 1.488954 0.022204
1.632527 1.441551 0.020841
1.648080 1.475089 0.022975
1.664733 1.466118 0.022710
1.681159 1.445840 0.022733
1.697839 1.397969 0.021359
1.714542 1.343911 0.020972
1.735028 1.335088 0.023232
1.747797 1.312066 0.021862
1.764590 1.269107 0.020538
1.781791 1.281736 0.023308
1.797941 1.289360 0.022738
1.814551 1.249981 0.023134
1.831392 1.316211 0.020458
1.847845 1.356455 0.023594
1.866758 1.388014 0.022802
1.881103 1.377378 0.041113
1.897955 1.339964 0.020734
1.914597 1.286474 0.020205
1.931194 1.243875 0.020736
1.947838 1.226786 0.020967
1.964555 1.228830 0.021222
1.983571 1.188255 0.020939
2.000334 1.197865 0.020792
2.017384 1.226126 0.022025
2.033758 1.221393 0.019653
2.050337 1.251505 0.021831
2.068262 1.251594 0.021926
2.084787 1.249380 0.020208
2.099009 1.316808 0.020690
2.115505 1.317790 0.020442
2.132480 1.323215 0.021685
2.149020 1.336999 0.021898
2.165561 1.332332 0.021185
2.182227 1.305001 0.020470
2.198891 1.271483 0.020123
2.215497 1.277977 0.022072
2.232126 1.236424 0.019414
2.249041 1.238580 0.021859
2.267048 1.181855 0.019650
2.282601 1.238095 0.022110
2.298802 1.259601 0.021006
2.315424 1.271904 0.021139
2.335658 1.205467 0.020771
2.348800 1.335758 0.021597
2.365523 1.352710 0.021102
2.382318 1.338818 0.020294
2.398984 1.311271 0.019977
2.415609 1.298244 0.020922
2.432242 1.308421 0.022195
2.448832 1.287406 0.020499
2.465639 1.243378 0.019543
2.482179 1.241408 0.021254
2.498789 1.270558 0.022712
2.515487 1.237728 0.019439
2.532232 1.228234 0.020686
2.548948 1.243609 0.021783
2.565333 1.273389 0.021993
2.582825 1.252301 0.020703
2.598849 1.247121 0.019822
2.615281 1.254549 0.021020
2.632161 1.272554 0.022091
2.648633 1.289367 0.021550
2.665547 1.263918 0.019995
2.682063 1.273576 0.021450
2.702431 1.209051 0.021631
2.715798 1.310507 0.020925
2.735904 1.267673 0.021579
2.748836 1.347124 0.019416
2.765402 1.365836 0.021537
2.781944 1.381592 0.021969
2.800176 1.326302 0.020544
2.815340 1.321171 0.019812
2.831995 1.305495 0.021226
2.848644 1.286173 0.020981
2.865286 1.294004 0.022275
2.881815 1.290279 0.021411
2.903152 1.181413 0.020475
2.915277 1.330450 0.020775
2.932121 1.365111 0.022089
2.948595 1.363404 0.020515
2.965494 1.352560 0.021159
2.982041 1.372334 0.022736
2.998793 1.327868 0.019863
3.015463 1.301419 0.020897
3.032202 1.289024 0.021633
3.048761 1.284469 0.021622
3.065773 1.262648 0.021095
3.082075 1.259512 0.020986
3.099934 1.219156 0.020730
3.115562 1.238463 0.020749
3.132239 1.272608 0.022708
3.148705 1.285389 0.021295
3.165734 1.292531 0.021840
3.182132 1.295614 0.021014
3.197441 1.340119 0.021757
3.213953 1.342148 0.021316
3.233065 1.265943 0.020169
3.249544 1.270030 0.021600
3.267976 1.270030 0.000000
3.285475 1.242649 0.043854
3.298869 1.283043 0.018600
3.317986 1.244644 0.021558
3.334776 1.339333 0.026113
3.348429 1.464468 0.022847
3.368126 1.360435 0.018115
3.381772 1.408427 0.020188
3.398450 1.426891 0.023095
3.415052 1.396457 0.020900
3.431732 1.358695 0.020952
3.448410 1.347832 0.022415
3.465121 1.316459 0.021254
3.481686 1.304875 0.021909
3.498554 1.275980 0.021136
3.515127 1.271235 0.021745
3.532048 1.263770 0.021766
3.548437 1.283915 0.022278
3.565315 1.266647 0.020798
3.584648 1.213001 0.021588
Speed: 80
0.010991 0.004985 0.000467
0.027715 0.012210 0.000381
0.044326 0.004503 0.000459
0.060916 0.006703 0.000528
0.077674 0.008173 0.000478
0.094343 0.032454 0.002006
0.110971 0.125799 0.005261
0.127677 0.234010 0.006137
0.144292 0.333911 0.006582
0.160955 0.430601 0.007429
0.177514 0.529401 0.008774
0.194293 0.660496 0.011886
0.210883 0.796094 0.013820
0.227543 0.901371 0.013592
0.244216 0.993859 0.015064
0.260887 1.042367 0.014485
0.277490 1.109081 0.016954
0.294338 1.184191 0.019115
0.311028 1.199700 0.016947
0.328102 1.202430 0.017656
0.344431 1.235921 0.020013
0.361110 1.235469 0.018944
0.377620 1.258135 0.020546
0.394326 1.217358 0.017907
0.411021 1.237648 0.021132
0.427696 1.253126 0.021034
0.444228 1.303777 0.023140
0.461064 1.285209 0.019798
0.477593 1.293243 0.021223
0.494346 1.311102 0.022408
0.510983 1.349200 0.023017
0.527651 1.338586 0.021315
0.544277 1.329054 0.021150
0.561071 1.380693 0.024777
0.577653 1.384118 0.022576
0.594447 1.371924 0.021586
0.610990 1.392248 0.023504
0.628015 1.438761 0.025724
0.644565 1.390105 0.020509
0.661277 1.388653 0.022793
0.677681 1.423998 0.025501
0.694641 1.448051 0.024022
0.710019 1.415731 0.021910
0.726638 1.469542 0.024326
0.743210 1.492584 0.025318
0.759949 1.500281 0.023936
0.776558 1.462214 0.022606
0.793242 1.472626 0.024711
0.809835 1.508306 0.026388
0.826654 1.483407 0.022970
0.843172 1.468040 0.024172
0.859933 1.448506 0.023462
0.876573 1.487293 0.026671
0.893369 1.471359 0.023565
0.911312 1.445166 0.023340
0.926549 1.449115 0.024340
0.945147 1.484046 0.026368
0.960783 1.486037 0.024350
0.977426 1.460867 0.024682
0.994177 1.479519 0.025666
1.010831 1.505597 0.025762
1.027434 1.468959 0.022728
1.044133 1.480972 0.025317
1.060743 1.480971 0.026559
1.077440 1.495712 0.023498
1.094086 1.415448 0.023468
1.110783 1.517134 0.025272
1.127411 1.517428 0.027152
1.144068 1.563687 0.023263
1.161504 1.563176 0.024567
1.177416 1.568087 0.025408
1.196640 1.553921 0.024876
1.210857 1.533935 0.024529
1.230507 1.551904 0.026579
1.244019 1.520653 0.024125
1.260703 1.510367 0.025122
1.277415 1.508973 0.025517
1.294028 1.504939 0.025244
1.310457 1.529589 0.026598
1.327324 1.515060 0.024468
1.343866 1.432940 0.023635
1.360532 1.522272 0.025961
1.377218 1.492843 0.026415
1.393862 1.566058 0.024395
1.410587 1.557016 0.024286
1.427381 1.577362 0.026176
1.445130 1.565817 0.024990
1.460618 1.545717 0.024638
1.477084 1.507116 0.023865
1.493861 1.531608 0.026907
1.510486 1.510280 0.024344
1.527077 1.490438 0.024451
1.543884 1.495863 0.025766
1.560485 1.508541 0.026846
1.577235 1.517968 0.024526
1.593871 1.432171 0.023854
1.610534 1.524743 0.025088
1.627150 1.495395 0.026141
1.643750 1.611420 0.026211
1.660611 1.638546 0.026129
1.677266 1.638985 0.025437
1.696099 1.603870 0.024373
1.710506 1.591407 0.025661
1.727114 1.509331 0.044326
1.743746 1.428926 0.021890
1.760647 1.374565 0.023707
1.777105 1.357942 0.024159
1.793878 1.361914 0.024541
1.810500 1.382852 0.024322
1.827257 1.392640 0.023586
1.843725 1.433968 0.024784
1.860496 1.443557 0.023764
1.877124 1.451725 0.023936
1.893893 1.440060 0.023124
1.910456 1.458533 0.024637
1.927147 1.469390 0.024554
1.943756 1.480520 0.024548
1.960509 1.485867 0.024624
1.977086 1.453806 0.022586
1.993844 1.451778 0.024476
2.010340 1.475191 0.025367
2.027244 1.442678 0.022955
2.043705 1.425421 0.023168
2.060461 1.428116 0.024504
2.076955 1.413561 0.023062
2.093871 1.418807 0.024599
2.110309 1.434952 0.024347
2.127102 1.441196 0.024311
2.143709 1.419893 0.022647
2.160558 1.411424 0.023664
2.176922 1.417603 0.023691
2.193762 1.425579 0.024381
2.210329 1.433990 0.023990
2.227158 1.439260 0.024233
2.243670 1.448118 0.024035
2.260446 1.431760 0.023148
2.276965 1.434233 0.023884
2.293714 1.435862 0.024129
2.310282 1.458625 0.024951
2.327109 1.455048 0.024010
2.343544 1.424370 0.022134
2.360454 1.402685 0.023274
2.376888 1.446168 0.025860
2.393665 1.438165 0.023554
2.410294 1.428989 0.023354
2.427079 1.433455 0.024311
2.443780 1.436793 0.024107
2.460294 1.440754 0.023881
2.477014 1.422800 0.023053
2.493705 1.437970 0.024749
2.510146 1.449082 0.024134
2.527037 1.437271 0.023612
2.543551 1.418521 0.022761
2.560307 1.452424 0.025861
2.576928 1.438331 0.023098
2.593654 1.437726 0.024023
2.610170 1.449032 0.024345
2.627045 1.465377 0.025153
2.643507 1.469946 0.024024
2.660267 1.453606 0.023470
2.676785 1.448068 0.023742
2.693656 1.445841 0.024400
2.710130 1.438945 0.023545
2.726929 1.444648 0.024638
2.743505 1.442325 0.023849
2.760291 1.475496 0.026039
2.776729 1.478258 0.023931
2.793629 1.457621 0.023537
2.810119 1.494926 0.026047
2.826905 1.508233 0.025280
2.843466 1.484471 0.023244
2.860238 1.470182 0.024121
2.876732 1.476201 0.024770
2.893523 1.468233 0.024407
2.910086 1.450287 0.023547
2.926867 1.487569 0.026690
2.943364 1.487569 0.000000
2.960263 1.486628 0.048341
2.976835 1.459483 0.023106
2.993482 1.482329 0.025797
3.010274 1.518578 0.026676
3.026882 1.470188 0.022177
3.043332 1.486261 0.025281
3.060219 1.500812 0.025808
3.076711 1.487517 0.023769
3.093494 1.455546 0.023261
3.109939 1.473415 0.025304
3.126725 1.458005 0.024030
3.143335 1.485727 0.025973
3.160120 1.447857 0.022730
3.176681 1.520246 0.028214
3.193461 1.476844 0.022381
3.209963 1.462407 0.023793
3.226865 1.453816 0.024529
3.243317 1.440346 0.023608
Speed: 90
0.016883 0.014375 0.000199
0.033231 0.023824 0.000926
0.050147 0.008375 0.000835
0.066656 0.005868 0.000541
0.083490 0.008889 0.000294
0.099975 0.007031 0.000435
0.116878 0.045764 0.001991
0.133285 0.127895 0.005006
0.150175 0.248216 0.006788
0.166635 0.418378 0.010165
0.183391 0.561579 0.010166
0.199904 0.647476 0.008945
0.216805 0.763937 0.012231
0.233222 0.881736 0.014144
0.249954 0.998502 0.015876
0.266658 1.087062 0.016319
0.283394 1.127495 0.015606
0.299873 1.189955 0.018427
0.316738 1.236936 0.018785
0.333294 1.249134 0.018391
0.350118 1.264865 0.019435
0.366843 1.242791 0.019372
0.383497 1.312363 0.022125
0.399972 1.346617 0.021946
0.416566 1.349980 0.021092
0.433258 1.390521 0.023485
0.450058 1.384479 0.021438
0.466491 1.384141 0.022471
0.483286 1.415513 0.024015
0.499845 1.436478 0.023862
0.516516 1.438147 0.023247
0.533067 1.465761 0.024862
0.549889 1.461596 0.023369
0.566453 1.471824 0.024509
0.583093 1.485647 0.024846
0.599854 1.511631 0.025445
0.616717 1.523488 0.025079
0.633060 1.530455 0.025272
0.650027 1.536781 0.026761
0.666467 1.553270 0.024407
0.683466 1.560881 0.025558
0.699830 1.560348 0.025729
0.716526 1.545438 0.026346
0.733077 1.574224 0.026245
0.749748 1.588999 0.025610
0.766469 1.590761 0.026183
0.783374 1.613707 0.027286
0.799747 1.594053 0.025234
0.816777 1.609277 0.027306
0.833051 1.591035 0.026898
0.850000 1.626736 0.026758
0.866497 1.570984 0.027264
0.883123 1.682541 0.027309
0.899706 1.641959 0.027429
0.916477 1.713125 0.026251
0.933369 1.724047 0.027441
0.949743 1.730183 0.027804
0.966329 1.715494 0.027213
0.983099 1.677793 0.026135
0.999738 1.675528 0.028189
1.016373 1.656683 0.027170
1.033002 1.659746 0.028070
1.049713 1.657388 0.027804
1.066274 1.629009 0.026449
1.083070 1.622733 0.027263
1.099665 1.670088 0.029891
1.116340 1.616992 0.027311
1.133033 1.642749 0.025775
1.149750 1.589909 0.027939
1.166279 1.710440 0.028417
1.183101 1.735331 0.028061
1.199688 1.734665 0.027379
1.216843 1.746021 0.028505
1.232877 1.768541 0.029486
1.249767 1.733476 0.026663
1.266311 1.727967 0.028680
1.283198 1.707386 0.027629
1.299657 1.686739 0.027544
1.316542 1.680630 0.028559
1.332890 1.694221 0.029124
1.349892 1.665797 0.026786
1.366266 1.618024 0.027322
1.382998 1.676352 0.029135
1.399520 1.666195 0.027120
1.416288 1.671144 0.028017
1.432853 1.678901 0.028305
1.449545 1.691054 0.028312
1.466578 1.667023 0.029055
1.482942 1.709223 0.027336
1.499871 1.662247 0.026961
1.516335 1.649258 0.028245
1.532911 1.742369 0.029558
1.549588 1.788067 0.030063
1.566305 1.777231 0.027796
1.582928 1.739878 0.026867
1.599565 1.727215 0.028157
1.616298 1.614996 0.044009
1.632874 1.571419 0.025783
1.649602 1.538661 0.027201
1.666185 1.516664 0.026048
1.682973 1.545553 0.028159
1.699540 1.591838 0.028268
1.716352 1.583626 0.025492
1.732891 1.574412 0.025163
1.749780 1.601466 0.027835
1.766157 1.638740 0.027598
1.782969 1.625724 0.025924
1.799553 1.623498 0.026566
1.816232 1.651382 0.028288
1.832778 1.638685 0.026129
1.849567 1.616147 0.026109
1.866186 1.630176 0.027787
1.882839 1.630263 0.027074
1.899532 1.606850 0.025945
1.916237 1.621082 0.027908
1.932808 1.619840 0.026804
1.949727 1.578616 0.025226
1.966169 1.589545 0.027116
1.982893 1.604991 0.027658
1.999537 1.632246 0.028061
2.016255 1.598658 0.025027
2.032918 1.599536 0.026859
2.049482 1.607693 0.027027
2.066157 1.612309 0.026971
2.082878 1.604447 0.026413
2.099376 1.625044 0.027571
2.116195 1.638282 0.027732
2.132772 1.620149 0.025822
2.149497 1.627086 0.027469
2.166072 1.621819 0.026600
2.182836 1.611922 0.026674
2.199390 1.611018 0.026827
2.216123 1.595433 0.026270
2.232731 1.579841 0.025981
2.249706 1.580446 0.027304
2.265994 1.592778 0.026652
2.283206 1.564161 0.025850
2.299344 1.585955 0.026737
2.316062 1.597531 0.027057
2.332729 1.622524 0.027732
2.349484 1.619190 0.026477
2.366324 1.612819 0.026593
2.382802 1.633806 0.027544
2.399370 1.615455 0.025695
2.416041 1.633425 0.027876
2.432579 1.645430 0.027372
2.449448 1.620936 0.026101
2.465945 1.631996 0.027456
2.482688 1.651345 0.028257
2.499346 1.621029 0.025547
2.516038 1.618630 0.027118
2.532716 1.620152 0.027216
2.549458 1.622911 0.027325
2.566138 1.604380 0.026067
2.582677 1.601338 0.026668
2.599348 1.633412 0.028602
2.616023 1.640616 0.027280
2.632543 1.607089 0.025019
2.649316 1.630870 0.028496
2.665903 1.663361 0.028589
2.682684 1.647292 0.026443
2.699171 1.645271 0.026894
2.715989 1.606138 0.025486
2.732563 1.606138 0.000000
2.749242 1.616286 0.056455
2.765784 1.666240 0.029583
2.782602 1.632437 0.025624
2.799128 1.640680 0.027498
2.816020 1.628189 0.027001
2.832459 1.642438 0.027638
2.850985 1.587991 0.027074
2.865697 1.685929 0.028458
2.882488 1.695672 0.027705
2.899096 1.712253 0.028266
2.915723 1.714546 0.027712
2.932489 1.724583 0.028655
2.949129 1.717947 0.027785
2.965713 1.687377 0.026748
2.982408 1.654630 0.026734
Speed: 100
0.016511 0.012802 0.000000
0.033154 0.009643 0.000410
0.049713 0.002161 0.000452
0.066342 0.008703 0.000363
0.083112 0.016118 0.000313
0.099840 0.048299 0.001728
0.116364 0.052906 0.001937
0.132946 0.183140 0.007109
0.149684 0.280640 0.006133
0.166403 0.377239 0.006839
0.183011 0.507402 0.009680
0.199871 0.641928 0.011395
0.216350 0.787304 0.013512
0.232972 0.911454 0.014341
0.249984 1.008983 0.014920
0.266307 1.099306 0.016576
0.282962 1.181578 0.017867
0.300180 1.227874 0.019538
0.316352 1.279925 0.019448
0.333678 1.275391 0.017900
0.349506 1.334189 0.022277
0.367247 1.408824 0.024014
0.382965 1.382142 0.019375
0.399898 1.418362 0.023831
0.416426 1.450696 0.023630
0.433471 1.490328 0.022371
0.449478 1.529498 0.025248
0.466410 1.557352 0.025464
0.483119 1.575810 0.025440
0.500472 1.561228 0.024396
0.516318 1.559261 0.025077
0.537039 1.569024 0.026039
0.549849 1.571315 0.025857
0.568592 1.607400 0.027828
0.582803 1.626339 0.026804
0.599454 1.612068 0.025789
0.616077 1.639365 0.028028
0.633176 1.655740 0.027384
0.649924 1.656436 0.027065
0.666126 1.682694 0.028602
0.682790 1.713680 0.029147
0.699462 1.726196 0.028110
0.716064 1.722166 0.027714
0.732790 1.728023 0.028365
0.749430 1.728578 0.028655
0.766083 1.759955 0.030083
0.783413 1.757349 0.028643
0.799457 1.762409 0.029117
0.818449 1.760045 0.029180
0.832738 1.781632 0.030054
0.851888 1.751536 0.027882
0.866029 1.775792 0.030115
0.882801 1.780169 0.029719
0.899422 1.789621 0.029938
0.916113 1.802154 0.030112
0.932627 1.789208 0.029438
0.949409 1.790245 0.029373
0.965983 1.806006 0.030979
0.983092 1.814148 0.029922
0.999383 1.805628 0.029460
1.016232 1.833180 0.031343
1.032927 1.838991 0.030512
1.049485 1.835531 0.029994
1.066309 1.831051 0.030090
1.082918 1.828737 0.030436
1.099437 1.808375 0.029356
1.116181 1.818906 0.030885
1.132795 1.834325 0.031389
1.149384 1.829574 0.030024
1.166172 1.826379 0.030134
1.182928 1.844466 0.031507
1.199356 1.853693 0.030829
1.216123 1.867360 0.031679
1.232786 1.860686 0.030111
1.249613 1.880943 0.031815
1.266006 1.894557 0.031545
1.283100 1.878137 0.030409
1.299445 1.837021 0.028969
1.316250 1.834482 0.030907
1.332872 1.856152 0.032234
1.349871 1.843634 0.030209
1.366075 1.836876 0.030408
1.382916 1.854200 0.031858
1.399394 1.867516 0.031417
1.416175 1.878845 0.031436
1.432799 1.893620 0.031829
1.450774 1.888450 0.030819
1.467285 1.890735 0.031635
1.482998 1.868524 0.030034
1.499492 1.836318 0.049138
1.516088 1.814900 0.029758
1.532784 1.776116 0.029298
1.549396 1.767406 0.030527
1.566392 1.735622 0.029119
1.582731 1.745474 0.029628
1.599467 1.750967 0.029633
1.616051 1.761521 0.029464
1.632775 1.787531 0.030498
1.649322 1.797232 0.029762
1.666111 1.782655 0.028837
1.682686 1.797904 0.030212
1.699376 1.820690 0.030895
1.716064 1.790601 0.028245
1.732743 1.783166 0.029563
1.749290 1.811283 0.031135
1.766240 1.809205 0.030300
1.782698 1.791998 0.028708
1.799355 1.768058 0.028726
1.815920 1.797975 0.031300
1.832766 1.783824 0.029390
1.849382 1.777295 0.029403
1.865976 1.743799 0.027895
1.882821 1.782039 0.032032
1.899357 1.777229 0.029067
1.915937 1.789443 0.030075
1.932726 1.781995 0.029430
1.949276 1.783223 0.029528
1.966051 1.759140 0.028646
1.982675 1.758276 0.029598
1.999949 1.734781 0.029327
2.015882 1.743811 0.028546
2.032735 1.742068 0.029522
2.049283 1.758865 0.029853
2.067357 1.721371 0.029462
2.082466 1.782726 0.029264
2.100128 1.774302 0.030174
2.115749 1.802531 0.028786
2.133355 1.760056 0.028586
2.149304 1.788794 0.029633
2.165976 1.772970 0.028618
2.182488 1.772200 0.029219
2.199342 1.765275 0.029505
2.215756 1.746777 0.028139
2.233305 1.732556 0.030276
2.250514 1.719922 0.029594
2.267985 1.673123 0.027980
2.282437 1.768349 0.029313
2.300233 1.739999 0.028745
2.319162 1.673052 0.028643
2.332402 1.858550 0.030420
2.350241 1.835220 0.028379
2.367578 1.826109 0.029598
2.382571 1.856274 0.028022
2.399121 1.878065 0.030713
2.415782 1.871251 0.029828
2.432452 1.867360 0.030365
2.449217 1.823784 0.028625
2.465684 1.815632 0.029986
2.482492 1.785740 0.029311
2.499095 1.737837 0.027846
2.515782 1.724367 0.029460
2.532420 1.747485 0.030889
2.549145 1.744774 0.029403
2.565724 1.773518 0.030714
2.582517 1.767702 0.029201
Speed: 110
0.014292 0.012672 0.000264
0.033454 0.016166 0.000529
0.047596 0.004950 0.000983
0.067729 0.011027 0.000732
0.081303 0.001624 0.000697
0.097647 0.020281 0.001144
0.114377 0.081197 0.003261
0.130988 0.160860 0.004514
0.147581 0.283235 0.007854
0.164472 0.447092 0.009602
0.182098 0.543008 0.008183
0.197660 0.642499 0.009061
0.214342 0.784743 0.013571
0.231010 0.905513 0.014267
0.247884 1.044590 0.017328
0.264237 1.132269 0.016471
0.281167 1.226794 0.018809
0.297647 1.304934 0.019865
0.314337 1.355636 0.020055
0.330884 1.403737 0.021479
0.348131 1.355112 0.017753
0.365005 1.399969 0.023544
0.383883 1.456078 0.024602
0.399356 1.498587 0.025842
0.414450 1.515089 0.023187
0.431390 1.480487 0.024600
0.447725 1.565900 0.024729
0.466386 1.544655 0.026103
0.482853 1.666667 0.026761
0.497606 1.695707 0.026683
0.514166 1.703349 0.026267
0.533431 1.625676 0.028875
0.547440 1.873969 0.027985
0.566699 1.800808 0.028500
0.579660 2.336822 0.026336
0.596277 2.543673 0.030865
0.612984 2.596505 0.029414
0.629668 2.535604 0.028705
0.647042 2.432456 0.030260
0.664002 2.240153 0.029937
0.680793 2.096725 0.029819
0.697436 1.961279 0.030123
0.714213 1.842695 0.030220
0.730757 1.774583 0.031125
0.747586 1.736078 0.031585
0.764038 1.717480 0.030881
0.781543 1.577861 0.031418
0.797378 1.870291 0.031425
0.816349 1.957225 0.031814
0.830797 2.027890 0.032314
0.849923 2.047009 0.031409
0.863914 2.071655 0.032459
0.880706 2.064895 0.031943
0.897262 2.061020 0.032966
0.913954 1.954368 0.032427
0.930693 2.062473 0.032083
0.949717 2.055373 0.032914
0.965023 2.052960 0.033097
0.981972 2.024741 0.032249
0.997320 2.002842 0.032899
1.013963 1.979547 0.032179
1.031656 1.992865 0.034175
1.047520 2.003062 0.034052
1.063956 1.969227 0.031556
1.080550 1.988132 0.034260
1.097314 1.979254 0.032844
1.113907 1.999307 0.034190
1.130608 1.998591 0.032922
1.147277 1.981107 0.032635
1.163958 1.997465 0.033816
1.180542 2.023072 0.034343
1.197157 2.033311 0.033934
1.213927 2.052175 0.034656
1.230613 2.035365 0.032365
1.247205 2.025553 0.033570
1.263961 2.036992 0.034073
1.280531 2.019081 0.032849
1.297148 1.992160 0.032529
1.315222 2.026092 0.035281
1.332247 1.883005 0.033698
1.347354 2.041417 0.033490
1.363977 2.078245 0.033898
1.381259 2.129250 0.035415
1.397291 2.150916 0.034882
1.413904 2.150980 0.031697
1.430630 2.133605 0.033074
1.447311 2.105551 0.053011
1.463956 2.052910 0.032504
1.480727 1.951452 0.029889
1.497334 1.917426 0.032923
1.513997 1.866922 0.031246
1.530687 1.833968 0.031169
1.547317 1.823427 0.031481
1.563919 1.839856 0.032183
1.580769 1.870267 0.033112
1.597369 1.878084 0.031214
1.616404 1.820390 0.031834
1.631097 1.913298 0.031587
1.647348 1.975053 0.033152
1.666339 1.906536 0.031129
1.680781 1.992980 0.031315
1.699632 1.934112 0.031948
1.714091 2.005899 0.031039
1.730406 2.043361 0.033302
1.747169 2.033712 0.032191
1.763794 2.007443 0.031649
1.780591 1.984180 0.032307
1.797128 1.971786 0.032372
1.814076 1.919966 0.031004
1.833203 1.836150 0.032919
1.850377 1.795155 0.031135
1.864264 1.908788 0.031136
1.884989 1.833344 0.033267
1.904107 1.740005 0.029795
1.913840 2.232561 0.032594
1.930419 2.363070 0.032420
1.947336 2.380715 0.030981
1.963826 2.374535 0.032397
1.980506 2.303623 0.031509
1.997269 2.201577 0.031327
2.014446 2.090384 0.032035
2.030448 2.030057 0.032018
2.048343 1.919631 0.032498
2.063891 1.924240 0.032614
2.080559 1.879567 0.031583
2.097314 1.832244 0.030893
2.113833 1.811662 0.031120
2.130573 1.835604 0.033233
2.147124 1.863103 0.032533
2.163747 1.871107 0.031461
2.180634 1.889564 0.032509
2.196954 1.926875 0.032463
2.213821 1.933736 0.032074
2.230208 1.941585 0.031491
2.247118 1.944585 0.032437
2.263568 1.941523 0.031434
2.280268 1.932947 0.031732
2.296951 1.938833 0.032523
2.313676 1.920752 0.031375
2.330166 1.940754 0.032891
2.347018 1.950855 0.033054
2.363576 1.928032 0.030846
2.380269 1.945723 0.033313
2.396921 1.952793 0.032612
2.413646 1.948031 0.032180
Speed: 120
0.016707 0.015668 0.000568
0.033402 0.002407 0.000646
0.050065 0.005428 0.000419
0.066609 0.011877 0.000805
0.085972 0.009419 0.000213
0.100003 0.012937 0.000256
0.116717 0.015716 0.001018
0.133235 0.126860 0.006081
0.150396 0.242602 0.006758
0.169916 0.375601 0.008455
0.183159 0.466438 0.007123
0.200013 0.601717 0.011111
0.216479 0.733356 0.012368
0.233317 0.938940 0.017963
0.250038 1.066209 0.016037
0.266588 1.116472 0.014225
0.283262 1.156874 0.015892
0.299997 1.261352 0.021052
0.316911 1.340678 0.021183
0.333171 1.431895 0.023177
0.350073 1.457322 0.021331
0.366600 1.496689 0.023264
0.383530 1.522400 0.023738
0.399841 1.575462 0.026126
0.416827 1.609580 0.025790
0.433182 1.622126 0.025713
0.453715 1.637288 0.026252
0.466475 1.640164 0.026545
0.483183 1.658481 0.027202
0.499736 1.689117 0.028269
0.516530 1.710260 0.028159
0.533091 1.744499 0.030474
0.559833 1.780108 0.028803
0.566423 1.754125 0.028703
0.583214 1.728350 0.030537
0.599746 1.884861 0.030215
0.616421 1.941334 0.031338
0.633110 1.946685 0.030256
0.649806 1.962878 0.031056
0.666390 2.002267 0.033301
0.683146 1.993611 0.031399
0.699780 1.984848 0.031880
0.716446 2.008512 0.033506
0.732997 2.008124 0.032964
0.749769 1.976190 0.031295
0.766408 1.999177 0.034214
0.783027 2.002236 0.033605
0.799749 1.991367 0.032346
0.821357 2.004475 0.034241
0.833057 2.011152 0.033295
0.849848 2.031496 0.034783
0.866398 2.068314 0.034753
0.883127 2.067690 0.034076
0.899787 2.100702 0.035269
0.916508 2.096662 0.033843
0.932998 2.099192 0.034674
0.949747 2.093841 0.034359
0.966398 2.089845 0.034300
0.983327 2.109493 0.035949
0.999623 2.109880 0.034757
1.016534 2.109269 0.034820
1.032987 2.121984 0.035849
1.049894 2.128342 0.035308
1.066394 2.119261 0.034625
1.083233 2.116839 0.035348
1.099668 2.175789 0.038322
1.116536 2.173824 0.035191
1.132973 2.166927 0.035555
1.149743 2.173681 0.036019
1.166213 2.200510 0.037516
1.183072 2.167674 0.034222
1.199607 2.132162 0.034262
1.216337 2.187722 0.039056
1.233100 2.192373 0.036419
1.249753 2.170973 0.034915
1.266427 2.136651 0.034355
1.283135 2.137475 0.036453
1.299695 2.190070 0.038651
1.316438 2.172040 0.034799
1.332999 2.129745 0.033956
1.349755 2.085440 0.055439
1.366236 2.094029 0.036030
1.383068 2.078046 0.035062
1.399616 2.004676 0.031540
1.416375 2.012118 0.035306
1.432890 2.040782 0.035242
1.449805 2.023121 0.033358
1.466203 2.038404 0.033885
1.482977 2.076661 0.036042
1.499636 2.103009 0.035149
1.516574 2.136456 0.036578
1.532859 2.124345 0.033105
1.549767 2.110965 0.034642
1.566223 2.112039 0.034638
1.583059 2.086976 0.034084
1.599493 2.096662 0.035072
1.616347 2.095298 0.035306
1.632888 2.121283 0.036073
1.649644 2.111038 0.034639
1.666195 2.109377 0.034774
1.682958 2.085093 0.034078
1.699507 2.077957 0.034481
1.716363 2.093848 0.036221
1.732868 2.080257 0.033836
1.749591 2.056448 0.033730
1.766378 2.048762 0.034598
1.782993 2.056100 0.034845
1.799604 2.058464 0.034439
1.816205 2.079675 0.035350
1.832905 2.074612 0.034208
1.849631 2.076314 0.034642
1.866038 2.092583 0.034805
1.882947 2.071648 0.033914
1.899465 2.094213 0.035474
1.916124 2.068627 0.033261
1.932816 2.041058 0.033262
1.949567 2.034275 0.034360
1.966055 2.026805 0.033603
1.982784 2.051194 0.035624
1.999431 2.059277 0.034479
2.016147 2.057055 0.034117
2.032711 2.083131 0.035342
2.049678 2.069741 0.034158
2.066022 2.072446 0.033861
2.083212 2.065226 0.035139
2.099458 2.067852 0.033685
2.116317 2.075641 0.035222
2.132693 2.096142 0.034897
2.149480 2.096127 0.034770
2.166057 2.128785 0.036190
2.182851 2.103679 0.033730
2.199317 2.098913 0.034333
2.216167 2.112527 0.036113
2.232724 2.098156 0.034035
2.249436 2.095239 0.034993
2.266097 2.112566 0.035935
2.282976 2.086545 0.034069
Speed: 127
0.016727 0.004497 0.000269
0.033269 0.026541 0.001668
0.049999 0.016197 0.002053
0.066611 0.011797 0.000527
0.083215 0.027732 0.001144
0.100030 0.012225 0.000909
0.116619 0.066904 0.003026
0.133215 0.105408 0.002735
0.149844 0.332720 0.008267
0.166598 0.514924 0.009351
0.183268 0.641429 0.008503
0.199863 0.731205 0.009303
0.216613 0.849935 0.011750
0.233246 0.949994 0.014627
0.249902 1.059172 0.016289
0.266730 1.160632 0.018056
0.283234 1.250981 0.019100
0.299914 1.262512 0.017036
0.316652 1.324598 0.020943
0.333251 1.369653 0.021429
0.349865 1.448614 0.024218
0.366497 1.490859 0.023374
0.383237 1.511214 0.023317
0.399827 1.547563 0.025105
0.416481 1.603165 0.026749
0.433373 1.639544 0.026521
0.449877 1.656012 0.026279
0.466579 1.707685 0.028724
0.483223 1.754668 0.029056
0.499985 1.788687 0.029299
0.516644 1.780417 0.028104
0.533352 1.876278 0.029799
0.549999 1.926146 0.031406
0.566588 1.924237 0.029763
0.583109 1.942596 0.031250
0.599820 1.936517 0.031509
0.616457 1.988712 0.033532
0.633090 1.964483 0.030980
0.649845 1.972407 0.032159
0.666460 1.983993 0.033111
0.683069 2.018744 0.034138
0.699975 2.011675 0.032880
0.716466 2.051949 0.034724
0.733207 2.058842 0.033752
0.749681 2.077127 0.034611
0.766561 2.066534 0.033433
0.783082 2.117940 0.036257
0.799751 2.105430 0.034238
0.816420 2.142642 0.036068
0.833160 2.153019 0.035441
0.849690 2.139886 0.034383
0.866390 2.173954 0.037307
0.883037 2.152204 0.035925
0.899744 2.118843 0.036302
0.916439 2.200949 0.035068
0.933118 2.243832 0.037845
0.949668 2.270171 0.037704
0.966381 2.242623 0.034840
0.983054 2.273107 0.038284
0.999731 2.255381 0.036416
1.016273 2.242582 0.036496
1.033024 2.246485 0.037683
1.049822 2.186492 0.037107
1.066376 2.270672 0.038062
1.083099 2.272315 0.036897
1.099657 2.285842 0.038481
1.116267 2.276824 0.036569
1.133003 2.292267 0.038663
1.149604 2.204681 0.036324
1.166273 2.280227 0.038759
1.182879 2.268476 0.038987
1.199649 2.236789 0.036783
1.216300 2.240958 0.037429
1.232975 2.280575 0.039529
1.249671 2.288697 0.037951
1.266266 2.293437 0.037785
1.282949 2.307616 0.038621
1.299707 2.288825 0.037295
1.316352 2.311052 0.038875
1.333044 2.330045 0.039260
1.349687 2.323411 0.037979
1.366332 2.328777 0.038818
1.382930 2.376518 0.057499
1.399554 2.334071 0.036705
1.416286 2.272914 0.036118
1.432950 2.187273 0.034479
1.449555 2.164070 0.037046
1.466284 2.100813 0.034417
1.482895 2.073500 0.035290
1.499558 2.069362 0.035920
1.516308 2.104505 0.037625
1.532899 2.099455 0.034866
1.549560 2.120789 0.036325
1.566305 2.170645 0.037962
1.583011 2.165875 0.035164
1.599532 2.186642 0.036376
1.616244 2.205262 0.036879
1.632917 2.222002 0.036950
1.649562 2.231699 0.036776
1.666143 2.228308 0.036216
1.682888 2.244988 0.037817
1.699579 2.231823 0.036271
1.716144 2.204007 0.035408
1.732933 2.196689 0.036902
1.749501 2.197307 0.036702
1.766182 2.223620 0.038201
1.782814 2.215899 0.036267
1.799549 2.198417 0.036042
1.816228 2.203362 0.037093
1.832985 2.238464 0.038809
1.849618 2.197232 0.034551
1.866385 2.188421 0.036648
1.882860 2.231854 0.038618
1.899875 2.131659 0.032109
1.916194 2.176189 0.038208
1.933143 2.218434 0.039246
1.949554 2.178676 0.033796
1.966378 2.188742 0.037411
1.982824 2.196266 0.036413
1.999474 2.215704 0.037474
2.016143 2.205762 0.036053
2.032859 2.199390 0.036449
2.049628 2.180037 0.035901
2.066187 2.227901 0.038893
2.082774 2.207198 0.035344
2.099479 2.211142 0.037029
2.116293 2.162609 0.034491
2.132827 2.168938 0.036752
2.149653 2.140231 0.035360
2.166160 2.199106 0.039006
2.182894 2.157673 0.034159
2.199450 2.201350 0.038308
2.215994 2.201350 0.000000
2.232960 2.201350 0.000000
2.249511 2.218616 0.108585
