seed edbe610dfd4e71aa
Playbook: loading ../../gameplay/plays/test/kick_penalty.play
Playbook: loading ../../gameplay/plays/test/motion_challenge.play
Playbook: loading ../../gameplay/plays/test/their_kickoff.play
Playbook: loading ../../gameplay/plays/test/our_kickoff.play
Playbook: loading ../../gameplay/plays/test/test.play
Playbook: loading ../../gameplay/plays/test/defend_penalty.play
Playbook: loading ../../gameplay/plays/test/their_freekick.play
Playbook: loading ../../gameplay/plays/test/our_freekick.play
InputHandler Error: No such file or directory
Not using joystick controller
No controller: Auto/Running
Set trigger camera: 0
Switching to play "motion challenge"
Play "motion challenge" ended: completed 1/1
Speed: 0
0.016637 0.011248 0.000341
0.033278 0.009260 0.000311
0.050017 0.015001 0.000482
0.066561 0.007023 0.001015
0.083248 0.007496 0.000782
0.099886 0.005500 0.000298
0.116464 0.012049 0.000406
0.133086 0.006051 0.000765
0.149912 0.002201 0.000387
0.166499 0.007064 0.000306
0.183262 0.014959 0.000699
0.199834 0.012989 0.000763
0.216741 0.008001 0.000961
0.233126 0.002341 0.000537
0.250099 0.018778 0.000858
0.266497 0.009006 0.000613
0.283257 0.003437 0.000466
0.299731 0.018483 0.001175
0.316657 0.008116 0.000532
0.333086 0.013164 0.000677
0.349870 0.011137 0.000216
0.366490 0.005259 0.000800
0.383260 0.007354 0.000627
0.399729 0.005865 0.000211
0.416599 0.011311 0.000291
0.433116 0.015161 0.001299
0.449727 0.016767 0.000358
0.466369 0.005641 0.000731
0.483357 0.015032 0.000510
0.500912 0.008910 0.000387
0.516508 0.011078 0.000223
0.533086 0.006467 0.000211
0.549707 0.011386 0.000441
0.566441 0.012700 0.001060
0.583099 0.013276 0.000760
0.599775 0.008727 0.000298
0.616353 0.014025 0.001061
0.633113 0.005518 0.000695
0.649718 0.017876 0.001116
0.666431 0.003241 0.000719
0.683000 0.005136 0.000320
0.699858 0.008603 0.000707
0.716404 0.006417 0.000707
0.733089 0.004511 0.000459
0.750131 0.009322 0.000616
0.766657 0.022677 0.000686
0.783078 0.014671 0.000308
0.799839 0.014579 0.001277
0.816551 0.010963 0.000835
0.833450 0.012781 0.000553
0.857056 0.005180 0.000337
0.866613 0.021230 0.001232
0.886509 0.007428 0.000734
0.899677 0.006479 0.000551
0.916297 0.010257 0.000167
0.933091 0.008029 0.000822
0.949534 0.009693 0.000458
0.966463 0.006650 0.000769
0.982970 0.008145 0.000513
0.999781 0.007250 0.000448
1.017263 0.012706 0.000958
1.037549 0.010893 0.001166
1.054274 0.006666 0.000228
1.071569 0.005254 0.000343
1.083095 0.003744 0.000268
1.099794 0.005305 0.000214
1.116455 0.011198 0.000440
1.133510 0.003938 0.000545
1.149963 0.010462 0.000429
1.166756 0.010823 0.000357
1.183173 0.003689 0.000515
1.202115 0.010639 0.000473
1.216343 0.002427 0.000514
1.237947 0.002965 0.000232
1.254525 0.005759 0.000228
1.266310 0.019265 0.001187
1.285665 0.010276 0.000582
1.299750 0.009662 0.000128
1.317083 0.009697 0.000364
1.333072 0.007406 0.000691
1.349968 0.006205 0.000244
1.366435 0.003192 0.000454
1.385761 0.006351 0.000364
1.399809 0.003438 0.000174
1.416715 0.014069 0.000561
1.433035 0.007838 0.000281
1.449814 0.004177 0.000461
1.466270 0.007109 0.000393
1.483020 0.007821 0.000610
1.499543 0.012581 0.000295
1.516166 0.015151 0.000176
1.533200 0.012043 0.001252
1.550478 0.011231 0.000574
1.566588 0.013119 0.000154
1.583324 0.019041 0.000890
1.599664 0.002772 0.000837
1.616835 0.011197 0.000508
1.632870 0.021881 0.001040
1.649938 0.018849 0.000207
1.666395 0.008316 0.000452
1.683565 0.006552 0.000159
1.699685 0.006168 0.000438
1.716318 0.011820 0.000665
1.732862 0.008202 0.000463
1.749647 0.008012 0.000552
1.766258 0.006221 0.000629
1.783139 0.006743 0.000651
1.799765 0.011944 0.000801
1.816788 0.015531 0.000181
1.833217 0.006060 0.000580
1.849451 0.011556 0.000749
1.866228 0.010808 0.001064
1.887635 0.004882 0.000807
1.899360 0.011936 0.000725
1.915984 0.029384 0.000996
1.932519 0.004475 0.001178
1.949362 0.004766 0.000354
1.965987 0.010224 0.000454
1.982602 0.002252 0.000633
1.999370 0.019067 0.000993
2.016300 0.011050 0.000638
2.032926 0.020127 0.000707
2.049857 0.009610 0.000529
2.066206 0.004362 0.000282
2.082951 0.014251 0.000564
2.099921 0.006567 0.000847
2.116641 0.003676 0.000259
2.132831 0.003152 0.000370
2.150151 0.005446 0.000299
2.166261 0.006795 0.000145
2.182930 0.005116 0.000342
2.199466 0.007436 0.000426
2.216388 0.004579 0.000283
2.233110 0.024913 0.001193
2.249421 0.016393 0.000427
2.266219 0.015840 0.000382
2.283171 0.008483 0.000419
2.299395 0.006918 0.000526
2.316662 0.010871 0.000742
2.332847 0.014088 0.000261
2.349796 0.008660 0.000317
2.366073 0.008011 0.000226
2.383113 0.004512 0.000147
2.399204 0.003435 0.000178
2.416362 0.012181 0.000567
2.433019 0.002831 0.000387
2.449422 0.002782 0.000154
2.466183 0.003731 0.000283
2.483076 0.005860 0.000313
2.499446 0.015143 0.000502
2.516385 0.006896 0.000739
2.532873 0.012512 0.000554
2.549573 0.013870 0.001115
2.565995 0.004340 0.000487
2.583025 0.008231 0.000440
2.599611 0.006832 0.000097
2.616048 0.002769 0.000221
2.633006 0.005210 0.000351
2.649523 0.002028 0.000337
2.665917 0.010345 0.000563
2.682625 0.017205 0.000580
2.699565 0.003610 0.000852
2.715975 0.019528 0.000796
2.732717 0.011251 0.000550
2.749421 0.005306 0.000757
2.765934 0.005092 0.000347
2.782922 0.005382 0.000484
2.799149 0.003717 0.000114
2.816002 0.007454 0.000208
2.832532 0.006196 0.000248
2.849402 0.011695 0.000557
2.865699 0.004166 0.000668
2.882582 0.009659 0.000538
2.898955 0.010347 0.000642
2.915710 0.015823 0.000737
2.932299 0.023222 0.000450
2.949058 0.001530 0.001122
2.965600 0.007391 0.000531
2.982403 0.006088 0.000268
2.998915 0.010241 0.000478
3.015638 0.013231 0.000987
3.032326 0.009728 0.000206
3.049003 0.018662 0.000497
3.065590 0.003074 0.000759
3.082551 0.009243 0.000325
3.098956 0.009376 0.000204
3.115618 0.008847 0.000575
3.132396 0.002720 0.000424
3.148932 0.003193 0.000242
3.165606 0.007257 0.000279
3.182243 0.005804 0.000196
3.198895 0.008128 0.000209
3.215594 0.008497 0.000229
3.232243 0.012813 0.000757
3.249124 0.007905 0.000964
3.265541 0.003745 0.000357
3.282262 0.006029 0.000455
3.298984 0.015260 0.000955
3.315526 0.007134 0.000802
3.332152 0.019833 0.000710
3.349172 0.009661 0.000506
3.365704 0.009638 0.000394
3.382482 0.006236 0.000550
3.398749 0.007093 0.000323
3.415715 0.009199 0.000564
3.432133 0.014190 0.000559
3.448869 0.003866 0.000673
3.465515 0.009113 0.000498
3.482216 0.003772 0.000216
3.498772 0.010224 0.000448
3.515577 0.003339 0.000362
3.532124 0.012367 0.000651
3.548859 0.009895 0.000270
3.565531 0.015881 0.000429
3.582251 0.002702 0.000782
3.598764 0.006341 0.000259
3.615448 0.002959 0.000296
3.632122 0.004637 0.000334
3.648718 0.012013 0.000416
3.665471 0.011012 0.000249
3.682239 0.005447 0.000196
3.698896 0.001712 0.000240
3.715423 0.005769 0.000424
3.732089 0.007799 0.000260
3.748816 0.008354 0.000725
3.765374 0.011603 0.000117
3.782120 0.010337 0.000141
3.798692 0.011164 0.000607
3.815388 0.007051 0.000197
3.832012 0.011101 0.000790
3.848787 0.005055 0.000596
3.865345 0.023242 0.001193
3.882075 0.003899 0.000968
3.899072 0.007947 0.000446
3.915929 0.005601 0.000214
3.932329 0.012315 0.000422
3.949161 0.009108 0.000927
3.965634 0.003687 0.000429
3.982548 0.004013 0.000137
3.999060 0.009547 0.000435
4.015870 0.014616 0.001020
4.032300 0.003383 0.000732
4.049109 0.013823 0.000432
4.065801 0.006315 0.000429
4.082436 0.002447 0.000388
4.098780 0.005289 0.000385
4.115764 0.005350 0.000140
4.132393 0.014250 0.000822
4.149022 0.006915 0.000721
4.165836 0.008001 0.000363
4.182312 0.003204 0.000512
4.199064 0.002923 0.000306
4.216068 0.012368 0.000713
4.232259 0.002496 0.000615
4.249117 0.008562 0.000703
4.265785 0.015108 0.000753
4.282439 0.015108 0.000000
4.298938 0.018899 0.000294
4.316017 0.027771 0.000526
4.332440 0.013466 0.000518
4.349672 0.012524 0.000411
4.365640 0.008525 0.000390
4.382283 0.002363 0.000112
4.398930 0.007917 0.000339
4.415696 0.004102 0.000459
4.432243 0.005345 0.000163
4.449052 0.013288 0.000458
4.465870 0.006778 0.000401
4.482472 0.013530 0.000531
4.498750 0.003152 0.000576
4.515556 0.011730 0.000651
4.532189 0.006833 0.000716
4.549240 0.005413 0.000466
4.565528 0.007755 0.000554
4.582340 0.003814 0.000184
4.599770 0.008985 0.000327
4.615855 0.002137 0.000484
4.632446 0.009591 0.000442
4.648383 0.002243 0.000574
4.665485 0.003394 0.000137
4.682085 0.009255 0.000553
4.699811 0.004175 0.000244
4.716928 0.006810 0.000273
4.732733 0.005603 0.000518
4.748645 0.008347 0.000395
4.765333 0.010464 0.000318
4.782295 0.004175 0.000295
4.798746 0.004471 0.000381
4.815622 0.009296 0.000696
4.831896 0.007065 0.000205
4.848559 0.003917 0.000503
4.865324 0.001620 0.000315
4.882778 0.001782 0.000140
4.899579 0.004980 0.000215
4.915625 0.004487 0.000266
4.932114 0.006007 0.000373
4.948425 0.002870 0.000200
4.970492 0.006323 0.000399
4.982448 0.008641 0.000165
5.000956 0.007448 0.000166
Speed: 10
0.018809 0.002145 0.000115
0.033493 0.008276 0.000340
0.050299 0.009027 0.000359
0.067028 0.002430 0.000501
0.084265 0.006438 0.000388
0.101506 0.008918 0.000231
0.116759 0.013569 0.000425
0.133239 0.029695 0.000912
0.149912 0.077814 0.002722
0.167236 0.112344 0.002211
0.184067 0.096075 0.000706
0.200511 0.108802 0.001808
0.219830 0.094737 0.000599
0.233720 0.138257 0.003630
0.252606 0.144319 0.002000
0.266938 0.133658 0.001485
0.283486 0.194843 0.005132
0.300512 0.165036 0.000853
0.317110 0.104296 0.000638
0.333212 0.080383 0.001394
0.350199 0.101449 0.003145
0.366788 0.111937 0.002683
0.383620 0.104627 0.001389
0.400458 0.121700 0.003371
0.417031 0.128779 0.001887
0.433821 0.083596 0.001416
0.450019 0.112363 0.003285
0.468989 0.125221 0.002668
0.483696 0.123359 0.001754
0.503242 0.138523 0.002733
0.517228 0.176816 0.003851
0.533299 0.139827 0.000398
0.549905 0.123760 0.001527
0.566899 0.093564 0.001016
0.583590 0.120099 0.003637
0.600113 0.111369 0.001570
0.616606 0.117063 0.002409
0.633529 0.156917 0.003774
0.650329 0.131587 0.001288
0.666818 0.120825 0.001694
0.683425 0.113425 0.002147
0.700460 0.116135 0.001833
0.717629 0.125919 0.002597
0.733497 0.134543 0.002437
0.752635 0.140647 0.002348
0.766923 0.141588 0.002464
0.789766 0.137831 0.002030
0.800735 0.108750 0.000915
0.818439 0.085873 0.001080
0.836307 0.109572 0.003151
0.850247 0.138135 0.003300
0.871454 0.148261 0.002485
0.886030 0.153249 0.002393
0.900203 0.109348 0.000080
0.916388 0.120276 0.002766
0.933018 0.123128 0.002308
0.949642 0.114090 0.001644
0.967300 0.110868 0.001888
0.982981 0.130295 0.002954
1.001981 0.135758 0.002453
1.016396 0.110867 0.001003
1.032976 0.094938 0.001949
1.049620 0.073517 0.000853
1.066309 0.104852 0.003386
1.082969 0.125876 0.003039
1.099601 0.115040 0.001281
1.116354 0.106751 0.001701
1.132987 0.106148 0.002105
1.149609 0.112161 0.002441
1.166240 0.125635 0.002198
1.183021 0.125635 0.000000
1.199592 0.142360 0.003629
1.216400 0.139658 0.002700
1.232990 0.158193 0.003075
1.252841 0.146971 0.001697
1.266232 0.171156 0.003635
1.282947 0.178327 0.002877
1.299634 0.144068 0.001059
1.316305 0.098256 0.000546
1.332948 0.096166 0.002560
1.349540 0.109154 0.002785
1.366157 0.085926 0.001492
1.382895 0.127052 0.003835
1.399499 0.124260 0.001726
1.416219 0.121975 0.001806
1.433145 0.119688 0.002096
1.450126 0.127907 0.002408
1.466699 0.119913 0.001617
1.483406 0.112162 0.001578
1.500139 0.123075 0.002806
1.516444 0.122139 0.001951
1.533029 0.148971 0.003395
1.550087 0.189170 0.004106
1.566714 0.168817 0.001315
1.583161 0.111102 0.000368
1.600006 0.104475 0.002085
1.616566 0.115148 0.002784
1.633048 0.129282 0.002762
1.649893 0.144845 0.003017
1.666422 0.143614 0.002093
1.683266 0.117896 0.001136
1.699868 0.099730 0.001570
1.716640 0.119795 0.003078
1.733947 0.115724 0.001746
1.750044 0.131057 0.002777
1.766327 0.132505 0.002359
1.783292 0.126360 0.001880
1.799766 0.085425 0.000405
1.816412 0.070150 0.001438
1.833248 0.135452 0.005250
1.849951 0.140480 0.001944
1.866338 0.131716 0.001594
1.883420 0.134492 0.002199
1.899938 0.115001 0.001212
1.916654 0.107560 0.001511
1.936741 0.146800 0.004061
1.949417 0.133593 0.001437
1.968788 0.135956 0.002259
1.983944 0.117893 0.001419
2.001410 0.144886 0.003519
2.017131 0.102450 0.000425
2.036517 0.118638 0.002996
2.051040 0.152063 0.003240
2.066006 0.135608 0.001328
2.082857 0.132923 0.001986
2.099342 0.147751 0.003106
2.116246 0.132234 0.001426
2.132994 0.117330 0.001357
2.149723 0.117540 0.002562
2.166341 0.128816 0.002680
2.183155 0.115322 0.001427
2.199605 0.107322 0.001655
2.216384 0.127568 0.003091
2.232819 0.119087 0.001563
2.249297 0.101652 0.001134
2.266360 0.123429 0.003128
2.283229 0.132506 0.002440
2.299207 0.118591 0.001314
2.316329 0.134961 0.002934
2.332932 0.151375 0.002868
2.349373 0.112738 0.000413
2.366139 0.118987 0.002444
2.383020 0.123876 0.002399
2.399330 0.112382 0.001533
2.416392 0.129323 0.002913
2.432810 0.128338 0.002040
2.449555 0.142768 0.002755
2.466130 0.144739 0.002275
2.483174 0.145486 0.002256
2.499665 0.122380 0.001216
2.516234 0.105985 0.001474
2.532965 0.103288 0.001992
2.549574 0.113409 0.002524
2.566164 0.118510 0.002420
2.583200 0.120542 0.002016
2.599441 0.145185 0.003492
2.616370 0.145185 0.000000
2.632667 0.149435 0.003667
2.649754 0.140294 0.001900
2.665714 0.126388 0.001490
2.682479 0.150417 0.003573
2.699090 0.164300 0.002945
2.715752 0.163953 0.002431
2.732312 0.135971 0.001721
2.749159 0.126029 0.002027
2.765753 0.120176 0.002144
2.782671 0.128254 0.002730
2.799087 0.136075 0.002598
2.815863 0.118440 0.001382
2.832372 0.145413 0.003512
2.849155 0.124824 0.001182
2.865728 0.116296 0.001848
2.882496 0.124299 0.002629
2.898994 0.121904 0.001998
2.915869 0.125647 0.002197
2.932338 0.140306 0.002926
2.949062 0.097499 0.000599
2.965767 0.097678 0.002142
2.982569 0.098468 0.001956
2.998977 0.122730 0.003120
3.015873 0.147060 0.003148
3.032461 0.122585 0.001129
3.049109 0.135479 0.002813
3.065732 0.124943 0.001779
3.082351 0.121817 0.002072
3.099013 0.153282 0.003327
3.115623 0.145973 0.002033
3.132296 0.143793 0.002081
3.149058 0.110057 0.000703
3.165547 0.111258 0.002248
3.182440 0.111258 0.000000
3.198950 0.105144 0.002887
3.215698 0.112950 0.003681
3.232356 0.134637 0.003054
3.249749 0.114529 0.001114
3.265892 0.131157 0.002404
3.282735 0.117755 0.001579
3.299126 0.126669 0.002220
3.316243 0.118689 0.002235
3.332504 0.136749 0.001766
3.349449 0.142845 0.002605
3.365933 0.136737 0.001257
3.382741 0.133134 0.001963
3.399313 0.127520 0.002056
3.415926 0.141089 0.002849
3.432472 0.125365 0.001419
3.449171 0.159246 0.003970
3.465795 0.135478 0.001262
3.482881 0.115343 0.001274
3.499236 0.103095 0.001730
3.515839 0.113832 0.002659
3.533953 0.105822 0.001596
3.548897 0.102166 0.001842
3.565808 0.123273 0.002909
3.582237 0.125234 0.001967
3.600651 0.104635 0.000953
3.615525 0.088606 0.001143
3.634708 0.105874 0.002788
3.648789 0.120697 0.002473
3.665359 0.106970 0.001106
3.682156 0.126515 0.002805
3.698984 0.114583 0.001299
3.715632 0.111283 0.001755
3.732509 0.100213 0.001482
3.749258 0.124022 0.003207
3.773959 0.115925 0.001534
3.782142 0.140766 0.003145
3.798823 0.149964 0.002850
3.815413 0.129627 0.001114
3.832256 0.107435 0.001210
3.848909 0.121012 0.002737
3.865387 0.135253 0.002711
3.882445 0.125367 0.001690
3.899375 0.136016 0.002686
3.915829 0.129835 0.001828
3.932391 0.112625 0.001307
3.949140 0.112700 0.002114
3.965695 0.115172 0.002272
3.982314 0.101201 0.001265
3.999106 0.111448 0.002564
4.015680 0.121132 0.002293
4.032006 0.125655 0.002163
4.048738 0.123782 0.001818
4.065457 0.098891 0.000847
4.081950 0.152565 0.004613
4.098975 0.121137 0.000448
4.115329 0.127388 0.002461
4.132184 0.114028 0.001405
4.148566 0.118851 0.002323
4.165490 0.107072 0.001451
4.181935 0.133522 0.003288
4.198618 0.141242 0.002466
4.215293 0.134456 0.001747
4.232069 0.117858 0.001364
4.248681 0.130853 0.003036
4.265463 0.132358 0.002292
4.282176 0.127601 0.001888
4.299024 0.132077 0.002505
4.315578 0.129434 0.002035
4.332532 0.100021 0.000682
4.349103 0.115460 0.002990
4.365778 0.107480 0.001565
4.382561 0.107480 0.000000
4.398752 0.113951 0.004962
4.415185 0.128031 0.002641
4.432170 0.147158 0.002947
4.448620 0.134103 0.001573
4.465174 0.112944 0.001121
4.481942 0.104977 0.001776
4.498601 0.105797 0.002108
4.515256 0.135468 0.003431
4.531912 0.126538 0.001602
4.548545 0.121447 0.001791
4.565190 0.118882 0.002201
4.581787 0.099383 0.001028
4.598592 0.101191 0.002070
4.615142 0.105886 0.002283
4.632076 0.122069 0.002597
4.648561 0.158159 0.003679
4.665296 0.146083 0.001408
4.681724 0.122812 0.001189
4.698704 0.106565 0.001398
4.715187 0.087504 0.001322
4.731789 0.109517 0.003160
4.748429 0.133405 0.003025
4.765275 0.139580 0.002183
4.781889 0.100340 0.000299
4.798532 0.107273 0.002331
4.815167 0.096164 0.001392
4.831928 0.119538 0.002846
4.848421 0.108084 0.001278
4.865279 0.121751 0.002637
4.883248 0.127712 0.002177
4.898746 0.136342 0.002275
4.915458 0.136025 0.001960
4.932044 0.122111 0.001461
4.948565 0.116607 0.001831
4.965305 0.129232 0.002782
4.981893 0.139292 0.002674
4.998681 0.137282 0.002092
5.015238 0.119885 0.001313
Speed: 20
0.021165 0.017152 0.000436
0.040804 0.013040 0.000558
0.050029 0.007754 0.000586
0.066588 0.012861 0.000177
0.083222 0.022813 0.000476
0.100118 0.022813 0.000000
0.118038 0.039918 0.001296
0.133309 0.032655 0.000229
0.150648 0.086308 0.003618
0.168469 0.137959 0.003654
0.183317 0.226691 0.004619
0.199986 0.267415 0.003557
0.218633 0.267415 0.000000
0.234765 0.363900 0.010089
0.250396 0.352644 0.003415
0.266636 0.367693 0.005348
0.283225 0.417643 0.008507
0.299851 0.360140 0.002581
0.316530 0.331498 0.004677
0.333450 0.296526 0.004136
0.350011 0.310444 0.006463
0.365630 0.308425 0.005369
0.382225 0.298643 0.004478
0.398907 0.312363 0.006013
0.415326 0.301899 0.004647
0.432150 0.309500 0.005670
0.450524 0.331587 0.006297
0.466624 0.303270 0.004082
0.483305 0.287816 0.004404
0.500749 0.288424 0.005825
0.517487 0.299388 0.006454
0.533933 0.355338 0.005659
0.551959 0.349824 0.004590
0.566571 0.377197 0.006875
0.584149 0.342286 0.003651
0.599837 0.360343 0.006604
0.616519 0.323274 0.004022
0.633099 0.355497 0.007244
0.649848 0.353725 0.005595
0.666518 0.315378 0.003879
0.683106 0.360019 0.007959
0.699880 0.296281 0.002462
0.716570 0.315463 0.006788
0.733113 0.317076 0.005457
0.749867 0.305328 0.004881
0.766482 0.349129 0.007517
0.783106 0.325787 0.004284
0.799727 0.337805 0.005841
0.816484 0.317856 0.004557
0.833108 0.331875 0.006054
0.849753 0.355855 0.006695
0.866465 0.335150 0.004487
0.883077 0.343435 0.006110
0.900602 0.340594 0.005385
0.918433 0.337338 0.005506
0.933147 0.330586 0.005388
0.949799 0.326548 0.005421
0.966333 0.338081 0.006171
0.983041 0.318019 0.004535
1.000478 0.304642 0.004940
1.016303 0.325538 0.006432
1.033062 0.330311 0.005579
1.051403 0.309918 0.004359
1.066301 0.338350 0.007652
1.083014 0.328697 0.004361
1.099620 0.332825 0.005757
1.116318 0.338030 0.005746
1.132990 0.327708 0.005028
1.149667 0.325394 0.005391
1.166331 0.311857 0.005378
1.182833 0.334280 0.005844
1.201119 0.345293 0.005909
1.216425 0.360043 0.006253
1.232923 0.335605 0.004464
1.250049 0.352614 0.006550
1.266403 0.344242 0.005277
1.283111 0.340533 0.005675
1.299972 0.328354 0.005291
1.316542 0.324678 0.005339
1.333277 0.333888 0.006141
1.349889 0.306683 0.004082
1.366534 0.305712 0.005691
1.386134 0.322218 0.006887
1.402331 0.320426 0.004724
1.417021 0.309812 0.005424
1.432733 0.361898 0.006777
1.451708 0.334808 0.004137
1.466390 0.349039 0.006105
1.483166 0.346478 0.005504
1.500088 0.337246 0.005662
1.516337 0.337037 0.005460
1.532740 0.331716 0.004860
1.549668 0.335664 0.005904
1.566334 0.328871 0.005287
1.582927 0.337312 0.005949
1.600997 0.327523 0.005596
1.616042 0.312289 0.004453
1.632764 0.300054 0.005760
1.650455 0.317942 0.005496
1.666096 0.308296 0.004766
1.682789 0.325571 0.006095
1.699561 0.307460 0.004393
1.715976 0.330150 0.006062
1.732881 0.361045 0.006479
1.749297 0.352263 0.005025
1.766024 0.340002 0.004982
1.783050 0.331959 0.005232
1.799717 0.347480 0.006404
1.816180 0.337557 0.005355
1.833012 0.333603 0.005471
1.849488 0.324637 0.005161
1.866037 0.325158 0.005645
1.882645 0.342694 0.006434
1.899601 0.312327 0.004093
1.915997 0.322095 0.005941
1.932819 0.307950 0.004768
1.949690 0.350812 0.007487
1.966121 0.326696 0.004363
1.982657 0.339058 0.006071
1.999811 0.351940 0.006225
2.016014 0.335784 0.004766
2.032778 0.327052 0.005200
2.052207 0.320037 0.005403
2.066434 0.329624 0.006064
2.082865 0.318542 0.005279
2.099683 0.324021 0.005548
2.115987 0.338346 0.006090
2.132608 0.311814 0.004225
2.149239 0.357187 0.007783
2.166148 0.319763 0.003571
2.182833 0.323232 0.005622
2.199456 0.277061 0.003309
2.216077 0.287690 0.006046
2.232454 0.306806 0.005867
2.333174 0.312436 0.015448
2.349351 0.329799 0.023106
2.366110 0.318219 0.004878
2.383699 0.318482 0.005672
2.399141 0.333270 0.005844
2.415753 0.324771 0.004928
2.432423 0.301261 0.004425
2.449220 0.345609 0.007345
2.465823 0.327436 0.004961
2.482460 0.369475 0.006550
2.499190 0.336206 0.003759
2.516100 0.297904 0.004446
2.532590 0.376838 0.007320
2.549207 0.388290 0.005833
2.567242 0.396751 0.005926
2.582483 0.372287 0.004769
2.599174 0.341509 0.004434
2.616994 0.346314 0.006290
2.632424 0.337720 0.005594
2.649173 0.319386 0.004877
2.665834 0.301777 0.004925
2.682391 0.312534 0.006262
2.699051 0.312013 0.005285
2.716149 0.286726 0.005130
2.732542 0.354818 0.006293
2.752729 0.347580 0.005101
2.767366 0.365403 0.005192
2.782506 0.343918 0.004546
2.799031 0.339576 0.005471
2.818451 0.326762 0.005001
2.833084 0.317922 0.006460
2.849291 0.362900 0.006020
2.865815 0.375768 0.006046
2.882877 0.332585 0.003511
2.899157 0.296199 0.004083
2.916040 0.312197 0.006789
2.932780 0.313616 0.005574
2.949410 0.355930 0.006412
2.967496 0.337218 0.004386
2.982986 0.335256 0.005364
2.999691 0.329902 0.005898
3.015894 0.336476 0.005970
3.032780 0.331000 0.005272
3.049149 0.326137 0.004983
3.066065 0.326043 0.005455
3.082404 0.339699 0.005807
3.099441 0.332679 0.005778
3.115798 0.299670 0.003853
3.132654 0.323119 0.006932
3.149447 0.319941 0.004961
3.166009 0.331403 0.006203
3.182807 0.321878 0.005077
3.199328 0.360598 0.006165
3.215783 0.355626 0.005314
3.236812 0.341777 0.005053
3.249131 0.330189 0.005043
3.266488 0.337770 0.006056
3.282358 0.324003 0.005016
3.302783 0.307782 0.004941
3.315711 0.329792 0.006237
3.335694 0.332042 0.005712
3.348888 0.298976 0.003683
3.367690 0.327375 0.006715
3.382582 0.329605 0.005667
3.398887 0.332628 0.005299
3.415786 0.350889 0.006322
3.432393 0.337374 0.005089
3.452837 0.343991 0.005603
3.467915 0.310513 0.004182
3.483342 0.338673 0.006917
3.498975 0.317680 0.004648
3.516356 0.317605 0.006483
3.532416 0.333692 0.006520
3.550144 0.334483 0.004882
3.565402 0.335996 0.006286
3.582310 0.335996 0.000000
3.598922 0.342260 0.010181
3.615534 0.312279 0.005391
3.632416 0.381768 0.006860
3.649046 0.419565 0.006556
3.665681 0.383649 0.004409
3.682112 0.367844 0.004805
3.698959 0.391901 0.007092
3.715388 0.357328 0.004563
3.731964 0.340208 0.005395
3.749064 0.356655 0.006587
3.765524 0.317840 0.004045
3.782025 0.332159 0.006849
3.798966 0.309222 0.004389
3.814212 0.313817 0.005484
3.830855 0.312386 0.005355
3.847830 0.319032 0.005803
3.864295 0.335536 0.006228
3.880898 0.323396 0.004725
3.897535 0.301756 0.004426
3.914336 0.322586 0.006231
3.930905 0.322042 0.005346
3.947458 0.320976 0.005185
3.964326 0.342104 0.006570
3.980978 0.320863 0.004435
3.997538 0.318063 0.005449
4.014258 0.314743 0.005216
4.030885 0.303389 0.004843
4.047443 0.330373 0.006532
4.064386 0.331447 0.005341
4.080849 0.313471 0.004430
4.097504 0.318785 0.005837
4.114122 0.317816 0.005044
4.131030 0.338892 0.006602
4.147454 0.314557 0.004085
4.164160 0.333537 0.006386
4.180868 0.354554 0.006477
4.197767 0.378169 0.006777
4.214095 0.332962 0.003437
4.230866 0.343690 0.006389
4.247473 0.316285 0.004344
4.264104 0.330436 0.006400
4.280697 0.313461 0.004729
4.297492 0.325554 0.006166
4.314108 0.316077 0.005270
4.330798 0.292949 0.004728
4.347483 0.297004 0.005432
4.364096 0.336671 0.006693
4.380773 0.316381 0.004118
4.397501 0.309361 0.004913
4.414054 0.342696 0.006552
4.430650 0.342696 0.000000
4.448502 0.345097 0.009684
4.465150 0.341059 0.006017
4.481762 0.321344 0.004491
4.498461 0.307960 0.004660
4.515156 0.326365 0.006435
4.531919 0.327952 0.005698
4.548371 0.341010 0.005632
4.565082 0.325689 0.004831
4.581742 0.316996 0.005116
4.598420 0.333373 0.006052
4.615126 0.316061 0.004428
4.631839 0.326863 0.006216
4.648402 0.353615 0.006415
4.665330 0.329327 0.004338
4.681699 0.347938 0.006787
4.698553 0.323164 0.004321
4.715012 0.331826 0.005861
4.731848 0.347261 0.006884
4.748348 0.335980 0.004538
4.764935 0.323706 0.005173
4.781847 0.347046 0.007092
4.798486 0.344174 0.005147
4.814970 0.312131 0.004046
4.831720 0.327499 0.006806
4.848405 0.346028 0.006191
4.865063 0.347956 0.005547
4.881713 0.331286 0.005118
4.898354 0.346412 0.006222
4.914991 0.368451 0.006461
4.931681 0.338394 0.004461
4.948441 0.346792 0.005821
4.965014 0.359494 0.006458
4.981677 0.338195 0.004957
4.998433 0.345708 0.005758
5.014922 0.329569 0.004881
Speed: 30
0.017112 0.010526 0.000307
0.033407 0.002368 0.000390
0.050966 0.002662 0.000049
0.066753 0.019213 0.000959
0.084710 0.013959 0.000356
0.100163 0.035285 0.001260
0.116858 0.043345 0.000691
0.133216 0.141753 0.005229
0.150097 0.209225 0.004108
0.166722 0.284488 0.005437
0.183331 0.366242 0.006439
0.199987 0.424234 0.006223
0.216641 0.477180 0.007140
0.233323 0.518611 0.007488
0.251111 0.531111 0.007070
0.266652 0.543998 0.008009
0.283304 0.577472 0.009339
0.302774 0.552254 0.006944
0.317476 0.532643 0.007748
0.333244 0.525390 0.008378
0.367610 0.483525 0.006730
0.372061 0.483525 0.000000
0.383096 0.469626 0.017201
0.399762 0.514830 0.010566
0.416387 0.476812 0.006743
0.433136 0.496804 0.008760
0.449925 0.553513 0.010945
0.467140 0.533715 0.007432
0.483717 0.528530 0.008329
0.499969 0.527147 0.008598
0.527007 0.530982 0.009082
0.533376 0.530982 0.000000
0.549753 0.514689 0.015672
0.566337 0.564013 0.011037
0.584944 0.569893 0.008961
0.599759 0.543688 0.007718
0.617248 0.589687 0.011569
0.633233 0.557946 0.007541
0.651526 0.536913 0.008215
0.666460 0.543642 0.009694
0.683543 0.539222 0.009119
0.699791 0.512326 0.007753
0.717265 0.528121 0.010041
0.733107 0.536715 0.008911
0.749763 0.519078 0.008101
0.766374 0.537660 0.009760
0.783097 0.556108 0.009778
0.799706 0.521762 0.007157
0.816368 0.538337 0.010067
0.833066 0.527320 0.008235
0.851004 0.533817 0.009335
0.866384 0.551859 0.009845
0.883400 0.544969 0.008632
0.900163 0.515313 0.007532
0.916428 0.526485 0.009600
0.933102 0.545813 0.009757
0.949789 0.518422 0.007500
0.966450 0.519152 0.009612
0.984723 0.543284 0.009288
0.999761 0.517612 0.008531
1.016363 0.601835 0.011178
1.033130 0.547765 0.006668
1.049811 0.563250 0.008403
1.068156 0.585735 0.010076
1.083254 0.553005 0.007688
1.102478 0.550007 0.009254
1.116733 0.563745 0.009765
1.136014 0.536564 0.007925
1.149651 0.532952 0.009084
1.168247 0.557067 0.010329
1.182815 0.533982 0.007901
1.199486 0.532901 0.009116
1.224515 0.514616 0.010876
1.238131 0.507163 0.006136
1.249415 0.522958 0.009171
1.266167 0.540936 0.009847
1.283989 0.505977 0.008154
1.298437 0.561864 0.009491
1.315581 0.518008 0.007031
1.331697 0.576846 0.009219
1.350428 0.609500 0.010337
1.365072 0.577547 0.007607
1.381669 0.534501 0.006998
1.398346 0.558057 0.010569
1.415239 0.541290 0.008348
1.431687 0.524384 0.009203
1.448387 0.498071 0.007393
1.465333 0.496037 0.008988
1.481825 0.523492 0.010386
1.498213 0.510998 0.008015
1.514891 0.493910 0.008309
1.531649 0.559009 0.011015
1.549262 0.524914 0.006875
1.567080 0.527190 0.008039
1.581640 0.564707 0.010609
1.598249 0.543491 0.007899
1.614872 0.547623 0.009033
1.631467 0.528298 0.008076
1.648216 0.519361 0.008595
1.664825 0.520527 0.009110
1.682544 0.507499 0.008621
1.699669 0.507499 0.000000
1.716175 0.508533 0.018204
1.732608 0.499598 0.008595
1.749305 0.506421 0.008611
1.766191 0.492237 0.007749
1.782895 0.451268 0.008998
1.799483 0.525873 0.008705
1.816175 0.525873 0.000000
1.832765 0.519313 0.009139
1.849412 0.525171 0.008451
1.866172 0.525171 0.000000
1.882520 0.559746 0.018975
1.899423 0.600373 0.016620
1.916587 0.600373 0.000000
1.932611 0.604711 0.019244
1.949357 0.547272 0.007305
1.966109 0.547272 0.000000
1.982683 0.507342 0.008262
1.999317 0.542973 0.018379
2.015812 0.575904 0.009713
2.032604 0.528346 0.006885
2.048321 0.539585 0.009776
2.064881 0.523465 0.008308
2.082894 0.511048 0.008961
2.102494 0.504620 0.008938
2.116188 0.539536 0.010228
2.132723 0.534763 0.008520
2.149235 0.537237 0.008868
2.165882 0.538017 0.008862
2.182631 0.567538 0.010361
2.199307 0.554731 0.008399
2.215848 0.527767 0.007852
2.232494 0.538483 0.009499
2.249492 0.583517 0.011446
2.265920 0.532449 0.006763
2.282564 0.519075 0.008237
2.299125 0.522725 0.010584
2.315904 0.530104 0.008489
2.332422 0.492086 0.008550
2.349154 0.534661 0.007773
2.365796 0.553512 0.009375
2.382406 0.560242 0.008894
2.399131 0.549011 0.008949
2.415946 0.574729 0.009478
2.432534 0.568045 0.008746
2.449464 0.561951 0.009226
2.465932 0.552621 0.009125
2.482285 0.532876 0.007700
2.499488 0.525001 0.009063
2.515700 0.509604 0.008149
2.532476 0.518342 0.009849
2.548940 0.545388 0.009643
2.566753 0.531358 0.008237
2.582379 0.565545 0.010360
2.599059 0.562354 0.008855
2.616054 0.512408 0.006661
2.635631 0.525542 0.009711
2.648971 0.517065 0.008475
2.665564 0.497941 0.008008
2.682316 0.523697 0.009857
2.699149 0.511385 0.009002
2.715590 0.546487 0.009197
2.732486 0.514028 0.008916
2.748926 0.543233 0.007544
2.765967 0.563118 0.009160
2.782710 0.575133 0.009371
2.799233 0.573391 0.009100
2.815922 0.568259 0.008779
2.832652 0.553918 0.008548
2.850146 0.573818 0.010309
2.866461 0.548116 0.008134
2.882166 0.542944 0.008953
2.899002 0.520653 0.008202
2.915579 0.534220 0.009844
2.932386 0.546655 0.009569
2.948924 0.544249 0.008918
2.972116 0.534658 0.009237
2.982332 0.534658 0.000000
2.998992 0.536814 0.017771
3.015616 0.536966 0.010154
3.032259 0.539378 0.008156
3.048954 0.542135 0.009005
3.065748 0.537773 0.008752
3.082172 0.539578 0.009062
3.098863 0.528924 0.008487
3.115578 0.554610 0.010330
3.132213 0.543805 0.008355
3.148774 0.528625 0.008312
3.165776 0.505076 0.007884
3.182470 0.482057 0.007878
3.198922 0.489034 0.008832
3.215718 0.505237 0.009795
3.232652 0.533082 0.009401
3.248878 0.534425 0.009428
3.265646 0.548100 0.008168
3.282376 0.545883 0.008632
3.298899 0.559901 0.009564
3.315465 0.549539 0.008457
3.332085 0.586259 0.010915
3.348693 0.531587 0.006443
3.365336 0.516476 0.008503
3.382097 0.492074 0.007866
3.398701 0.523897 0.010676
3.415574 0.508055 0.008027
3.434419 0.494755 0.008071
3.448777 0.501570 0.008868
3.465379 0.520294 0.009623
3.481984 0.523187 0.008486
3.498713 0.517531 0.008583
3.515395 0.513009 0.008086
3.531943 0.507554 0.008606
3.548708 0.533448 0.009565
3.565525 0.531602 0.008601
3.582070 0.546274 0.009307
3.597783 0.570975 0.009461
3.614335 0.586123 0.009708
3.630996 0.571551 0.008516
3.647716 0.555926 0.008490
3.664341 0.558090 0.009482
3.680995 0.540258 0.008503
3.697611 0.529008 0.008663
3.714337 0.512769 0.008333
3.730967 0.528831 0.009848
3.747577 0.528224 0.008832
3.765470 0.506737 0.008116
3.782050 0.505894 0.009108
3.798706 0.527324 0.009695
3.815446 0.533215 0.008913
3.832060 0.549332 0.009536
3.848749 0.521119 0.007414
3.865434 0.518940 0.008711
3.882263 0.525025 0.009173
3.898751 0.528069 0.008899
3.915369 0.534915 0.009068
3.932056 0.555496 0.009869
3.948705 0.574111 0.009794
3.965373 0.561361 0.008402
3.982117 0.542869 0.008337
3.998699 0.518039 0.007968
4.015332 0.531838 0.009762
4.032132 0.545206 0.009772
4.048803 0.507067 0.007884
4.065585 0.505241 0.007882
4.083315 0.522167 0.009769
4.098665 0.531725 0.008766
4.115649 0.541219 0.009389
4.133626 0.552317 0.009181
4.148719 0.528149 0.008178
4.165394 0.528778 0.008517
4.182677 0.547762 0.009623
4.199337 0.543628 0.008619
4.218231 0.531201 0.008404
4.232090 0.522218 0.009209
4.249087 0.525479 0.008248
4.269086 0.521482 0.008982
4.282179 0.548432 0.009774
4.298560 0.717751 0.036485
4.315431 0.733570 0.009771
4.332695 0.670892 0.008814
4.349803 0.566997 0.007058
4.365243 0.520107 0.008995
4.382138 0.487235 0.008029
4.398472 0.499375 0.008510
4.415476 0.526711 0.009254
4.431856 0.565709 0.009878
4.448629 0.531007 0.006956
4.465218 0.544802 0.009287
4.482001 0.556437 0.009676
4.499007 0.544675 0.008475
4.515480 0.536628 0.008559
4.531919 0.497437 0.006888
4.548603 0.515352 0.009703
4.565117 0.482276 0.006930
4.582199 0.506712 0.010015
4.598490 0.523327 0.009056
4.615279 0.493244 0.007014
4.631837 0.538246 0.010716
4.648501 0.508637 0.007029
4.665331 0.525315 0.009508
4.681954 0.547674 0.009688
4.698446 0.510568 0.006827
4.715299 0.512546 0.008947
4.730633 0.524324 0.008519
4.747370 0.521571 0.008555
4.763944 0.557747 0.010411
4.780609 0.525134 0.007188
4.797334 0.538852 0.009575
4.813957 0.514710 0.007652
4.830549 0.511994 0.008666
4.847254 0.515062 0.008943
4.863938 0.497470 0.007907
4.880578 0.539204 0.010684
4.897470 0.514738 0.007483
4.914066 0.531081 0.009441
4.930894 0.540393 0.009247
4.947300 0.501483 0.006733
4.964136 0.535617 0.010565
4.980689 0.523761 0.008113
4.997183 0.498827 0.007435
5.013893 0.520577 0.009797
Speed: 40
0.016602 0.010671 0.000232
0.033266 0.008496 0.000140
0.051653 0.006308 0.000049
0.069374 0.010998 0.000558
0.083102 0.027505 0.000888
0.099745 0.022560 0.002356
0.118528 0.068595 0.002233
0.133677 0.130791 0.003344
0.149998 0.253744 0.006871
0.166601 0.346768 0.006001
0.183169 0.450945 0.007827
0.199824 0.520802 0.008261
0.216710 0.602188 0.007514
0.233261 0.657180 0.009067
0.250291 0.701589 0.010444
0.266412 0.720768 0.009958
0.283154 0.726837 0.010129
0.299801 0.711391 0.009908
0.316449 0.687392 0.009915
0.333137 0.688852 0.011340
0.350109 0.677600 0.010749
0.366386 0.642816 0.010989
0.383730 0.657870 0.010490
0.399889 0.663731 0.011345
0.416853 0.673556 0.011475
0.435686 0.696508 0.012290
0.449953 0.698667 0.011122
0.466387 0.681388 0.010391
0.482959 0.765065 0.015546
0.499803 0.714345 0.009128
0.516510 0.716764 0.012054
0.533031 0.712974 0.011766
0.549781 0.715435 0.011946
0.566443 0.728568 0.012643
0.583022 0.745333 0.012567
0.599778 0.723866 0.011078
0.616381 0.721912 0.011939
0.633070 0.724274 0.012216
0.649647 0.710454 0.011329
0.666407 0.692683 0.011386
0.682983 0.708415 0.012563
0.699686 0.732704 0.013073
0.716418 0.742157 0.012338
0.733072 0.746690 0.012210
0.749577 0.763451 0.013094
0.766396 0.737815 0.010955
0.783045 0.729998 0.011923
0.799672 0.743609 0.013025
0.816399 0.726757 0.011495
0.833108 0.679816 0.010006
0.849547 0.697499 0.012784
0.866548 0.723876 0.013342
0.882926 0.734983 0.012375
0.899796 0.750107 0.012745
0.916143 0.745406 0.011859
0.933273 0.759104 0.012891
0.949529 0.741365 0.011508
0.969764 0.724766 0.011569
0.984400 0.720241 0.012190
0.999650 0.710270 0.011772
1.016889 0.700864 0.011546
1.032891 0.716641 0.012743
1.049877 0.745249 0.013297
1.066111 0.744796 0.012287
1.082835 0.736615 0.011721
1.099485 0.680302 0.009304
1.120208 0.723837 0.014289
1.132718 0.717124 0.011540
1.149619 0.724579 0.012334
1.167096 0.727444 0.012252
1.184028 0.720954 0.012645
1.199479 0.753422 0.012626
1.216832 0.759778 0.012301
1.232754 0.742489 0.012236
1.249545 0.740332 0.012356
1.266928 0.744941 0.012391
1.283023 0.746190 0.011791
1.299368 0.742116 0.011946
1.316915 0.754567 0.013025
1.332869 0.736258 0.011452
1.350052 0.652312 0.008311
1.366574 0.710781 0.015068
1.383087 0.716308 0.013553
1.399328 0.710304 0.012070
1.416291 0.739196 0.011350
1.432777 0.731431 0.012746
1.449458 0.741282 0.012711
1.466307 0.733548 0.011417
1.482992 0.731825 0.012175
1.499555 0.740471 0.012567
1.516450 0.734515 0.012102
1.536635 0.744468 0.012476
1.549473 0.815074 0.014383
1.565939 0.772030 0.010233
1.582830 0.796772 0.013682
1.599715 0.734975 0.009981
1.616131 0.731408 0.012813
1.633117 0.718494 0.011840
1.649570 0.719685 0.012465
1.666126 0.717650 0.012179
1.682811 0.713194 0.011956
1.699786 0.737921 0.013297
1.715963 0.733531 0.011799
1.732709 0.726855 0.011852
1.749327 0.735230 0.012623
1.766125 0.713517 0.011170
1.783325 0.786724 0.015559
1.799379 0.727755 0.010576
1.815975 0.752642 0.011621
1.832860 0.760939 0.012523
1.849421 0.738236 0.011262
1.865960 0.732726 0.012081
1.882776 0.749302 0.013164
1.899198 0.759412 0.012926
1.916239 0.733905 0.011098
1.932563 0.731355 0.012309
1.949251 0.729927 0.012332
1.965941 0.727798 0.012192
1.982767 0.719843 0.011850
1.999169 0.740942 0.013630
2.015904 0.729656 0.011434
2.032559 0.731830 0.012155
2.049422 0.723875 0.011887
2.065852 0.743215 0.013060
2.082629 0.746549 0.012420
2.099133 0.739083 0.011986
2.115803 0.701015 0.010953
2.132838 0.718739 0.013783
2.149469 0.705680 0.011600
2.169779 0.700031 0.011655
2.188637 0.708655 0.012121
2.199339 0.755940 0.012773
2.216661 0.784769 0.013389
2.232584 0.757396 0.011779
2.249431 0.777632 0.012205
2.266749 0.795790 0.013303
2.282951 0.768643 0.013516
2.301271 0.701205 0.011964
2.315954 0.926738 0.011943
2.339002 0.999798 0.013442
2.349646 0.996391 0.011826
2.366924 0.972925 0.012327
2.382618 0.922396 0.011896
2.399496 0.865057 0.012041
2.415873 0.804436 0.012156
2.433871 0.771159 0.012534
2.449428 0.739088 0.012627
2.465894 0.732296 0.013247
2.481373 0.718886 0.012230
2.498308 0.712550 0.011707
2.514685 0.716732 0.012849
2.531260 0.741895 0.013404
2.547942 0.726732 0.011724
2.565887 0.723154 0.012665
2.582581 0.715090 0.011755
2.599029 0.732824 0.013163
2.615812 0.718836 0.011362
2.632321 0.711190 0.011638
2.649102 0.735581 0.013440
2.665713 0.743018 0.012316
2.682469 0.762725 0.013164
2.698926 0.748050 0.011606
2.715846 0.749789 0.012416
2.732269 0.768866 0.013421
2.749036 0.778004 0.012937
2.765541 0.760806 0.011806
2.782491 0.753974 0.012268
2.798970 0.770856 0.013603
2.815863 0.756165 0.011955
2.833629 0.733312 0.011496
2.849131 0.728222 0.012406
2.865665 0.710017 0.011497
2.883331 0.719899 0.012838
2.899075 0.730102 0.012712
2.915669 0.728322 0.012074
2.932350 0.731544 0.012227
2.948993 0.739986 0.012840
2.965719 0.738642 0.011894
2.982195 0.769267 0.013773
2.998921 0.746841 0.011282
3.015707 0.746788 0.012455
3.032354 0.758676 0.012914
3.049067 0.758533 0.012507
3.065746 0.775112 0.013388
3.082580 0.746439 0.011167
3.099110 0.716777 0.011217
3.115933 0.691387 0.011226
3.132450 0.681031 0.011783
3.148908 0.799219 0.036548
3.165874 0.803706 0.011671
3.182329 0.723575 0.009808
3.199007 0.699828 0.012647
3.215682 0.685263 0.012211
3.232365 0.699694 0.012364
3.248924 0.709338 0.011447
3.265756 0.707369 0.010826
3.282302 0.752896 0.013201
3.299013 0.725266 0.009928
3.315700 0.721193 0.011691
3.332576 0.736718 0.012930
3.348874 0.735133 0.011672
3.365796 0.721019 0.011576
3.382300 0.710308 0.011388
3.399004 0.707741 0.011890
3.415523 0.732828 0.013041
3.432399 0.708999 0.010847
3.448905 0.706421 0.011698
3.465855 0.696853 0.011717
3.482281 0.711609 0.012383
3.499240 0.710404 0.011936
3.515559 0.717270 0.011902
3.532350 0.748482 0.013504
3.548898 0.724146 0.010680
3.565851 0.696955 0.011025
3.582392 0.720740 0.013071
3.598901 0.717567 0.011666
3.616508 0.690355 0.011186
3.632465 0.677722 0.010749
3.648897 0.707277 0.012997
3.665500 0.748238 0.013635
3.682241 0.711272 0.010002
3.698861 0.687430 0.010729
3.715547 0.690158 0.012000
3.732130 0.698668 0.012096
3.748844 0.686309 0.011140
3.765502 0.681581 0.011390
3.782256 0.673921 0.011235
3.798733 0.677018 0.011490
3.815610 0.686527 0.012022
3.832184 0.700178 0.012013
3.853034 0.671233 0.012480
3.865800 0.742589 0.011415
3.885319 0.715627 0.011290
3.900745 0.726741 0.011152
4.032041 0.740791 0.011129
4.059042 0.819019 0.094432
4.071615 0.717974 0.010924
4.082243 0.704075 0.007505
4.098644 0.612994 0.007778
4.129629 0.409733 0.006122
4.134871 0.596106 0.005375
4.149047 0.740688 0.009970
4.164409 0.819938 0.009384
4.180886 0.838729 0.008982
4.197491 0.843205 0.010146
4.214120 0.805909 0.009425
4.230757 0.768777 0.010282
4.248633 0.683009 0.008763
4.265225 0.640558 0.010114
4.281856 0.618742 0.010785
4.298811 0.595587 0.010431
4.315244 0.613997 0.011737
4.332405 0.615022 0.011062
4.352235 0.598880 0.011619
4.365370 0.624048 0.009098
4.381890 0.655909 0.011695
4.398816 0.672146 0.011340
4.415534 0.671954 0.010615
4.431858 0.716942 0.012787
4.448491 0.694557 0.009913
4.465194 0.714361 0.012300
4.480891 0.749212 0.012438
4.497469 0.752309 0.011776
4.514164 0.728160 0.010756
4.530746 0.678629 0.009557
4.547477 0.679093 0.012029
4.567606 0.632845 0.011497
4.581807 0.690195 0.012015
4.598491 0.718510 0.012529
4.615902 0.701442 0.010944
4.631833 0.721000 0.011955
4.648809 0.713287 0.011451
4.665180 0.713033 0.011503
4.682415 0.708789 0.011970
4.699199 0.704524 0.011668
4.715208 0.715603 0.011854
4.731936 0.702507 0.011182
4.755037 0.636706 0.011848
4.776233 0.602848 0.012543
4.795192 0.597424 0.012232
4.803143 0.837327 0.010619
4.820208 0.928917 0.012097
4.831358 1.044539 0.011723
4.847724 1.057114 0.011780
4.864145 1.028144 0.011780
4.880956 0.935153 0.010146
4.897586 0.862511 0.011594
4.914357 0.803037 0.012259
4.930676 0.758414 0.012208
4.962105 0.574296 0.011916
4.964678 1.550124 0.009067
4.980757 3.025510 0.015842
4.997499 3.881368 0.014211
5.014084 4.133430 0.013226
Speed: 50
0.015160 0.011989 0.000460
0.031870 0.006867 0.000228
0.048502 0.007180 0.000136
0.065361 0.011744 0.000644
0.082009 0.024737 0.001474
0.098657 0.015892 0.002095
0.115440 0.051595 0.001825
0.131899 0.160945 0.006006
0.148536 0.240156 0.004959
0.165067 0.371603 0.008165
0.181875 0.481024 0.008552
0.198454 0.576515 0.008935
0.215282 0.682159 0.010761
0.231781 0.742901 0.010300
0.248713 0.785557 0.010950
0.265095 0.811623 0.012313
0.281749 0.848619 0.012123
0.298409 0.823194 0.011856
0.315249 0.866562 0.012887
0.332744 0.866615 0.014208
0.349591 0.896734 0.012442
0.366637 0.902781 0.014280
0.381957 0.887007 0.014161
0.400979 0.871367 0.013656
0.415109 0.872556 0.014883
0.431793 0.854573 0.013773
0.448338 0.855559 0.014002
0.465365 0.840517 0.014217
0.481695 0.833480 0.013554
0.501682 0.845207 0.014541
0.515111 0.862089 0.015119
0.531857 0.876479 0.014890
0.548476 0.879823 0.014316
0.564965 0.895279 0.015377
0.580796 0.921911 0.015002
0.601341 0.937974 0.015836
0.613970 0.946453 0.014807
0.635005 0.915768 0.014864
0.647430 0.923409 0.014018
0.663965 0.909255 0.015777
0.680577 0.940543 0.015606
0.697449 0.922865 0.014344
0.713837 0.917768 0.015075
0.730736 0.911334 0.015409
0.747359 0.943007 0.016573
0.763782 0.897238 0.014294
0.780445 0.924688 0.015203
0.798350 0.947454 0.016454
0.813956 0.941760 0.015036
0.831203 0.917412 0.014571
0.847367 0.891876 0.014166
0.864997 0.899296 0.016876
0.880772 0.886372 0.014658
0.897503 0.885635 0.015554
0.914271 0.931594 0.015970
0.934227 0.950594 0.015994
0.947572 0.954547 0.015290
0.965154 0.928322 0.014214
0.980492 0.908322 0.014529
0.997081 0.909481 0.015579
1.013864 0.929372 0.016250
1.031473 0.943575 0.016032
1.047310 0.920704 0.016458
1.063929 0.929292 0.015263
1.080559 0.947376 0.014387
1.097139 0.930482 0.014790
1.113818 0.944030 0.016153
1.131527 0.954209 0.015955
1.148346 0.952649 0.015613
1.165108 0.937845 0.016859
1.181677 0.964992 0.014832
1.198376 0.940401 0.015762
1.214948 0.948299 0.014777
1.231845 0.923548 0.015228
1.248301 0.969059 0.017161
1.264926 0.940513 0.015815
1.281639 0.978821 0.015264
1.298324 0.971551 0.015472
1.314867 0.968765 0.015764
1.332374 0.932200 0.015416
1.348311 0.944197 0.015592
1.365871 0.885942 0.016625
1.387471 0.996253 0.015130
1.400603 1.046384 0.016589
1.414846 1.039171 0.015163
1.431344 1.013208 0.014854
1.448165 1.005652 0.016184
1.464728 0.984742 0.016390
1.481368 0.952992 0.014206
1.498099 0.939954 0.015718
1.514729 0.904032 0.015461
1.531358 0.911887 0.015240
1.548117 0.910898 0.015750
1.564760 0.881435 0.016006
1.581361 0.910862 0.014231
1.597983 0.905174 0.016762
1.617995 0.967344 0.015790
1.631534 0.934975 0.014948
1.647943 0.980136 0.015466
1.664684 0.985298 0.015856
1.681321 0.967983 0.014942
1.698403 0.950479 0.014789
1.714728 0.926995 0.015040
1.731382 0.930737 0.015839
1.748093 0.916065 0.015442
1.764737 0.920230 0.015499
1.781669 0.862207 0.015898
1.798655 0.896262 0.015447
1.814945 0.924078 0.016970
1.831579 1.003820 0.015509
1.850472 1.004740 0.015432
1.867149 1.020339 0.016088
1.881463 1.024181 0.016450
1.898059 1.041746 0.017081
1.914627 1.019612 0.015114
1.931438 0.965885 0.014131
1.948214 0.948734 0.016990
1.967040 0.947876 0.016081
1.982297 0.926465 0.015094
1.998163 0.910783 0.014534
2.015563 0.858474 0.016048
2.031256 0.942935 0.015380
2.047987 0.965355 0.016110
2.064584 0.994183 0.016682
2.081362 0.987766 0.015181
2.098530 0.923810 0.015119
2.114927 0.955988 0.015425
2.131375 0.979979 0.016360
2.148051 0.957828 0.014871
2.164619 0.965463 0.015939
2.180104 0.981143 0.015856
2.196899 0.983553 0.015319
2.213517 0.980728 0.016541
2.230111 0.974264 0.016108
2.246746 0.988711 0.016156
2.263539 0.943529 0.014220
2.280407 0.932304 0.015442
2.296773 0.945764 0.016790
2.315460 0.936345 0.015411
2.331602 0.910167 0.015218
2.348137 0.913954 0.016475
2.364707 0.919939 0.015821
2.381296 0.945339 0.017275
2.397946 0.954829 0.016687
2.417836 0.968976 0.014634
2.431993 0.968362 0.015673
2.450114 0.906997 0.013114
2.465088 0.966697 0.018291
2.481759 0.904461 0.014513
2.497995 0.956084 0.015150
2.515675 0.886455 0.015829
2.531418 1.116015 0.037418
2.548066 1.132458 0.015159
2.564530 1.045792 0.014346
2.581317 0.981857 0.015575
2.597989 0.906762 0.013972
2.614931 0.886552 0.015632
2.631351 0.869880 0.013915
2.648063 0.889545 0.015403
2.664529 0.933279 0.016137
2.681491 0.920417 0.014053
2.697940 0.927944 0.015202
2.714989 0.919204 0.015173
2.731357 0.912193 0.014564
2.750333 0.869925 0.014862
2.765391 0.902219 0.014348
2.781135 0.919136 0.015420
2.797793 0.950600 0.016521
2.814715 0.943401 0.014967
2.831679 0.941384 0.015482
2.851550 0.895366 0.015616
2.865060 0.936431 0.014032
2.881775 0.924404 0.014630
2.897714 0.913081 0.014067
2.914518 0.909889 0.015252
2.931507 0.912191 0.015666
2.947641 0.907717 0.014526
2.964468 0.904755 0.015230
2.981020 0.909273 0.015279
2.997910 0.904956 0.015135
3.014477 0.896895 0.014643
3.031002 0.887226 0.014489
3.047710 0.874922 0.014460
3.064405 0.877202 0.015101
3.080938 0.878218 0.014746
3.097596 0.864414 0.014054
3.114261 0.884761 0.015709
3.130669 0.899380 0.015137
3.146717 0.922854 0.015313
3.163133 0.915627 0.014285
3.179837 0.905943 0.014562
3.196454 0.896957 0.014574
3.213086 0.895658 0.014970
3.229885 0.859943 0.013343
3.246439 0.865215 0.015040
3.263169 0.879902 0.015507
3.279815 0.860393 0.013691
3.296548 0.840908 0.013685
3.313169 0.842743 0.014510
3.329941 0.854601 0.015048
3.346564 0.880892 0.015532
3.363369 0.871517 0.013970
3.379700 0.876959 0.014415
3.396467 0.897093 0.015565
3.413096 0.905989 0.014998
3.429782 0.903957 0.014637
3.446458 0.899433 0.014637
3.463101 0.906632 0.015257
3.479716 0.894214 0.014292
3.496295 0.881897 0.014289
3.513048 0.876405 0.014721
3.529776 0.880152 0.015099
3.546393 0.878210 0.014623
3.563048 0.864243 0.014012
3.579667 0.874065 0.015087
3.596288 0.876628 0.014664
3.613054 0.871626 0.014407
3.629656 0.868541 0.014344
3.646266 0.888079 0.015451
3.663089 0.889022 0.014746
3.679765 0.891260 0.014762
3.696445 0.888813 0.014616
3.712975 0.895072 0.014955
3.730019 0.892202 0.014996
3.746364 0.882339 0.014061
3.762886 0.874600 0.014301
3.779693 0.889599 0.015639
3.796571 0.879875 0.014435
3.813072 0.874869 0.014347
3.829963 0.889901 0.015664
3.846313 0.907260 0.015288
3.864104 0.869754 0.013784
3.880755 0.878517 0.015187
3.897469 0.851173 0.013375
3.913965 0.858473 0.014816
3.930631 0.888069 0.015963
3.947366 0.884284 0.014382
3.964136 0.888920 0.014915
3.980665 0.901553 0.015161
3.997376 0.907470 0.015078
4.014125 0.897481 0.014425
4.030712 0.891605 0.014554
4.047612 0.885503 0.014815
4.064020 0.873166 0.014086
4.080844 0.886601 0.015653
4.097364 0.885395 0.014574
4.113990 0.870879 0.014012
4.130609 0.862363 0.014273
4.147244 0.886374 0.015795
4.164013 0.888623 0.014843
4.180567 0.869326 0.013710
4.197286 0.872137 0.014844
4.213953 0.887706 0.015410
4.230882 0.890657 0.015012
4.247200 0.891851 0.014444
4.264285 0.890221 0.015023
4.280632 0.873777 0.013683
4.297834 0.884974 0.015830
4.313866 0.865373 0.013222
4.330813 0.859168 0.014635
4.347280 0.868531 0.014870
4.364152 0.864820 0.014512
4.380542 0.876526 0.014836
4.397656 0.896409 0.015900
4.413958 0.915394 0.015206
4.430923 0.915438 0.015067
4.454538 0.833911 0.015168
4.469772 0.847438 0.013809
4.480652 0.988597 0.013930
4.497204 1.027509 0.015467
4.513790 1.032533 0.014857
4.530435 1.031883 0.015443
4.547754 1.002038 0.014704
4.563986 0.961698 0.014396
4.580392 0.925654 0.014350
4.597242 0.899631 0.015032
4.614047 0.891684 0.015570
4.630491 0.871426 0.014339
4.647298 0.833025 0.013454
4.663925 0.842618 0.015344
4.680989 0.829298 0.014272
4.700423 0.797373 0.015038
Speed: 60
0.016496 0.031201 0.001331
0.032403 0.010522 0.001490
0.049010 0.024521 0.000419
0.069231 0.013146 0.000814
0.082352 0.016632 0.000188
0.099867 0.008058 0.000908
0.116721 0.039722 0.002086
0.133065 0.133234 0.004705
0.148916 0.269360 0.007102
0.165670 0.392159 0.006838
0.182338 0.516909 0.009239
0.198898 0.587565 0.007313
0.215993 0.703667 0.011624
0.232326 0.831430 0.013854
0.250797 0.883713 0.011842
0.265754 0.923171 0.012931
0.282179 0.976706 0.014962
0.298841 0.963229 0.012851
0.315818 0.978812 0.015024
0.332448 0.966579 0.014395
0.349461 0.893241 0.013750
0.366049 0.902386 0.015702
0.382226 0.981735 0.015614
0.399522 1.012675 0.019426
0.415678 1.044967 0.014196
0.432337 1.019985 0.016898
0.449432 1.051014 0.015208
0.465620 1.041504 0.018272
0.482091 1.105856 0.017155
0.499138 1.121605 0.017954
0.515483 1.109402 0.016846
0.532043 1.090762 0.016982
0.548815 1.074494 0.017289
0.565439 1.065239 0.017593
0.597321 1.067952 0.017975
0.599885 1.067952 0.000000
0.615640 1.075297 0.036909
0.632097 1.058510 0.017087
0.649956 0.969044 0.016408
0.665449 1.067574 0.018645
0.683318 1.062800 0.019208
0.698743 1.148676 0.015629
0.715630 1.199503 0.019386
0.732091 1.221424 0.018951
0.749210 1.203243 0.017952
0.765513 1.203371 0.019127
0.782369 1.158245 0.017171
0.799205 1.141035 0.018782
0.815831 1.106944 0.017736
0.832050 1.078805 0.017667
0.849669 1.076754 0.018815
0.865492 1.082109 0.018791
0.884796 1.082109 0.000000
0.900624 1.066172 0.037515
0.915719 1.076119 0.018310
0.934136 0.996315 0.017768
0.948901 1.143596 0.018816
0.965726 1.129712 0.019756
0.982087 1.204683 0.015416
0.998919 1.269775 0.021175
1.015444 1.266366 0.018517
1.032056 1.223108 0.017379
1.048845 1.210064 0.019303
1.065364 1.184920 0.018763
1.082225 1.146633 0.018080
1.098738 1.138638 0.019527
1.115595 1.119948 0.018560
1.131947 1.099311 0.018251
1.148829 1.077133 0.018049
1.165650 1.083386 0.019025
1.182105 1.048129 0.018186
1.199027 1.097697 0.018929
1.215601 1.079844 0.019503
1.232490 1.121521 0.017237
1.249664 1.113501 0.020138
1.265641 1.204907 0.019449
1.282404 1.204005 0.018341
1.299050 1.173127 0.017465
1.315552 1.157185 0.018419
1.332502 1.179047 0.020335
1.349040 1.156857 0.018338
1.365820 1.106523 0.016830
1.382246 1.097681 0.018654
1.399260 1.115776 0.019994
1.415796 1.112279 0.018531
1.432487 1.084597 0.017323
1.449218 1.124679 0.020581
1.465709 1.105365 0.019853
1.482734 1.118832 0.016577
1.499018 1.069708 0.018901
1.516203 1.183967 0.019581
1.532651 1.202263 0.018987
1.548477 1.188766 0.018089
1.566365 1.194343 0.019318
1.581914 1.203014 0.019938
1.600004 1.180045 0.018292
1.615220 1.168507 0.019256
1.633239 1.153074 0.018621
1.649567 1.150567 0.019714
1.666629 1.089811 0.019606
1.681922 1.120028 0.018999
1.699733 1.167011 0.018324
1.715984 1.118479 0.017295
1.731687 1.132302 0.018275
1.749445 1.083378 0.021401
1.765931 1.203120 0.016872
1.782843 1.181533 0.019014
1.799326 1.249325 0.018893
1.815905 1.254817 0.019209
1.832547 1.232937 0.018450
1.849097 1.227295 0.019751
1.865954 1.184955 0.018034
1.882362 1.137738 0.017810
1.900906 1.055511 0.020781
1.916208 1.056720 0.017931
1.932781 1.027439 0.019837
1.949589 1.257776 0.017966
1.966372 1.292069 0.019685
1.981849 1.290340 0.018944
2.000021 1.298739 0.018479
2.016131 1.320405 0.018700
2.032537 1.256130 0.019940
2.049094 1.280913 0.018448
2.065410 1.234281 0.020818
2.081742 1.231538 0.018006
2.098399 1.190567 0.018595
2.115074 1.161502 0.019143
2.131725 1.144193 0.019358
2.148412 1.114184 0.018441
2.165007 1.106156 0.019050
2.181780 1.073283 0.037956
2.198352 1.045353 0.016591
2.215019 1.042263 0.019369
2.231743 1.036908 0.018358
2.248440 1.014524 0.016798
2.264977 1.066425 0.019633
2.281761 1.086211 0.017977
2.298387 1.098868 0.017689
2.315131 1.117154 0.018451
2.331727 1.090178 0.016282
2.348505 1.122593 0.019975
2.365023 1.103319 0.017107
2.381693 1.105718 0.018405
2.398382 1.082072 0.017191
2.415169 1.088542 0.018726
2.431641 1.114216 0.019253
2.448457 1.076294 0.016501
2.464985 1.063950 0.017518
2.481664 1.076516 0.018754
2.498388 1.080147 0.018264
2.515075 1.067184 0.017382
2.531700 1.049161 0.017087
2.548323 1.092384 0.019963
2.565496 1.100646 0.018804
2.581383 1.097466 0.017016
2.598322 1.085100 0.017762
2.614982 1.093855 0.018559
2.631731 1.076270 0.017334
2.648283 1.074808 0.017932
2.664961 1.084872 0.018567
2.681577 1.071304 0.017321
2.698205 1.049945 0.016903
2.715986 1.035505 0.018399
2.731516 1.094702 0.019234
2.748274 1.068231 0.016430
2.764870 1.078800 0.018236
2.781651 1.067024 0.017375
2.798230 1.068646 0.017830
2.814813 1.077612 0.018181
2.831532 1.068381 0.017444
2.848200 1.068022 0.017845
2.864770 1.054104 0.017072
2.881564 1.079405 0.019223
2.898259 1.100191 0.018860
2.913696 1.101384 0.016792
2.930384 1.099784 0.018075
2.947066 1.096493 0.018002
2.963765 1.084794 0.017660
2.980330 1.075564 0.017645
2.997091 1.076618 0.018314
3.013837 1.065413 0.017590
3.030349 1.068841 0.017994
3.047198 1.068851 0.018146
3.063591 1.097530 0.019020
3.080217 1.087952 0.017419
3.096944 1.079451 0.017680
3.113815 1.064294 0.017485
3.130243 1.066115 0.017801
3.147016 1.081542 0.018818
3.163619 1.070387 0.017298
3.180232 1.071153 0.017918
3.196807 1.054959 0.016993
3.213565 1.052050 0.017830
3.230190 1.075175 0.018913
3.248397 1.043457 0.017622
3.264750 1.051765 0.017740
3.281639 1.063182 0.018430
3.297965 1.055668 0.016915
3.313584 1.097257 0.018478
3.330167 1.109877 0.018235
3.346790 1.110569 0.017928
3.363400 1.088720 0.016971
3.380186 1.102270 0.019000
3.397937 1.103476 0.019458
3.414605 1.093071 0.017744
3.431458 1.051788 0.016416
3.448199 1.066331 0.018927
3.464743 1.051691 0.017165
3.481508 1.066091 0.018700
3.498005 1.079588 0.018282
3.514638 1.100794 0.018852
3.531289 1.071797 0.016497
3.547975 1.080094 0.018427
3.565822 1.071656 0.018792
3.581297 1.084148 0.017242
3.598005 1.099977 0.018795
3.615132 1.088163 0.017904
3.633969 1.053404 0.018471
3.647608 1.115436 0.017167
3.666295 1.108605 0.019459
3.680308 1.173467 0.017971
3.696923 1.164402 0.017695
3.713545 1.166236 0.018646
3.730097 1.168941 0.018916
3.746827 1.141394 0.017778
3.763499 1.141394 0.000000
3.780050 1.109118 0.035097
3.797803 1.109118 0.000000
3.814945 1.109118 0.000000
3.831502 1.109118 0.000000
3.847812 1.071643 0.072376
3.864483 1.071643 0.000000
3.881696 1.068410 0.037266
3.898276 1.048492 0.016959
3.914818 1.044521 0.017601
3.931502 1.084800 0.019842
3.947753 1.084800 0.000000
3.964840 1.106575 0.036904
3.981276 1.099964 0.017569
3.997986 1.120069 0.019222
4.014800 1.075898 0.016216
4.031684 1.108515 0.020185
4.047859 1.085393 0.016598
4.070667 0.993456 0.018801
Speed: 70
0.016506 0.028226 0.001312
0.033195 0.007582 0.001623
0.050661 0.021515 0.000591
0.067829 0.019074 0.000228
0.083605 0.007151 0.000565
0.099826 0.017548 0.001141
0.116799 0.035664 0.002634
0.135517 0.145916 0.005599
0.150274 0.297637 0.008050
0.166302 0.426198 0.008462
0.183041 0.524087 0.007721
0.202227 0.659109 0.011486
0.216231 0.789445 0.013283
0.235115 0.909732 0.013933
0.249757 0.986234 0.013805
0.268791 1.009520 0.013469
0.282979 1.041794 0.014892
0.299808 1.060192 0.016329
0.316377 1.058703 0.015227
0.332897 1.116431 0.019268
0.349745 1.089768 0.015179
0.366399 1.071289 0.017287
0.382967 1.108888 0.018905
0.399755 1.088613 0.017225
0.418040 1.099698 0.019026
0.432862 1.121997 0.017799
0.450448 1.160576 0.020020
0.466392 1.159735 0.019579
0.487004 1.196518 0.019601
0.500872 1.165157 0.018205
0.516375 1.228468 0.020900
0.536391 1.213512 0.018780
0.550839 1.238592 0.020927
0.566182 1.157099 0.018884
0.582963 1.217916 0.020464
0.599770 1.270875 0.020179
0.618491 1.261987 0.020757
0.632918 1.183565 0.020911
0.651135 1.415748 0.020290
0.666750 1.476403 0.022520
0.684349 1.446473 0.021194
0.700160 1.530955 0.021607
0.715614 1.483516 0.020063
0.731774 1.443418 0.021553
0.748681 1.376141 0.019295
0.769208 1.317457 0.020586
0.782145 1.290123 0.022025
0.798352 1.257823 0.021578
0.815205 1.224417 0.020825
0.832887 1.233803 0.021802
0.849459 1.255200 0.021686
0.866004 1.247948 0.020725
0.882694 1.215959 0.021506
0.898379 1.258224 0.021401
0.915021 1.285259 0.021330
0.931634 1.305667 0.021926
0.948617 1.318714 0.022158
0.966351 1.308823 0.021678
0.983176 1.299318 0.021208
0.999771 1.287093 0.020870
1.016150 1.305771 0.022460
1.036467 1.290589 0.021013
1.049782 1.291492 0.021489
1.066513 1.276678 0.020811
1.085837 1.307920 0.023417
1.100408 1.291068 0.020447
1.117077 1.312258 0.022470
1.132952 1.317089 0.022029
1.149814 1.305007 0.021350
1.168827 1.293787 0.021243
1.183458 1.297604 0.021986
1.199742 1.288684 0.021786
1.217772 1.291627 0.020751
1.232700 1.279619 0.021862
1.249449 1.292164 0.021913
1.265997 1.274825 0.020987
1.282736 1.302616 0.022885
1.299432 1.308760 0.021862
1.316020 1.297202 0.020427
1.332779 1.306728 0.021731
1.349283 1.318568 0.022026
1.366036 1.319508 0.021702
1.382721 1.303632 0.021121
1.399394 1.333563 0.023307
1.415936 1.335805 0.022515
1.432676 1.348056 0.022202
1.449362 1.316796 0.021192
1.465981 1.344628 0.022624
1.482578 1.353630 0.023054
1.499413 1.324988 0.021143
1.515944 1.345090 0.022385
1.532520 1.354784 0.022992
1.549229 1.349580 0.022308
1.565905 1.320916 0.020561
1.582515 1.337748 0.023247
1.599257 1.340093 0.022376
1.615852 1.316570 0.021333
1.632536 1.313125 0.021926
1.649242 1.309036 0.021827
1.665860 1.328954 0.023011
1.682459 1.318947 0.022707
1.699150 1.285425 0.020441
1.715877 1.332505 0.023475
1.732539 1.327240 0.022369
1.749061 1.360734 0.022094
1.765899 1.349090 0.021885
1.782547 1.356328 0.022830
1.799183 1.354056 0.022111
1.815902 1.372493 0.022756
1.837782 1.375148 0.023405
1.849236 1.339514 0.020804
1.869790 1.352295 0.023360
1.882526 1.347840 0.022607
1.902910 1.330101 0.021286
1.916583 1.290988 0.041034
1.935524 1.230534 0.020899
1.949794 1.236430 0.019899
1.965951 1.241179 0.021266
1.982548 1.270975 0.022329
2.000325 1.267140 0.021557
2.016788 1.271237 0.020360
2.035527 1.236948 0.020983
2.049775 1.311034 0.020798
2.065855 1.343884 0.021682
2.082485 1.354126 0.021553
2.101805 1.299766 0.021747
2.117778 1.305234 0.021103
2.133393 1.331760 0.021532
2.151840 1.270348 0.020596
2.166560 1.309772 0.020798
2.183620 1.292012 0.021101
2.199396 1.288314 0.020244
2.218290 1.244736 0.021984
2.234578 1.252169 0.021199
2.251517 1.256362 0.021719
2.265892 1.283775 0.019340
2.282484 1.301384 0.021831
2.299081 1.303114 0.021216
2.318309 1.260696 0.022149
2.333485 1.267912 0.019698
2.350299 1.273423 0.021710
2.366897 1.275165 0.021201
2.382347 1.326147 0.022042
2.398863 1.310981 0.020373
2.416153 1.275144 0.020506
2.432581 1.273150 0.021111
2.449037 1.284575 0.021717
2.465732 1.251530 0.019770
2.482416 1.235102 0.020502
2.500134 1.214522 0.021395
2.518744 1.192982 0.022167
2.533798 1.245085 0.020895
2.549671 1.270410 0.020653
2.567282 1.262034 0.021289
2.582575 1.315915 0.021551
2.598932 1.329629 0.021223
2.615696 1.284107 0.019130
2.632428 1.294585 0.022062
2.649069 1.293904 0.021419
2.665721 1.271597 0.020377
2.682286 1.266037 0.021042
2.699183 1.248345 0.020760
2.715684 1.252666 0.021193
2.732575 1.227763 0.020102
2.749036 1.219179 0.020245
2.765735 1.210724 0.020373
2.782207 1.219494 0.020776
2.799015 1.233429 0.021341
2.818212 1.196294 0.021409
2.832477 1.267840 0.020477
2.850999 1.247086 0.021220
2.866511 1.271881 0.020198
2.882101 1.284932 0.019915
2.901320 1.220569 0.020232
2.915838 1.286148 0.020881
2.932041 1.312943 0.021390
2.949345 1.319442 0.022073
2.965746 1.303224 0.020171
2.982119 1.274305 0.019675
2.999108 1.278846 0.022130
3.016022 1.246514 0.020085
3.034130 1.213897 0.021438
3.049405 1.246837 0.020693
3.066109 1.240991 0.020573
3.082097 1.258554 0.020764
3.099034 1.254935 0.020925
3.117213 1.237341 0.021754
3.137391 1.170709 0.021181
3.148959 1.333664 0.019621
3.165376 1.392448 0.022204
3.182153 1.380612 0.020120
3.199423 1.367450 0.021465
3.214259 1.378399 0.020090
3.231104 1.345948 0.020804
3.249980 1.254909 0.020171
3.264249 1.304925 0.020834
3.281245 1.299964 0.021831
3.298184 1.274210 0.020718
3.314511 1.285712 0.021742
3.330839 1.303270 0.021928
3.348974 1.287821 0.022571
3.365433 1.264682 0.020116
3.382098 1.215158 0.018967
3.399490 1.168256 0.019727
3.417610 1.167368 0.022606
3.431536 1.236221 0.019748
3.448961 1.290391 0.023723
3.465917 1.207623 0.016559
Speed: 80
0.020777 0.014390 0.000649
0.035571 0.018451 0.000236
0.053779 0.013281 0.000606
0.066102 0.015042 0.000740
0.086703 0.018164 0.001074
0.099501 0.020144 0.000859
0.119934 0.062393 0.002770
0.132742 0.165244 0.005226
0.150661 0.309072 0.007648
0.169908 0.455771 0.008924
0.183789 0.586681 0.009785
0.204966 0.696504 0.010463
0.216370 0.811238 0.013645
0.232573 0.924606 0.013348
0.252322 0.988322 0.014164
0.268288 1.084967 0.015509
0.283605 1.147785 0.018507
0.302459 1.218358 0.017105
0.318840 1.223575 0.016925
0.335668 1.225461 0.018117
0.351106 1.241199 0.019537
0.367120 1.216277 0.018071
0.383730 1.211490 0.019628
0.399492 1.211466 0.019825
0.418070 1.243627 0.021532
0.432662 1.224330 0.019303
0.456524 1.270652 0.022585
0.467191 1.294580 0.021594
0.483711 1.314022 0.021932
0.499333 1.312288 0.020887
0.519462 1.311054 0.021200
0.532673 1.352811 0.024028
0.552746 1.361820 0.021841
0.569456 1.318520 0.021780
0.583887 1.398883 0.023601
0.601167 1.384471 0.024423
0.619392 1.432305 0.021100
0.635360 1.442641 0.023294
0.651134 1.463825 0.024050
0.666884 1.429372 0.023692
0.682690 1.508134 0.025079
0.701101 1.436321 0.020215
0.715948 1.449200 0.024696
0.735780 1.440749 0.023660
0.749214 1.422341 0.023071
0.765904 1.412691 0.023734
0.782861 1.437352 0.025416
0.799135 1.432740 0.024384
0.815755 1.432362 0.022653
0.832405 1.416037 0.022978
0.849115 1.458616 0.027617
0.865998 1.492290 0.024085
0.882354 1.439858 0.022679
0.899245 1.466544 0.024160
0.915885 1.502130 0.025748
0.932719 1.483937 0.023451
0.949911 1.457402 0.023081
0.965826 1.449668 0.024326
0.986860 1.482647 0.026002
1.001074 1.486822 0.024520
1.016941 1.441429 0.024247
1.033591 1.443986 0.025197
1.051139 1.466531 0.025061
1.066048 1.458528 0.023768
1.082562 1.455347 0.024472
1.099165 1.476205 0.026097
1.115758 1.487671 0.025747
1.132363 1.508333 0.022878
1.149039 1.462002 0.024988
1.167891 1.482196 0.025261
1.182442 1.538440 0.024391
1.199027 1.536692 0.022761
1.215588 1.559384 0.026270
1.232572 1.548536 0.026727
1.248979 1.538881 0.022891
1.267391 1.461842 0.023830
1.282334 1.515577 0.025092
1.301070 1.560523 0.027530
1.316898 1.536661 0.023826
1.332478 1.525897 0.024707
1.349063 1.520777 0.025144
1.365680 1.533292 0.026218
1.382629 1.487126 0.023070
1.399058 1.491273 0.025471
1.416806 1.502751 0.025907
1.432219 1.515007 0.025628
1.448943 1.499460 0.024386
1.465585 1.489868 0.024750
1.482155 1.498201 0.025414
1.498917 1.491328 0.024614
1.517560 1.486795 0.024816
1.532169 1.509623 0.025941
1.550853 1.573845 0.028011
1.565573 1.553978 0.024267
1.583056 1.528747 0.024220
1.598855 1.528867 0.025441
1.615615 1.523859 0.025443
1.632283 1.489399 0.023665
1.648924 1.532902 0.027578
1.665646 1.544709 0.025948
1.682373 1.544972 0.025443
1.698938 1.529668 0.024665
1.715760 1.505157 0.024585
1.732363 1.486262 0.044491
1.748944 1.422257 0.021503
1.765679 1.379867 0.023808
1.782363 1.354756 0.023778
1.799122 1.386680 0.025530
1.815559 1.360272 0.021565
1.832592 1.397103 0.025125
1.850509 1.415025 0.025360
1.865630 1.466888 0.023173
1.882385 1.478418 0.023924
1.899037 1.504491 0.024958
1.916031 1.522895 0.025544
1.938166 1.374477 0.022223
1.948973 1.553092 0.021051
1.965544 1.642782 0.027038
1.982239 1.660363 0.024892
1.999048 1.598099 0.022223
2.015553 1.533597 0.022401
2.032237 1.549198 0.026731
2.048950 1.512764 0.024112
2.065645 1.448994 0.022582
2.082219 1.425141 0.024047
2.098973 1.436921 0.025630
2.115591 1.413095 0.023289
2.132289 1.361421 0.021746
2.148931 1.380896 0.024828
2.165599 1.393599 0.024181
2.182212 1.419299 0.024643
2.198955 1.403279 0.022714
2.215548 1.441161 0.025230
2.232226 1.439733 0.023475
2.248806 1.442931 0.023731
2.265631 1.428291 0.023339
2.282215 1.429836 0.023791
2.298790 1.432914 0.023897
2.315621 1.433746 0.024131
2.332228 1.422358 0.023207
2.348795 1.442386 0.024766
2.365587 1.446961 0.024308
2.382175 1.432618 0.023101
2.399912 1.411078 0.024345
2.416495 1.396268 0.023000
2.433257 1.392152 0.023633
2.449893 1.392047 0.023475
2.466526 1.406215 0.024050
2.483247 1.399953 0.023112
2.499877 1.420754 0.024385
2.516516 1.423000 0.023481
2.533275 1.436541 0.024304
2.549844 1.442644 0.023784
2.566478 1.436359 0.023380
2.583273 1.438164 0.024100
2.599830 1.437769 0.023696
2.616478 1.419062 0.022936
2.633063 1.404090 0.023003
2.650031 1.433570 0.025699
2.666475 1.434539 0.023460
2.683419 1.434178 0.024160
2.699824 1.430129 0.023252
2.716515 1.447507 0.024749
2.733066 1.451321 0.023946
2.750084 1.401524 0.021945
2.766614 1.430122 0.025092
2.783001 1.431687 0.023463
2.799754 1.422740 0.023468
2.816421 1.448693 0.025087
2.832986 1.463353 0.024422
2.849638 1.464733 0.024027
2.870143 1.370092 0.023773
2.882973 1.463603 0.021693
2.899696 1.490737 0.024721
2.916372 1.527346 0.025592
2.933052 1.550209 0.025371
2.949746 1.528752 0.023654
2.967015 1.528752 0.000000
2.983087 1.535007 0.049689
2.999928 1.531907 0.025323
3.016490 1.501066 0.023640
3.032996 1.503552 0.025277
3.049642 1.503552 0.000000
3.066350 1.450709 0.045680
3.082959 1.450709 0.000000
3.099669 1.457188 0.050886
3.116214 1.412017 0.022213
3.132940 1.422548 0.024949
3.149544 1.461171 0.025932
Speed: 90
0.016551 0.024258 0.001062
0.033413 0.009779 0.000623
0.050022 0.009040 0.000399
0.066588 0.004527 0.000208
0.083302 0.005880 0.000130
0.099962 0.013055 0.000997
0.116578 0.059831 0.002694
0.133253 0.181625 0.006319
0.149909 0.313111 0.007423
0.166900 0.489793 0.010897
0.183567 0.587789 0.008477
0.208862 0.673092 0.010945
0.216687 0.931645 0.013180
0.233157 1.105866 0.015753
0.249908 1.200165 0.015189
0.266772 1.299670 0.018231
0.283151 1.330782 0.017287
0.301075 1.287240 0.018049
0.317596 1.318170 0.017578
0.334339 1.297431 0.018784
0.351386 1.296937 0.020511
0.367586 1.278663 0.020032
0.384228 1.300303 0.021965
0.401265 1.282592 0.020525
0.418388 1.330963 0.023601
0.434727 1.367956 0.023339
0.451769 1.332692 0.020133
0.467891 1.380579 0.024325
0.484950 1.422567 0.024279
0.501081 1.418995 0.022502
0.518425 1.424921 0.023215
0.533735 1.466655 0.025221
0.550033 1.541740 0.025594
0.566723 1.545750 0.024090
0.583638 1.533686 0.023829
0.599916 1.552533 0.025991
0.616777 1.533631 0.024143
0.633209 1.526563 0.024957
0.656003 1.535513 0.026408
0.667826 1.539404 0.025235
0.684211 1.539052 0.025545
0.700813 1.542295 0.026115
0.717445 1.521954 0.026508
0.733172 1.545893 0.025503
0.749770 1.569530 0.025493
0.766404 1.592409 0.026731
0.783173 1.567055 0.024580
0.800364 1.610075 0.028212
0.816302 1.618883 0.026676
0.833086 1.639283 0.027288
0.849974 1.636169 0.026963
0.866523 1.664782 0.027814
0.883004 1.601690 0.025540
0.899881 1.570019 0.024528
0.916514 1.552735 0.028144
0.933601 1.636781 0.027678
0.949770 1.654061 0.027336
0.968262 1.629000 0.025780
0.983167 1.635183 0.028050
0.999809 1.663437 0.027147
1.016564 1.623003 0.025590
1.033135 1.623913 0.027052
1.049925 1.637225 0.027373
1.066450 1.568240 0.026784
1.083647 1.599857 0.026055
1.101336 1.573665 0.027735
1.117945 1.557496 0.027471
1.134172 1.497283 0.025930
1.150740 1.706480 0.027384
1.167880 1.747135 0.027334
1.184122 1.768666 0.027368
1.201090 1.766299 0.028708
1.217818 1.760792 0.026350
1.234305 1.754888 0.028490
1.250802 1.735512 0.028130
1.267826 1.634321 0.029714
1.284205 1.716091 0.024196
1.302501 1.654200 0.028220
1.318513 1.756345 0.027301
1.334549 1.793760 0.029520
1.350728 1.740843 0.025728
1.367641 1.736864 0.028439
1.384036 1.729634 0.028431
1.401183 1.685019 0.026690
1.417280 1.649505 0.026867
1.433971 1.664237 0.029055
1.450791 1.659785 0.028254
1.467229 1.585202 0.026964
1.483854 1.660603 0.027753
1.500623 1.695912 0.028902
1.517970 1.644440 0.028274
1.533929 1.717473 0.026621
1.550703 1.748620 0.029421
1.567272 1.760944 0.028290
1.584489 1.761551 0.028521
1.600659 1.697676 0.025454
1.618804 1.567166 0.042931
1.633920 1.600327 0.026591
1.650707 1.558579 0.026331
1.667525 1.520811 0.025330
1.684056 1.517056 0.025942
1.700477 1.588888 0.028906
1.717267 1.594167 0.025966
1.733895 1.603590 0.026121
1.750491 1.614216 0.026372
1.767325 1.638943 0.027897
1.783896 1.632272 0.026098
1.800580 1.607933 0.025603
1.817637 1.595565 0.027025
1.833967 1.621908 0.027534
1.850709 1.609746 0.026295
1.867254 1.605180 0.026416
1.883843 1.573684 0.025232
1.900574 1.581372 0.027208
1.917240 1.590961 0.027072
1.933883 1.568142 0.025444
1.950504 1.567439 0.026341
1.967269 1.587479 0.027501
1.984197 1.596450 0.027182
2.000525 1.594077 0.025736
2.017214 1.582937 0.025932
2.033898 1.596889 0.027206
2.051358 1.582786 0.026983
2.067256 1.592732 0.025725
2.085216 1.551193 0.026278
2.101451 1.555627 0.025848
2.118470 1.565286 0.027229
2.133946 1.640695 0.027761
2.150593 1.636706 0.026011
2.167673 1.648060 0.027835
2.183865 1.637896 0.025614
2.201165 1.610100 0.026609
2.217181 1.601736 0.025567
2.234361 1.580720 0.026698
2.250618 1.555757 0.024902
2.268585 1.517191 0.026634
2.283687 1.582421 0.026631
2.300791 1.567485 0.025898
2.317047 1.597251 0.026882
2.333821 1.597631 0.026367
2.350445 1.610852 0.026897
2.367118 1.605627 0.026223
2.383648 1.609975 0.026567
2.400338 1.608361 0.026639
2.417135 1.596132 0.026331
2.433808 1.600290 0.026927
2.450527 1.607958 0.027143
2.467182 1.591457 0.025867
2.483774 1.579493 0.025964
2.500437 1.583562 0.026797
2.517047 1.604035 0.027437
2.533810 1.583498 0.025638
2.550492 1.580827 0.026437
2.568249 1.573644 0.027812
2.583925 1.619152 0.026943
2.600439 1.625878 0.026491
2.617046 1.634155 0.026913
2.633765 1.653823 0.027851
2.650430 1.657215 0.027148
2.674307 1.518776 0.028741
2.683769 1.826622 0.023461
2.700394 1.888908 0.026681
2.716990 1.939241 0.028486
2.733658 1.925628 0.027324
2.750323 1.905559 0.028419
2.767059 1.826205 0.026421
2.783606 1.787092 0.028357
2.800910 1.685004 0.026255
2.816964 1.617890 0.025438
2.833545 1.590230 0.027554
2.850374 1.581336 0.028140
2.866930 1.560467 0.026435
2.883576 1.553771 0.026784
2.900330 1.576088 0.028053
2.917116 1.571021 0.026469
2.933844 1.593597 0.027660
2.950371 1.637114 0.028360
2.967149 1.658105 0.027818
2.983733 1.686317 0.028147
3.000481 1.649234 0.025501
3.017751 1.634495 0.027636
Speed: 100
0.016700 0.024900 0.001099
0.033258 0.026253 0.000548
0.050012 0.018109 0.000455
0.066620 0.021116 0.001726
0.083224 0.008284 0.001476
0.099889 0.003928 0.000301
0.116613 0.073186 0.003782
0.133227 0.207124 0.006872
0.149849 0.332434 0.007236
0.166637 0.456376 0.008329
0.183221 0.562554 0.008906
0.199857 0.657849 0.010032
0.216580 0.802533 0.014178
0.233222 0.912602 0.014057
0.249877 0.987868 0.014383
0.266683 1.072215 0.016434
0.283210 1.173711 0.019038
0.299960 1.219291 0.017773
0.316449 1.277797 0.019935
0.333207 1.332152 0.020802
0.349830 1.351018 0.020509
0.366475 1.373530 0.021466
0.383202 1.395651 0.022313
0.399842 1.419941 0.022963
0.416439 1.424024 0.022715
0.433223 1.454361 0.024131
0.449842 1.482923 0.024824
0.466455 1.501892 0.024418
0.483170 1.506963 0.024427
0.499864 1.522483 0.025098
0.516545 1.541616 0.025702
0.533066 1.566360 0.026029
0.549891 1.585618 0.026494
0.566452 1.609179 0.026599
0.583153 1.623373 0.026626
0.599806 1.621867 0.026170
0.616401 1.641782 0.027793
0.633053 1.643302 0.026544
0.649826 1.637544 0.027037
0.666410 1.670129 0.028359
0.683027 1.705025 0.029110
0.698720 1.744767 0.027547
0.715452 1.745063 0.027797
0.731928 1.756500 0.028741
0.748680 1.776721 0.029870
0.765325 1.774159 0.028612
0.782082 1.760487 0.028342
0.798622 1.768883 0.029726
0.815418 1.745950 0.028328
0.832024 1.751866 0.029270
0.848600 1.733592 0.028992
0.866372 1.713095 0.029443
0.883037 1.706624 0.028903
0.899674 1.728150 0.029791
0.916317 1.757047 0.030214
0.933015 1.764173 0.029011
0.949651 1.771253 0.029732
0.966268 1.797370 0.030128
0.983049 1.814837 0.030360
0.999635 1.805563 0.029147
1.016263 1.803621 0.029863
1.033150 1.816063 0.030236
1.049709 1.802635 0.030299
1.066276 1.821942 0.030006
1.083306 1.800806 0.029279
1.099680 1.811369 0.030519
1.116528 1.812593 0.030170
1.132870 1.795115 0.029061
1.149750 1.807338 0.031151
1.166258 1.830137 0.030896
1.183008 1.831892 0.030310
1.199635 1.828973 0.030188
1.216356 1.808671 0.029513
1.232888 1.813963 0.030377
1.249748 1.842457 0.031967
1.266242 1.857873 0.030887
1.282970 1.840599 0.029792
1.299637 1.832879 0.030402
1.316375 1.821218 0.029867
1.332849 1.810712 0.030040
1.349589 1.828979 0.031568
1.366400 1.860707 0.031740
1.382923 1.853486 0.030104
1.399575 1.817374 0.028948
1.416347 1.788570 0.029393
1.432975 1.856982 0.033492
1.451213 1.889042 0.032425
1.466218 1.877926 0.029974
1.482856 1.835426 0.028581
1.499656 1.823632 0.048927
1.516376 1.790218 0.028702
1.532964 1.748023 0.028894
1.549640 1.711306 0.029282
1.566255 1.724499 0.030173
1.583018 1.703642 0.028276
1.599589 1.723127 0.029425
1.616326 1.741450 0.029474
1.632975 1.766270 0.029714
1.649751 1.808158 0.030966
1.666120 1.809198 0.028621
1.683035 1.769111 0.027956
1.699539 1.789329 0.030270
1.716185 1.794630 0.029838
1.732881 1.770334 0.028559
1.749551 1.751417 0.028745
1.766172 1.749430 0.029394
1.782720 1.768539 0.030175
1.799540 1.749724 0.028736
1.816050 1.733674 0.028295
1.832801 1.758835 0.030677
1.849448 1.778093 0.030131
1.866132 1.775431 0.029201
1.882669 1.747083 0.027781
1.899762 1.744026 0.030019
1.918770 1.662536 0.028830
1.932759 1.779116 0.028970
1.949740 1.816013 0.030887
1.966088 1.820822 0.028699
1.983051 1.794897 0.028610
1.999407 1.800104 0.029390
2.016237 1.753381 0.027680
2.032657 1.742816 0.028743
2.051744 1.667106 0.029554
2.066005 1.738230 0.027695
2.082771 1.749676 0.029346
2.101129 1.698140 0.028773
2.116151 1.752723 0.028272
2.132654 1.756882 0.028578
2.149389 1.767082 0.029455
2.166743 1.740943 0.028831
2.185651 1.667393 0.028805
2.199807 1.759192 0.028172
2.215913 1.797511 0.029351
2.232806 1.795781 0.029094
2.251660 1.733508 0.029375
2.266042 1.766850 0.026559
2.284037 1.740849 0.029975
2.299601 1.785029 0.029234
2.316075 1.778407 0.028486
2.332716 1.763548 0.028541
2.349435 1.784061 0.030498
2.365998 1.789193 0.029514
2.382721 1.739943 0.027189
2.399293 1.758825 0.030266
2.416119 1.767720 0.030102
2.432717 1.731490 0.027441
2.449540 1.723096 0.029151
2.466051 1.742652 0.029812
2.482655 1.742334 0.028907
2.499309 1.783117 0.031086
2.516070 1.787851 0.029554
2.532561 1.785392 0.028940
2.549407 1.802221 0.030660
2.565959 1.805345 0.029591
2.582680 1.801156 0.029715
2.599141 1.781495 0.028571
2.616028 1.789876 0.030684
Speed: 110
0.016783 0.014040 0.000216
0.033302 0.015169 0.000206
0.050401 0.011017 0.000459
0.066481 0.006802 0.000393
0.083321 0.010501 0.000143
0.099927 0.028241 0.000850
0.120159 0.114412 0.004560
0.133312 0.213241 0.005321
0.153922 0.295635 0.005381
0.169091 0.404380 0.007647
0.183289 0.553552 0.010867
0.199889 0.671436 0.010912
0.216494 0.790868 0.013445
0.233192 0.910623 0.014639
0.252798 0.991340 0.014625
0.269106 1.104784 0.017945
0.283176 1.211717 0.019271
0.299913 1.262328 0.018354
0.316782 1.374292 0.022914
0.333016 1.375275 0.017241
0.349809 1.444968 0.023954
0.366408 1.451467 0.021485
0.383074 1.461100 0.022692
0.399784 1.463533 0.026012
0.416427 1.544357 0.024310
0.433050 1.563615 0.024530
0.449701 1.578507 0.025195
0.469086 1.601490 0.026120
0.482999 1.557770 0.025875
0.499762 1.582803 0.027059
0.516480 1.628287 0.025795
0.533797 1.684296 0.028588
0.549854 1.729897 0.028524
0.566718 1.755575 0.028490
0.583301 1.744548 0.027109
0.599889 1.761546 0.029362
0.616565 1.791053 0.029939
0.633287 1.793807 0.029020
0.649873 1.789636 0.029071
0.666275 1.783661 0.029119
0.682993 1.791121 0.029969
0.699654 1.813701 0.030808
0.716274 1.832073 0.030669
0.732989 1.842844 0.030309
0.749610 1.854276 0.030891
0.766550 1.869347 0.031172
0.783348 1.817762 0.031345
0.802043 1.828859 0.030740
0.818761 1.845457 0.031154
0.833433 1.868248 0.031679
0.852768 1.933542 0.030956
0.866286 1.957787 0.031537
0.882922 1.970102 0.032536
0.899718 1.993396 0.032798
0.916329 1.990356 0.031873
0.932926 1.993940 0.032818
0.949684 1.964809 0.031398
0.967333 1.969849 0.033441
0.982971 1.975548 0.032515
0.999671 1.930703 0.030727
1.016300 1.920148 0.032168
1.032938 1.932641 0.033029
1.049723 1.946388 0.033167
1.067807 1.978395 0.033823
1.085998 1.819140 0.032601
1.102078 2.107045 0.030189
1.116339 2.185632 0.033812
1.132904 2.211586 0.033313
1.149555 2.207547 0.033272
1.166209 2.189299 0.033571
1.182930 2.151608 0.033501
1.199436 2.107233 0.033163
1.216273 2.050545 0.032752
1.232841 2.016960 0.033736
1.249532 1.982384 0.032847
1.266060 1.939795 0.032037
1.282893 1.910411 0.032455
1.299448 1.942828 0.034572
1.316811 1.947126 0.032983
1.332833 1.943390 0.032625
1.352185 1.978102 0.034308
1.368845 2.009049 0.034103
1.385645 2.035727 0.034315
1.399558 2.018939 0.032174
1.416255 1.997034 0.032223
1.435397 1.939500 0.053424
1.449626 1.955475 0.028856
1.466125 1.953501 0.032632
1.482864 1.933930 0.031945
1.499544 1.911759 0.031521
1.516233 1.893363 0.031232
1.532767 1.890656 0.031463
1.549461 1.900673 0.032211
1.566359 1.919174 0.033061
1.582864 1.922412 0.031497
1.601805 1.874086 0.033279
1.620025 1.787739 0.029935
1.635236 1.880145 0.032543
1.649920 1.993728 0.032297
1.666074 2.018603 0.031416
1.682820 2.002257 0.031209
1.699376 2.027836 0.033476
1.716215 2.027161 0.033112
1.732810 1.970913 0.030191
1.753919 1.830000 0.033220
1.766429 2.031138 0.031443
1.782816 2.064501 0.032457
1.804805 1.949606 0.034036
1.819634 1.963782 0.029345
1.836000 1.972461 0.032208
1.849340 2.111143 0.031659
1.866118 2.121338 0.033233
1.885048 1.997687 0.030701
1.899332 2.039063 0.030480
1.918580 1.944640 0.033118
1.932715 1.978833 0.029508
1.949336 1.963673 0.032077
1.966017 1.964059 0.032937
1.982822 1.958575 0.032800
1.999333 1.911608 0.030119
2.015937 1.855295 0.029646
2.032746 1.832319 0.031293
2.049470 1.847156 0.032527
2.066032 1.866931 0.032122
2.082781 1.860487 0.031030
2.099437 1.861901 0.031210
2.116009 1.888435 0.032237
2.134263 1.873097 0.033230
2.149466 1.906968 0.029999
2.168507 1.839574 0.031765
2.182641 1.909645 0.029305
2.202226 1.857194 0.033151
2.215960 1.982035 0.030723
2.232565 1.997251 0.031594
2.249344 1.966847 0.030340
2.265929 1.992620 0.033239
2.282597 1.995126 0.032533
2.299499 1.951389 0.030916
2.316027 1.956432 0.032703
2.332860 1.913198 0.030822
2.349115 1.919260 0.032023
2.366026 1.882707 0.030926
2.383130 1.861491 0.031880
2.399496 1.905448 0.033354
2.418256 1.825714 0.031112
2.440235 1.689100 0.032692
2.449211 2.175833 0.028861
2.472006 2.282343 0.035975
Speed: 120
0.016747 0.020165 0.001069
0.033391 0.003661 0.001132
0.050159 0.017364 0.000632
0.066525 0.010321 0.000418
0.084479 0.008041 0.000036
0.099982 0.026059 0.001544
0.118277 0.108123 0.004581
0.134244 0.218553 0.006061
0.151205 0.307408 0.005949
0.167653 0.415207 0.007600
0.184311 0.483549 0.006941
0.200975 0.570778 0.009166
0.217690 0.682266 0.011797
0.234268 0.833054 0.014980
0.251014 0.986445 0.017079
0.267608 1.104573 0.017007
0.284306 1.165060 0.016508
0.300995 1.232675 0.018444
0.317652 1.309625 0.020694
0.334245 1.390097 0.021968
0.350902 1.390097 0.000000
0.367675 1.505975 0.043540
0.384266 1.533145 0.023497
0.400961 1.565391 0.024444
0.417663 1.570487 0.024477
0.434273 1.593169 0.025617
0.450858 1.582821 0.025000
0.467586 1.599752 0.026071
0.484505 1.646706 0.028287
0.500850 1.667671 0.027635
0.517652 1.684210 0.027283
0.534321 1.728691 0.029260
0.550885 1.756533 0.029298
0.567470 1.762361 0.028088
0.584253 1.776852 0.029509
0.600806 1.809245 0.030219
0.617604 1.845443 0.031196
0.634209 1.871317 0.030686
0.651009 1.857684 0.029862
0.667428 1.884121 0.031085
0.684401 1.921935 0.033077
0.700821 1.945962 0.031694
0.717482 1.927520 0.030976
0.734191 1.933360 0.031518
0.750854 1.955847 0.033574
0.767446 1.997385 0.033622
0.784100 2.010002 0.033021
0.800779 2.014994 0.032948
0.817495 2.013221 0.032999
0.834066 2.012545 0.032792
0.850815 1.980727 0.032047
0.867409 2.010281 0.034437
0.884113 2.051662 0.035551
0.900824 2.069146 0.034118
0.917457 2.033143 0.032204
0.934165 2.056509 0.034749
0.950840 2.094288 0.036359
0.967456 2.090969 0.033537
0.984076 2.064430 0.033528
1.000661 2.068288 0.034266
1.017688 2.091860 0.035607
1.034048 2.112471 0.035918
1.050674 2.102348 0.034102
1.067391 2.106307 0.034866
1.084235 2.124752 0.036091
1.100652 2.109930 0.034044
1.117439 2.110000 0.035184
1.133986 2.146763 0.036857
1.150774 2.126421 0.034352
1.167271 2.132463 0.035483
1.184215 2.127069 0.035860
1.200629 2.136777 0.035249
1.217441 2.134571 0.035677
1.234015 2.142272 0.035641
1.250651 2.121558 0.034852
1.267239 2.126252 0.035294
1.284675 2.124885 0.036167
1.300875 2.169169 0.036764
1.317360 2.136031 0.034574
1.334147 2.153970 0.036050
1.350728 2.130327 0.034977
1.367320 2.177143 0.037293
1.383947 2.236549 0.039422
1.400659 2.221058 0.034658
1.417366 2.124991 0.032105
1.433934 2.131899 0.053411
1.450688 2.129612 0.036076
1.467405 2.038386 0.031682
1.483964 1.994706 0.033309
1.500696 2.018028 0.036231
1.517336 1.986542 0.032639
1.533900 1.936069 0.031111
1.550715 1.976240 0.035716
1.567295 1.985218 0.033339
1.583937 1.993495 0.033426
1.600532 1.984697 0.032499
1.617497 2.054146 0.037213
1.633909 2.008836 0.030586
1.650695 2.022132 0.034422
1.667262 2.040548 0.034241
1.684057 2.090488 0.036413
1.700533 2.038693 0.030966
1.717485 2.066894 0.036118
1.733874 2.080937 0.034269
1.750708 2.071829 0.034139
1.767283 2.055797 0.033385
1.783925 2.079049 0.035501
1.800515 2.089345 0.034733
1.817208 2.109801 0.035575
1.833894 2.077740 0.033085
1.850554 2.063346 0.034007
1.867124 2.090363 0.035798
1.883961 2.044500 0.032673
1.900525 2.054947 0.034866
1.917181 2.040487 0.033686
1.933862 2.046050 0.034634
1.950568 2.067404 0.035392
1.967158 2.064775 0.033950
1.983903 2.070034 0.034721
2.000621 2.046645 0.033285
2.017198 2.068230 0.035220
2.033768 2.068230 0.000000
2.050523 2.068230 0.000000
2.067118 2.080919 0.103609
2.083804 2.088299 0.034947
2.100514 2.116522 0.036089
2.117164 2.112266 0.034513
2.133714 2.096449 0.033904
2.150565 2.074375 0.034235
2.167122 2.080620 0.034969
2.183942 2.107623 0.036485
2.200475 2.072759 0.032872
2.217291 2.036822 0.033379
2.233737 2.009548 0.032825
2.250561 2.040875 0.036281
2.267091 2.018398 0.032745
2.283897 2.081715 0.037516
2.300368 2.124306 0.035785
2.317159 2.115363 0.034190
Speed: 127
0.016568 0.025794 0.001480
0.033180 0.010576 0.000775
0.049961 0.008062 0.000513
0.066573 0.018556 0.000475
0.083107 0.014076 0.000657
0.099989 0.040403 0.002612
0.116542 0.125790 0.004683
0.133103 0.232130 0.005799
0.149762 0.349394 0.007190
0.166500 0.441874 0.007102
0.183154 0.568898 0.010702
0.199700 0.662583 0.010186
0.216469 0.836798 0.015004
0.233095 0.995162 0.016643
0.249855 1.074477 0.014832
0.266442 1.170331 0.017734
0.283220 1.207014 0.016819
0.299716 1.298967 0.021019
0.316628 1.348100 0.020457
0.333062 1.399067 0.022038
0.349907 1.460801 0.023549
0.366371 1.506113 0.024322
0.383288 1.558424 0.024873
0.399679 1.602950 0.025720
0.416451 1.570224 0.024915
0.433075 1.570224 0.000000
0.449743 1.578071 0.026881
0.466297 1.682949 0.055335
0.483063 1.731152 0.029464
0.499693 1.760437 0.028537
0.516337 1.808226 0.030315
0.533040 1.841201 0.030141
0.549675 1.870916 0.030692
0.566319 1.865610 0.029264
0.582964 1.888240 0.031730
0.599783 1.916886 0.031605
0.616303 1.928855 0.031959
0.632939 1.942951 0.031748
0.649691 1.955684 0.032243
0.666275 1.985311 0.033168
0.683037 2.019930 0.034059
0.699676 2.032633 0.033200
0.716399 1.974834 0.033367
0.732899 2.067572 0.033561
0.749526 2.111161 0.035614
0.766282 2.107653 0.033229
0.783059 2.120600 0.034664
0.799507 2.143172 0.035436
0.816400 2.130014 0.034544
0.832899 2.151715 0.035980
0.849776 2.151316 0.035261
0.866257 2.168313 0.036472
0.883121 2.150326 0.034691
0.899523 2.148169 0.035512
0.916431 2.157733 0.036390
0.932869 2.145296 0.035051
0.949630 2.147570 0.035907
0.966138 2.152749 0.036235
0.983035 2.166200 0.036335
0.999492 2.173907 0.036202
1.016282 2.102277 0.036742
1.032907 2.218667 0.036167
1.049545 2.302120 0.039269
1.066231 2.296432 0.036235
1.082897 2.279983 0.036176
1.099524 2.279983 0.000000
1.116172 2.300262 0.075322
1.132948 2.277152 0.036832
1.149513 2.285661 0.037704
1.166135 2.214667 0.034492
1.182791 2.225094 0.038208
1.199485 2.250228 0.038578
1.216158 2.254176 0.038404
1.232784 2.186127 0.036263
1.249759 2.214001 0.035384
1.266151 2.240232 0.038538
1.282830 2.267274 0.038643
1.299559 2.201010 0.037052
1.316212 2.154918 0.050591
1.332920 2.134867 0.035819
1.349849 2.109096 0.036298
1.366277 2.108110 0.036305
1.383375 2.086427 0.035529
1.399566 2.146751 0.036947
1.416536 2.143648 0.035257
1.432938 2.178048 0.036048
1.449679 2.179350 0.035407
1.466256 2.222554 0.037574
1.483137 2.196847 0.035027
1.499564 2.211768 0.036455
1.516408 2.196337 0.036046
1.532907 2.226487 0.037645
1.549633 2.220529 0.036438
1.566314 2.195384 0.035544
1.583112 2.174063 0.035986
1.599624 2.162876 0.035754
1.616041 2.179421 0.036743
1.632778 2.169597 0.036044
1.649430 2.151329 0.035395
1.666388 2.150384 0.036815
1.682796 2.173958 0.036694
1.699420 2.201461 0.037351
1.716134 2.199797 0.036216
1.732741 2.184064 0.035452
1.749519 2.163256 0.035608
1.766032 2.203690 0.038009
1.782924 2.179406 0.035618
1.799348 2.180104 0.035894
1.816152 2.169353 0.036119
1.832690 2.181675 0.036645
1.849568 2.186031 0.036967
1.866041 2.188384 0.036009
1.882974 2.194269 0.037240
1.899425 2.165157 0.034503
1.916269 2.151780 0.036091
1.932653 2.171455 0.036578
1.949600 2.170362 0.036710
1.966154 2.170515 0.035899
1.982878 2.169183 0.036298
1.999613 2.191369 0.037441
2.016068 2.222598 0.037290
2.032650 2.181435 0.034150
2.049290 2.183717 0.036553
2.066047 2.188507 0.036938
2.082695 2.192993 0.036641
2.099363 2.177181 0.035673
2.116170 2.165592 0.036157
2.132670 2.221041 0.038768
2.149290 2.238306 0.037149
2.166184 2.254539 0.037956
2.182705 2.240692 0.035976
2.199360 2.261117 0.038184
2.216020 2.246675 0.036483
2.232660 2.231273 0.036530
2.249482 2.210315 0.036652
