seed 0625df82b164592b
Playbook: loading ../../gameplay/plays/test/kick_penalty.play
Playbook: loading ../../gameplay/plays/test/motion_challenge.play
Playbook: loading ../../gameplay/plays/test/their_kickoff.play
Playbook: loading ../../gameplay/plays/test/our_kickoff.play
Playbook: loading ../../gameplay/plays/test/test.play
Playbook: loading ../../gameplay/plays/test/defend_penalty.play
Playbook: loading ../../gameplay/plays/test/their_freekick.play
Playbook: loading ../../gameplay/plays/test/our_freekick.play
InputHandler Error: No such file or directory
Not using joystick controller
No controller: Auto/Running
Set trigger camera: 0
Switching to play "motion challenge"
Play "motion challenge" ended: completed 1/1
Speed: 0
0.016687 0.013116 0.001452
0.033391 0.008431 0.000923
0.049876 0.006543 0.000654
0.066613 0.014108 0.001315
0.083241 0.015071 0.000993
0.099944 0.002176 0.001163
0.116513 0.007537 0.000559
0.133354 0.003385 0.000836
0.149910 0.014774 0.001248
0.166565 0.004086 0.001010
0.183251 0.020651 0.001537
0.199853 0.004442 0.001366
0.216546 0.002838 0.000224
0.233314 0.003511 0.000815
0.249834 0.004656 0.000383
0.266508 0.032884 0.002847
0.283139 0.019896 0.001714
0.299949 0.015143 0.000346
0.316490 0.029208 0.001330
0.333188 0.020692 0.001147
0.349890 0.007540 0.000754
0.366551 0.014213 0.001110
0.383105 0.013903 0.000367
0.399950 0.007165 0.000900
0.416507 0.027338 0.001270
0.433167 0.025522 0.000752
0.449703 0.026713 0.000124
0.466484 0.011672 0.001598
0.483116 0.005107 0.000924
0.499809 0.007961 0.000318
0.516471 0.015076 0.000527
0.533213 0.006448 0.001794
0.550134 0.002920 0.000923
0.566537 0.008161 0.000422
0.583148 0.008530 0.000190
0.599690 0.008470 0.000779
0.616421 0.008735 0.000506
0.633040 0.013819 0.000354
0.649634 0.002379 0.000998
0.666623 0.003624 0.000105
0.683128 0.009333 0.000780
0.699726 0.011663 0.000128
0.716355 0.006485 0.000536
0.733268 0.010910 0.000434
0.749698 0.006516 0.000719
0.766533 0.011860 0.000892
0.783101 0.010992 0.000233
0.799810 0.004801 0.000807
0.816366 0.013287 0.000991
0.833143 0.014237 0.001462
0.849669 0.006513 0.001245
0.866402 0.015511 0.000703
0.882951 0.004316 0.001124
0.899694 0.010207 0.000553
0.916331 0.009171 0.001084
0.933116 0.012021 0.001302
0.949752 0.012164 0.000103
0.966670 0.009141 0.000479
0.982920 0.009918 0.001228
0.999696 0.004445 0.000971
1.016479 0.012758 0.000699
1.032927 0.003751 0.001118
1.049766 0.012104 0.000665
1.066354 0.017264 0.000644
1.082938 0.007250 0.000945
1.099577 0.002190 0.000480
1.116296 0.000777 0.000504
1.133411 0.015466 0.001145
1.149562 0.006847 0.001079
1.166427 0.003560 0.000568
1.182885 0.014649 0.001080
1.199613 0.008141 0.000734
1.216338 0.000795 0.000529
1.232913 0.011295 0.000656
1.249583 0.023385 0.000933
1.266557 0.022548 0.000623
1.282929 0.011841 0.000615
1.299843 0.008991 0.000416
1.316602 0.006905 0.000529
1.332904 0.005402 0.001099
1.349487 0.005964 0.000833
1.366120 0.008498 0.000539
1.382851 0.011223 0.000679
1.399508 0.007419 0.000946
1.416117 0.008127 0.000407
1.432813 0.004945 0.000465
1.449458 0.007272 0.000405
1.466112 0.000688 0.000479
1.482943 0.007574 0.000726
1.499444 0.012940 0.001400
1.516189 0.013324 0.001303
1.532708 0.008484 0.000856
1.549623 0.009103 0.000145
1.566066 0.015090 0.000343
1.582968 0.006081 0.001404
1.599488 0.012863 0.000627
1.616078 0.011874 0.001737
1.632679 0.017680 0.001284
1.649422 0.005324 0.001492
1.666078 0.015904 0.001189
1.682705 0.016352 0.001331
1.699380 0.011884 0.001863
1.716066 0.009143 0.001321
1.732742 0.016344 0.001214
1.749326 0.011294 0.001063
1.766083 0.011600 0.000519
1.782866 0.001933 0.000774
1.799620 0.013067 0.000797
1.816066 0.008327 0.000620
1.832917 0.014199 0.000497
1.849296 0.007265 0.001168
1.866379 0.007339 0.000576
1.882844 0.007019 0.000251
1.900159 0.012297 0.000909
1.915865 0.006138 0.000835
1.932640 0.008470 0.001041
1.949298 0.012107 0.001129
1.965883 0.013754 0.000636
1.982629 0.012344 0.000562
1.999299 0.011481 0.000089
2.015928 0.014007 0.000856
2.032640 0.018491 0.000551
2.049268 0.015790 0.000395
2.065909 0.008132 0.000476
2.082656 0.007813 0.000172
2.099266 0.021486 0.001747
2.116073 0.016989 0.001287
2.132508 0.016611 0.000111
2.149307 0.014903 0.000225
2.165865 0.002041 0.001081
2.182511 0.007063 0.000792
2.199287 0.014212 0.000697
2.216667 0.009608 0.000708
2.232692 0.007070 0.000204
2.250345 0.005229 0.000506
2.265894 0.005167 0.000594
2.282501 0.001153 0.000709
2.299215 0.009268 0.000853
2.315806 0.004933 0.000911
2.332482 0.010214 0.000294
2.349114 0.010983 0.000232
2.366059 0.017749 0.000603
2.382459 0.024773 0.000631
2.399265 0.016029 0.000911
2.415834 0.018842 0.000672
2.432478 0.018293 0.000355
2.449099 0.003388 0.001374
2.465959 0.014716 0.000378
2.482484 0.017074 0.000434
2.499063 0.025223 0.000480
2.515810 0.016053 0.001887
2.532488 0.005344 0.001063
2.549062 0.007978 0.000414
2.565685 0.013740 0.000402
2.582475 0.014020 0.000906
2.599383 0.002363 0.001023
2.616445 0.005715 0.000227
2.632431 0.007618 0.000454
2.649159 0.012901 0.000922
2.665865 0.003296 0.000905
2.682577 0.005641 0.000369
2.699076 0.011758 0.000577
2.715665 0.012967 0.000583
2.732428 0.008698 0.000255
2.749083 0.004528 0.000672
2.765666 0.009198 0.000244
2.782284 0.023390 0.000872
2.801022 0.029114 0.000874
2.815740 0.022440 0.000780
2.832425 0.007623 0.000813
2.849079 0.010132 0.000917
2.866062 0.013715 0.000788
2.883137 0.005762 0.001436
2.899114 0.010121 0.001427
2.915750 0.008020 0.000858
2.932389 0.017456 0.000577
2.949016 0.022607 0.000701
2.965718 0.026109 0.000433
2.982349 0.019247 0.000700
2.999010 0.017949 0.000694
3.015688 0.005738 0.000614
3.032364 0.011566 0.000836
3.048972 0.005823 0.001032
3.065756 0.007175 0.000262
3.082307 0.010022 0.000494
3.098953 0.012607 0.000187
3.115720 0.013877 0.000470
3.132385 0.018250 0.000498
3.148919 0.005155 0.001373
3.165658 0.010609 0.001299
3.182304 0.019491 0.000747
3.198991 0.009340 0.000977
3.215616 0.005260 0.000290
3.233476 0.004910 0.000449
3.248994 0.012572 0.000372
3.266785 0.007761 0.000624
3.282383 0.016476 0.000750
3.300108 0.005765 0.001673
3.315618 0.006957 0.001375
3.333536 0.014554 0.001265
3.349022 0.009245 0.001110
3.367075 0.012534 0.000125
3.382181 0.010603 0.001624
3.398973 0.002115 0.001088
3.415587 0.009049 0.000534
3.432228 0.011684 0.000406
3.448932 0.017152 0.000549
3.465671 0.010234 0.001135
3.482255 0.012834 0.000390
3.499025 0.010101 0.001618
3.515641 0.008353 0.000894
3.533939 0.009183 0.000480
3.549772 0.011526 0.000646
3.566209 0.004055 0.001011
3.582500 0.015555 0.001076
3.599334 0.012699 0.002509
3.615480 0.004466 0.001143
3.638479 0.002653 0.000304
3.648681 0.007848 0.000305
3.666237 0.005010 0.000809
3.683612 0.014601 0.001477
3.699561 0.003224 0.001384
3.716664 0.004336 0.000688
3.732191 0.011649 0.001067
3.748911 0.016807 0.000148
3.765446 0.014269 0.000515
3.784328 0.020395 0.000692
3.798833 0.009669 0.000821
3.816827 0.008845 0.000600
3.832070 0.017138 0.000469
3.848804 0.007547 0.001214
3.865397 0.003948 0.000357
3.882216 0.010709 0.000608
3.898740 0.018275 0.000530
3.915559 0.013971 0.000488
3.932162 0.019800 0.001893
3.948893 0.012429 0.001394
3.965762 0.018013 0.000747
3.982004 0.018574 0.000699
3.998826 0.016893 0.000562
4.015379 0.014629 0.001059
4.032061 0.006374 0.000799
4.048728 0.021515 0.001184
4.065339 0.004516 0.001602
4.082070 0.011964 0.000966
4.098670 0.012039 0.000195
4.115349 0.012310 0.000229
4.131954 0.008194 0.001207
4.148776 0.021262 0.001748
4.165293 0.012300 0.001150
4.181950 0.018753 0.000699
4.198553 0.002247 0.001651
4.215527 0.006763 0.000925
4.231921 0.004020 0.000410
4.248574 0.008355 0.000243
4.265319 0.009692 0.000608
4.282202 0.012722 0.000435
4.298525 0.014781 0.000460
4.315339 0.012286 0.000246
4.331937 0.005620 0.000361
4.348625 0.002676 0.000185
4.365285 0.003912 0.000333
4.381881 0.011214 0.000428
4.398551 0.006169 0.000883
4.415262 0.004151 0.000741
4.431921 0.006047 0.000541
4.448550 0.005121 0.000815
4.465176 0.003374 0.000741
4.481991 0.005372 0.000343
4.498595 0.007160 0.000137
4.515203 0.009561 0.001253
4.532108 0.020122 0.000561
4.548589 0.026319 0.000793
4.566013 0.010450 0.001470
4.582784 0.012715 0.001240
4.599111 0.008231 0.001330
4.616046 0.017292 0.001035
4.632276 0.013252 0.001579
4.649378 0.021371 0.000531
4.665763 0.013507 0.000821
4.682669 0.011317 0.000253
4.699071 0.020057 0.000861
4.716016 0.009832 0.001691
4.732274 0.009325 0.001889
4.750218 0.009819 0.001587
4.766148 0.005402 0.000768
4.783362 0.006417 0.000730
4.799266 0.005092 0.000451
4.818027 0.006583 0.000218
4.832563 0.008804 0.000224
4.849834 0.007027 0.000643
4.866088 0.005334 0.000412
4.882803 0.008665 0.000377
4.899865 0.004148 0.000396
4.916322 0.009547 0.000889
4.932747 0.009858 0.000673
4.948983 0.017257 0.001314
4.966014 0.004637 0.001121
4.982328 0.012355 0.000884
4.999236 0.003747 0.001172
5.015739 0.015054 0.000624
Speed: 10
0.016655 0.003849 0.001171
0.033447 0.002731 0.000212
0.050015 0.012576 0.000894
0.066670 0.021701 0.000596
0.083307 0.025615 0.000478
0.100090 0.010520 0.002052
0.118201 0.007511 0.000697
0.132283 0.011235 0.001362
0.150123 0.014386 0.000848
0.166617 0.072127 0.004308
0.183361 0.084711 0.000808
0.200040 0.114544 0.002344
0.216654 0.140000 0.002358
0.233261 0.160698 0.002209
0.250070 0.187430 0.003188
0.268498 0.143711 0.001925
0.283349 0.139332 0.002701
0.299841 0.151203 0.003721
0.316690 0.132880 0.000837
0.333256 0.109384 0.001389
0.349904 0.115038 0.003356
0.366549 0.120417 0.002808
0.383313 0.088384 0.000514
0.399832 0.072088 0.001313
0.416635 0.084546 0.003401
0.433234 0.112484 0.003612
0.449913 0.107779 0.001214
0.466636 0.129877 0.003165
0.483269 0.131582 0.001717
0.499863 0.114618 0.000421
0.516527 0.129781 0.003374
0.533248 0.150101 0.003573
0.549890 0.140716 0.000893
0.566458 0.168185 0.004303
0.583346 0.176124 0.002385
0.599857 0.143018 0.001030
0.616537 0.149265 0.003592
0.633204 0.152159 0.002861
0.650193 0.138101 0.001476
0.666434 0.136039 0.002652
0.683222 0.149891 0.003575
0.699725 0.117086 0.000333
0.716513 0.116931 0.002963
0.735460 0.117865 0.002627
0.749818 0.117486 0.002148
0.766383 0.127244 0.002901
0.783075 0.153965 0.003888
0.799808 0.113006 0.001555
0.816405 0.088423 0.001324
0.833004 0.104682 0.003805
0.849812 0.117197 0.002829
0.866414 0.129430 0.002511
0.883018 0.148087 0.003005
0.899595 0.148366 0.001594
0.916416 0.122783 0.000259
0.933043 0.127854 0.002933
0.949633 0.144730 0.003583
0.966360 0.124081 0.000381
0.982960 0.143893 0.004007
0.999555 0.166775 0.003654
1.016349 0.121123 0.001718
1.032963 0.109349 0.002160
1.049618 0.124215 0.003828
1.066362 0.120942 0.002217
1.082933 0.143786 0.003818
1.099552 0.176541 0.004121
1.116315 0.154780 0.000205
1.132981 0.143610 0.001725
1.149587 0.130105 0.001779
1.166129 0.118723 0.001943
1.182985 0.111099 0.002241
1.199594 0.122666 0.003301
1.216256 0.140943 0.003361
1.232949 0.131714 0.000987
1.249677 0.118126 0.001164
1.266213 0.115113 0.002205
1.282932 0.119553 0.002593
1.299497 0.114498 0.001634
1.316245 0.128261 0.003184
1.332862 0.125786 0.001569
1.349572 0.127785 0.002153
1.366120 0.123648 0.001740
1.382795 0.125073 0.002363
1.399519 0.147912 0.003806
1.416182 0.145151 0.001479
1.432785 0.138303 0.001608
1.449594 0.138625 0.002541
1.466179 0.138206 0.002362
1.482759 0.124622 0.001469
1.499484 0.133675 0.003210
1.516221 0.138623 0.002571
1.532828 0.134776 0.001998
1.549440 0.117843 0.001464
1.566103 0.103411 0.001453
1.582842 0.101759 0.002405
1.599355 0.130822 0.004326
1.616168 0.155576 0.003385
1.632771 0.145001 0.000787
1.649392 0.137381 0.001852
1.666093 0.137126 0.002379
1.682750 0.127641 0.001660
1.699315 0.123650 0.002232
1.716181 0.120946 0.002198
1.732796 0.118860 0.002140
1.749354 0.131785 0.003187
1.765927 0.131471 0.001875
1.782757 0.110054 0.000462
1.799337 0.107497 0.002325
1.816067 0.120757 0.003227
1.832751 0.115559 0.001406
1.849437 0.135215 0.003482
1.865960 0.136032 0.001797
1.882706 0.143551 0.002524
1.899385 0.111878 0.000519
1.916061 0.127454 0.003920
1.932782 0.127905 0.002077
1.949392 0.143544 0.003244
1.965933 0.148070 0.002178
1.982601 0.150217 0.002356
1.999376 0.153174 0.002425
2.016016 0.144943 0.001722
2.032621 0.149705 0.002891
2.049407 0.141501 0.001784
2.065948 0.135895 0.002224
2.082559 0.123454 0.001731
2.099296 0.115715 0.002098
2.116022 0.108743 0.001965
2.132630 0.108073 0.002251
2.149260 0.126004 0.003438
2.165893 0.137369 0.002574
2.182597 0.132495 0.001312
2.199158 0.150506 0.003421
2.216107 0.133258 0.000950
2.232580 0.146819 0.003450
2.249244 0.141183 0.001761
2.265904 0.153958 0.003328
2.282600 0.148252 0.001719
2.299129 0.139830 0.001893
2.316032 0.125881 0.001740
2.332605 0.128147 0.002848
2.349279 0.123733 0.002031
2.365745 0.122367 0.002277
2.382591 0.120164 0.002082
2.399146 0.118349 0.002149
2.415860 0.140061 0.003907
2.432575 0.137371 0.001522
2.449244 0.132481 0.001680
2.465766 0.131945 0.002273
2.482519 0.131169 0.002144
2.499124 0.133548 0.002459
2.515868 0.134447 0.002252
2.532573 0.162588 0.004381
2.549208 0.142378 0.000191
2.565733 0.137681 0.002207
2.582410 0.125850 0.001622
2.599220 0.121159 0.002292
2.615825 0.106001 0.001242
2.632434 0.129371 0.004140
2.649225 0.130953 0.001908
2.665749 0.133692 0.002087
2.682378 0.137453 0.002319
2.699236 0.149920 0.003694
2.716188 0.147960 0.001883
2.732851 0.151728 0.002535
2.749484 0.135487 0.001060
2.765803 0.125249 0.002069
2.782401 0.128585 0.002901
2.799008 0.122631 0.001889
2.815781 0.119039 0.002080
2.832390 0.129979 0.003030
2.849089 0.128876 0.001892
2.865771 0.129981 0.002247
2.882403 0.137867 0.002697
2.899128 0.124226 0.001095
2.916638 0.127747 0.002726
2.932446 0.129014 0.002427
2.949581 0.134283 0.002549
2.965867 0.136708 0.002218
2.982971 0.129981 0.001587
2.999089 0.128548 0.002356
3.016191 0.115984 0.001339
3.032528 0.119622 0.002677
3.049586 0.123969 0.002605
3.065748 0.109528 0.000871
3.082931 0.097169 0.001307
3.099048 0.103694 0.002830
3.116119 0.109772 0.002303
3.132420 0.111046 0.001883
3.149550 0.109867 0.001649
3.165578 0.109103 0.001928
3.182849 0.116182 0.002863
3.199217 0.119222 0.001917
3.215560 0.138637 0.003259
3.232296 0.147703 0.002233
3.249009 0.140754 0.001244
3.265629 0.157465 0.003761
3.282222 0.144129 0.000943
3.298968 0.127241 0.001434
3.315637 0.130305 0.003097
3.332183 0.125457 0.002018
3.348975 0.113852 0.001480
3.365580 0.117538 0.002661
3.382231 0.114943 0.002164
3.398856 0.126214 0.003182
3.415599 0.108757 0.000516
3.432190 0.119513 0.003090
3.449112 0.121174 0.002061
3.465602 0.131397 0.002655
3.482207 0.134688 0.002022
3.498822 0.139591 0.002336
3.515609 0.129044 0.001253
3.532205 0.148706 0.003812
3.548830 0.165999 0.003243
3.565561 0.156075 0.001146
3.582211 0.147626 0.001941
3.598834 0.121419 0.000808
3.615432 0.120573 0.003123
3.632168 0.114757 0.002072
3.648840 0.098717 0.001242
3.665459 0.092610 0.002269
3.682173 0.103864 0.002751
3.698936 0.103705 0.001738
3.715460 0.116092 0.002606
3.732329 0.098527 0.000752
3.748802 0.129582 0.004473
3.765421 0.155864 0.003312
3.782193 0.157581 0.001790
3.798817 0.165210 0.002471
3.815455 0.153192 0.001236
3.831975 0.150665 0.002250
3.848993 0.141761 0.002066
3.865402 0.135224 0.002128
3.882133 0.120664 0.001619
3.898770 0.125536 0.003080
3.915435 0.119750 0.001811
3.932035 0.115927 0.002006
3.948798 0.106480 0.001431
3.965381 0.116528 0.002880
3.982234 0.106942 0.001112
3.998780 0.129899 0.003834
4.015488 0.128688 0.001440
4.032024 0.129595 0.001928
4.048672 0.121210 0.001305
4.065430 0.100694 0.000728
4.082247 0.100694 0.000000
4.098651 0.091386 0.002894
4.115644 0.092339 0.004603
4.132039 0.099520 0.002238
4.148645 0.110818 0.002412
4.165376 0.114161 0.001601
4.182234 0.130934 0.002984
4.198671 0.162421 0.003651
4.215437 0.164619 0.001513
4.232097 0.152401 0.000985
4.248757 0.136255 0.001479
4.270290 0.126685 0.001894
4.288577 0.126300 0.002843
4.299253 0.113997 0.001479
4.315216 0.122537 0.003497
4.331962 0.123582 0.002062
4.348568 0.127817 0.002426
4.365173 0.117756 0.001130
4.381946 0.098724 0.001219
4.398604 0.113317 0.003209
4.415181 0.140226 0.004040
4.431925 0.136372 0.001279
4.448573 0.145369 0.002917
4.465182 0.135820 0.001227
4.481781 0.122129 0.001309
4.498540 0.136001 0.003603
4.515209 0.142374 0.002531
4.531817 0.128612 0.001073
4.548555 0.127357 0.002367
4.565147 0.116144 0.001572
4.581815 0.105331 0.001695
4.598571 0.112529 0.003017
4.616291 0.117288 0.002558
4.631762 0.121254 0.002439
4.648422 0.128792 0.002209
4.665230 0.133198 0.002075
4.681851 0.132311 0.001884
4.698453 0.124938 0.001560
4.715215 0.125332 0.002111
4.731987 0.144783 0.003743
4.748882 0.142329 0.001660
4.765431 0.138844 0.001962
4.782012 0.131342 0.002093
4.798450 0.131476 0.002446
4.815238 0.131492 0.002457
4.831817 0.134857 0.002516
4.848533 0.125876 0.001534
4.865051 0.128242 0.002540
4.881982 0.115926 0.001389
4.898515 0.106759 0.001663
4.915204 0.118765 0.003306
4.931910 0.109585 0.001154
4.948592 0.116385 0.002623
4.965089 0.121692 0.002247
4.981989 0.122752 0.001879
4.998529 0.126323 0.002164
5.015289 0.131891 0.002414
Speed: 20
0.016615 0.020838 0.000900
0.033494 0.015922 0.000649
0.050044 0.011577 0.001771
0.066735 0.004233 0.001792
0.083419 0.008720 0.000448
0.100053 0.015221 0.001644
0.116693 0.002978 0.001548
0.133496 0.054635 0.004792
0.150008 0.137592 0.004847
0.166790 0.207282 0.003400
0.183315 0.282549 0.004763
0.200146 0.329935 0.003520
0.216660 0.379348 0.005288
0.233352 0.423292 0.006008
0.250017 0.440578 0.005060
0.266749 0.418796 0.003448
0.283273 0.399066 0.005147
0.300052 0.400588 0.007210
0.316668 0.347996 0.002878
0.333365 0.351670 0.008006
0.349996 0.299347 0.003586
0.366695 0.340494 0.007220
0.383290 0.351285 0.005533
0.399973 0.326026 0.003162
0.416580 0.348742 0.007448
0.433349 0.344719 0.005275
0.449933 0.351647 0.006019
0.466734 0.337323 0.004564
0.483239 0.341803 0.006263
0.499932 0.330737 0.004990
0.516572 0.323316 0.005266
0.533274 0.332611 0.006594
0.549870 0.346290 0.006464
0.566631 0.374916 0.007478
0.583264 0.354178 0.003439
0.599871 0.347816 0.005588
0.616488 0.332575 0.004797
0.633215 0.327872 0.006190
0.649851 0.334187 0.006236
0.666480 0.333522 0.005630
0.683144 0.355776 0.007247
0.699814 0.346843 0.004509
0.716409 0.348705 0.005820
0.733244 0.343354 0.005401
0.749860 0.338391 0.005488
0.766529 0.353860 0.007024
0.783230 0.353990 0.005499
0.799908 0.348046 0.005203
0.816449 0.335165 0.004914
0.833116 0.347227 0.007027
0.849840 0.336903 0.004830
0.866543 0.351721 0.007163
0.883047 0.356954 0.005897
0.899866 0.346089 0.004717
0.916458 0.330101 0.004863
0.933101 0.326860 0.005900
0.949816 0.336974 0.006671
0.966510 0.332725 0.005237
0.983078 0.368497 0.008251
0.999880 0.369542 0.005031
1.016424 0.367030 0.005319
1.032810 0.361750 0.005602
1.049507 0.347507 0.005053
1.069897 0.336999 0.005561
1.082822 0.338385 0.006418
1.101746 0.339043 0.005901
1.117484 0.334313 0.006159
1.133042 0.318563 0.004159
1.149415 0.312045 0.005711
1.166200 0.317327 0.005851
1.185421 0.324524 0.005953
1.199507 0.343210 0.006556
1.216240 0.351501 0.005845
1.232861 0.352421 0.005375
1.249429 0.341699 0.004704
1.266073 0.340356 0.005448
1.282811 0.334585 0.005476
1.299461 0.339708 0.006184
1.316039 0.333400 0.005131
1.332839 0.323939 0.005022
1.353330 0.346698 0.007587
1.365977 0.342244 0.004836
1.383184 0.369339 0.007747
1.399380 0.343964 0.003255
1.416393 0.329550 0.004989
1.432608 0.340815 0.007083
1.449782 0.325245 0.004658
1.470894 0.321849 0.005829
1.484989 0.330688 0.006443
1.499557 0.336601 0.006064
1.516182 0.333092 0.004978
1.532873 0.309569 0.003768
1.549574 0.313991 0.006286
1.566254 0.320255 0.006297
1.582820 0.336503 0.006555
1.603141 0.346805 0.006345
1.616160 0.325660 0.003307
1.632892 0.340874 0.006692
1.649216 0.337890 0.005109
1.666058 0.342428 0.006108
1.682618 0.341620 0.005329
1.704261 0.336627 0.005398
1.717036 0.317795 0.004691
1.736897 0.314295 0.005696
1.749188 0.326470 0.006625
1.769350 0.338104 0.005514
1.782909 0.369443 0.007661
1.799533 0.367569 0.004700
1.816221 0.360975 0.004979
1.832852 0.339061 0.004269
1.849496 0.335457 0.006184
1.866137 0.333669 0.006029
1.882844 0.342154 0.006478
1.899457 0.314507 0.003471
1.916106 0.315980 0.006243
1.932882 0.302975 0.004660
1.949476 0.312629 0.006500
1.966097 0.332855 0.006710
1.982857 0.335007 0.005042
1.999435 0.338758 0.005498
2.015874 0.323598 0.004713
2.032562 0.329259 0.005242
2.049269 0.348399 0.006744
2.066099 0.364592 0.006367
2.082473 0.341654 0.003524
2.100921 0.336849 0.005710
2.116153 0.349832 0.006973
2.132859 0.343261 0.005116
2.149520 0.362149 0.007204
2.166275 0.343620 0.004059
2.182814 0.324813 0.004571
2.199567 0.320844 0.006138
2.216166 0.319239 0.005729
2.232812 0.304932 0.004660
2.249547 0.329501 0.007468
2.266171 0.305837 0.003364
2.282775 0.322843 0.006882
2.299408 0.321034 0.004953
2.316174 0.330534 0.005983
2.332814 0.352303 0.006782
2.349373 0.331598 0.003373
2.366157 0.332071 0.005932
2.382772 0.338197 0.006095
2.399417 0.351105 0.006498
2.416097 0.336497 0.004230
2.432848 0.336497 0.000000
2.449355 0.340317 0.012651
2.466299 0.322114 0.004382
2.482763 0.327649 0.006489
2.499383 0.328477 0.005613
2.515974 0.307030 0.003923
2.532594 0.307030 0.000000
2.552851 0.285069 0.006030
2.565674 0.294821 0.011305
2.582403 0.311220 0.006384
2.599051 0.301103 0.004042
2.615760 0.322193 0.006764
2.636127 0.332915 0.005583
2.649287 0.351842 0.006251
2.665662 0.366762 0.006015
2.682402 0.367121 0.005133
2.699014 0.341229 0.003630
2.719907 0.343056 0.006499
2.732283 0.343512 0.006051
2.749128 0.343213 0.005795
2.765628 0.329358 0.004816
2.782411 0.316818 0.004947
2.799294 0.304367 0.004991
2.815776 0.334109 0.008146
2.832458 0.334587 0.004975
2.849121 0.346383 0.006140
2.865646 0.307315 0.002439
2.882370 0.318194 0.007085
2.898850 0.348663 0.007756
2.915746 0.338884 0.004187
2.932257 0.334848 0.005182
2.948968 0.318656 0.004473
2.965617 0.334905 0.007192
2.982383 0.335404 0.005417
2.998863 0.338728 0.005644
3.015713 0.343188 0.005942
3.032230 0.318541 0.003574
3.049089 0.334133 0.007178
3.065622 0.333347 0.005348
3.082453 0.342530 0.006284
3.098833 0.345764 0.005592
3.115608 0.352145 0.006010
3.132231 0.357619 0.005951
3.148946 0.355122 0.005493
3.165469 0.357500 0.006039
3.182358 0.360605 0.006058
3.198838 0.343269 0.004502
3.215844 0.342089 0.006231
3.232208 0.336248 0.005564
3.248977 0.319713 0.004725
3.265485 0.338196 0.007744
3.282322 0.335480 0.005213
3.298825 0.329055 0.005060
3.315582 0.349840 0.007287
3.332363 0.353885 0.005523
3.348832 0.342733 0.004676
3.365435 0.351076 0.006586
3.382122 0.341973 0.004970
3.398822 0.350586 0.006595
3.415647 0.361784 0.006478
3.432257 0.350358 0.004795
3.449037 0.337623 0.004998
3.465646 0.319729 0.004918
3.482259 0.317477 0.006197
3.498992 0.332692 0.006914
3.515661 0.339664 0.005952
3.532261 0.348522 0.005901
3.548862 0.345036 0.005160
3.565612 0.340434 0.005249
3.582283 0.346338 0.006197
3.598856 0.333604 0.004666
3.615647 0.325724 0.005366
3.632239 0.341642 0.007044
3.648872 0.304188 0.002636
3.665624 0.322745 0.007720
3.682233 0.323706 0.005464
3.698819 0.346163 0.007014
3.715564 0.345286 0.005049
3.732246 0.343054 0.005292
3.748799 0.363365 0.007191
3.765458 0.359611 0.005227
3.782220 0.366957 0.006237
3.798727 0.345343 0.004196
3.815402 0.323622 0.004563
3.832127 0.315222 0.005796
3.848788 0.314172 0.005963
3.865402 0.301779 0.004756
3.882125 0.307595 0.006095
3.898746 0.310989 0.005533
3.915419 0.319278 0.005797
3.932015 0.324378 0.005371
3.948763 0.335802 0.005983
3.965351 0.346286 0.005840
3.982016 0.343811 0.004912
3.998696 0.353516 0.006263
4.015314 0.368355 0.006587
4.031985 0.349452 0.004014
4.048766 0.351916 0.006353
4.065370 0.326428 0.004016
4.082221 0.326486 0.006425
4.098668 0.338721 0.006932
4.115401 0.327997 0.004826
4.131943 0.334691 0.006232
4.148624 0.346826 0.006502
4.165334 0.325947 0.003774
4.182010 0.331236 0.006278
4.198557 0.324043 0.005062
4.215303 0.317490 0.005202
4.231899 0.335007 0.006961
4.248612 0.328349 0.004751
4.265350 0.332321 0.005681
4.281966 0.348167 0.006605
4.298565 0.348881 0.005289
4.315309 0.376028 0.007506
4.332001 0.353382 0.003457
4.348600 0.349826 0.005894
4.365177 0.350312 0.006095
4.381913 0.351490 0.006058
4.398543 0.343488 0.005285
4.415151 0.333823 0.005278
4.431919 0.318983 0.005070
4.448589 0.323668 0.006536
4.465197 0.307796 0.004357
4.481925 0.312133 0.006091
4.498543 0.323771 0.006288
4.515305 0.328827 0.005459
4.531932 0.339435 0.005972
4.548584 0.325629 0.004111
4.565152 0.324818 0.005564
4.581845 0.371691 0.009040
4.598549 0.351312 0.003129
4.615203 0.353555 0.005942
4.631772 0.362171 0.006523
4.648629 0.351519 0.004924
4.665172 0.365508 0.007078
4.681857 0.349940 0.004521
4.698518 0.341256 0.005540
4.715231 0.343857 0.006346
4.731793 0.330031 0.004815
4.748576 0.324377 0.005661
4.765137 0.337423 0.006850
4.781838 0.335727 0.005253
4.798398 0.339154 0.005855
4.815184 0.331510 0.004924
4.831764 0.350354 0.007150
4.848455 0.363530 0.006293
4.865159 0.340867 0.003608
4.881799 0.351487 0.006887
4.898354 0.357294 0.006181
4.915200 0.335789 0.004031
4.931802 0.345994 0.006955
4.948452 0.331349 0.004616
4.965116 0.337731 0.006462
4.981868 0.330730 0.005238
4.998387 0.318002 0.005103
5.014955 0.326439 0.006206
Speed: 30
0.017511 0.005807 0.002007
0.031173 0.004125 0.000834
0.047686 0.014237 0.000794
0.064373 0.005128 0.001050
0.081069 0.020390 0.001382
0.097758 0.024539 0.000212
0.116765 0.008476 0.002423
0.131440 0.070126 0.004026
0.147745 0.157964 0.005574
0.164202 0.242421 0.005017
0.180962 0.329981 0.005702
0.197751 0.423179 0.006978
0.214277 0.509619 0.007670
0.230916 0.558680 0.006321
0.247618 0.616643 0.009142
0.264332 0.631118 0.007115
0.280896 0.631745 0.007929
0.297628 0.602378 0.006948
0.314194 0.595621 0.010017
0.330868 0.550643 0.006817
0.347541 0.517850 0.008498
0.364223 0.490213 0.008466
0.381580 0.468862 0.008536
0.397807 0.466396 0.009221
0.414763 0.467144 0.008908
0.430913 0.476736 0.008818
0.447513 0.501777 0.009744
0.464252 0.517062 0.008651
0.480970 0.528694 0.009077
0.497522 0.552116 0.009783
0.514260 0.567950 0.008838
0.530861 0.574926 0.008743
0.547519 0.580771 0.009291
0.564242 0.584894 0.009437
0.580874 0.561712 0.007561
0.597484 0.547743 0.008873
0.614119 0.552404 0.010249
0.630822 0.517794 0.006778
0.647434 0.544231 0.011812
0.664061 0.545357 0.009005
0.680754 0.532177 0.007952
0.697346 0.539824 0.009764
0.714003 0.543497 0.009246
0.730739 0.536544 0.008397
0.747400 0.546355 0.009859
0.764019 0.548721 0.009037
0.780760 0.563034 0.010002
0.797371 0.572094 0.009475
0.814031 0.559599 0.008060
0.830621 0.566375 0.009927
0.847375 0.578840 0.010177
0.863978 0.553436 0.007283
0.880548 0.550433 0.009588
0.897317 0.557529 0.010258
0.913978 0.534392 0.007446
0.930586 0.536498 0.009904
0.947371 0.554950 0.010633
0.963984 0.529918 0.006895
0.980624 0.541385 0.010219
0.997345 0.564897 0.010732
1.013959 0.539908 0.006750
1.030599 0.539400 0.009349
1.047215 0.556415 0.010494
1.063952 0.547177 0.008141
1.080625 0.550257 0.009423
1.099976 0.568643 0.010503
1.113940 0.566510 0.008598
1.130567 0.557950 0.008620
1.147223 0.573400 0.010643
1.163978 0.554787 0.007777
1.180569 0.543366 0.008773
1.197181 0.547857 0.010146
1.213954 0.539154 0.008525
1.233865 0.535328 0.009076
1.247297 0.535794 0.009200
1.263795 0.530325 0.008817
1.280476 0.526545 0.008711
1.297250 0.545476 0.010515
1.313783 0.543028 0.008373
1.330567 0.526499 0.007658
1.347194 0.561157 0.011908
1.363839 0.546310 0.007393
1.380514 0.539286 0.008584
1.397281 0.568588 0.011625
1.413797 0.546607 0.006964
1.430533 0.536829 0.008671
1.447279 0.565101 0.011612
1.463881 0.545341 0.007437
1.480553 0.542132 0.009136
1.497798 0.549161 0.009937
1.513838 0.551585 0.009171
1.530570 0.523655 0.006899
1.547257 0.523325 0.009583
1.563920 0.543717 0.010758
1.580509 0.538088 0.008156
1.597313 0.544369 0.009480
1.613840 0.565907 0.010524
1.630566 0.547776 0.007214
1.647075 0.536979 0.008538
1.663858 0.522698 0.008310
1.680485 0.530896 0.010000
1.697175 0.525573 0.008587
1.713815 0.530559 0.009323
1.730502 0.546205 0.010115
1.747075 0.558769 0.009423
1.763910 0.558510 0.008688
1.780447 0.551988 0.008334
1.797168 0.544257 0.008728
1.813801 0.539350 0.008916
1.830553 0.556009 0.010560
1.847040 0.538404 0.007561
1.863774 0.541107 0.009550
1.880457 0.535499 0.008741
1.897097 0.541367 0.009658
1.913669 0.538058 0.008680
1.930492 0.528866 0.008349
1.947047 0.533627 0.009548
1.963777 0.548052 0.009985
1.980363 0.563404 0.009794
1.997050 0.550849 0.007850
2.013694 0.558596 0.009759
2.030512 0.550562 0.008427
2.047027 0.537567 0.008453
2.063652 0.546202 0.010101
2.080316 0.538987 0.008464
2.096976 0.521551 0.007938
2.114126 0.539694 0.010735
2.135874 0.548388 0.009429
2.148729 0.564547 0.009899
2.164249 0.571385 0.009341
2.180290 0.564745 0.008320
2.197069 0.575157 0.010175
2.213703 0.575352 0.009202
2.230245 0.570555 0.008983
2.247059 0.567866 0.009483
2.263636 0.570094 0.009745
2.280294 0.559053 0.008611
2.296952 0.543468 0.008553
2.313661 0.520471 0.007988
2.330218 0.539792 0.011214
2.346895 0.545726 0.009431
2.363667 0.551346 0.009251
2.380259 0.529201 0.007207
2.396897 0.539151 0.010188
2.413688 0.539143 0.008923
2.430192 0.559856 0.010487
2.446930 0.535262 0.006841
2.463542 0.539527 0.009646
2.480403 0.530546 0.008398
2.496887 0.534885 0.009522
2.513561 0.540717 0.009392
2.530165 0.552339 0.009675
2.546929 0.554729 0.009016
2.563439 0.572920 0.010181
2.580308 0.563690 0.008161
2.596865 0.564744 0.009328
2.613580 0.542922 0.007675
2.630184 0.534051 0.009009
2.646954 0.538055 0.010016
2.663397 0.533649 0.008887
2.680295 0.535657 0.009256
2.696886 0.539682 0.009368
2.713487 0.531889 0.008320
2.730037 0.549003 0.010319
2.746899 0.554241 0.009133
2.763435 0.556667 0.008948
2.780134 0.554394 0.008875
2.796858 0.557860 0.009520
2.813511 0.552914 0.008767
2.830053 0.556010 0.009562
2.846791 0.560573 0.009596
2.863393 0.555236 0.008691
2.880130 0.568817 0.010340
2.896880 0.582978 0.010233
2.913463 0.584630 0.009179
2.930033 0.576005 0.008694
2.946684 0.557297 0.008338
2.963385 0.529506 0.007835
2.980120 0.529895 0.010160
2.996692 0.542584 0.010454
3.013508 0.550779 0.009515
3.029998 0.536393 0.007748
3.046729 0.540525 0.009696
3.063354 0.541395 0.009064
3.080107 0.539004 0.008853
3.096692 0.544044 0.009399
3.113285 0.536336 0.008428
3.129968 0.546761 0.009798
3.146698 0.562778 0.010157
3.163241 0.562290 0.008753
3.180141 0.553200 0.008356
3.196658 0.563734 0.010162
3.213376 0.558476 0.008714
3.229988 0.539812 0.007872
3.246629 0.535688 0.009444
3.263221 0.552369 0.010591
3.280088 0.544773 0.008333
3.296700 0.553900 0.009830
3.313307 0.542164 0.008085
3.329842 0.536680 0.008902
3.346634 0.550364 0.010301
3.363234 0.545941 0.008513
3.379936 0.544393 0.009019
3.396677 0.539995 0.008782
3.413336 0.546018 0.009576
3.429867 0.542708 0.008754
3.446598 0.536668 0.008656
3.463214 0.533137 0.008863
3.479953 0.530194 0.008971
3.496675 0.532406 0.009154
3.513344 0.548270 0.010121
3.529788 0.563799 0.009880
3.546512 0.552917 0.007788
3.563190 0.570096 0.010479
3.579927 0.562547 0.008392
3.596491 0.574159 0.010145
3.613362 0.559672 0.008043
3.629809 0.541770 0.008259
3.646516 0.539847 0.009703
3.663156 0.556155 0.010539
3.679924 0.556848 0.009103
3.696506 0.555079 0.008883
3.713321 0.547425 0.008675
3.729779 0.545569 0.009203
3.746523 0.546894 0.009368
3.763072 0.542616 0.008793
3.779937 0.539159 0.009018
3.796518 0.542830 0.009411
3.813185 0.533495 0.008367
3.829919 0.551484 0.010625
3.846471 0.565398 0.009799
3.863148 0.562223 0.008427
3.880228 0.557308 0.008795
3.896648 0.565293 0.009931
3.913646 0.575731 0.009932
3.929775 0.563887 0.008373
3.946715 0.559864 0.009157
3.963151 0.542467 0.008213
3.979828 0.523787 0.008485
3.996542 0.522564 0.009553
4.013193 0.517519 0.008853
4.029836 0.528646 0.009914
4.046471 0.524857 0.008413
4.063033 0.520423 0.008444
4.079824 0.523323 0.009115
4.096504 0.534768 0.009619
4.113182 0.519247 0.007345
4.129746 0.530826 0.009931
4.146370 0.537906 0.009142
4.163169 0.536239 0.008440
4.179703 0.595798 0.035087
4.196391 0.639991 0.008924
4.213601 0.641171 0.007883
4.229714 0.623538 0.009975
4.246550 0.559043 0.006948
4.263128 0.519545 0.009217
4.280268 0.489124 0.008197
4.296396 0.488259 0.007896
4.313516 0.521801 0.009826
4.329678 0.533557 0.007716
4.346552 0.573011 0.010661
4.362996 0.587446 0.008852
4.379893 0.590596 0.008822
4.396334 0.574831 0.007862
4.413160 0.555620 0.008538
4.429698 0.562454 0.010304
4.447225 0.520933 0.006224
4.462969 0.545202 0.010695
4.480162 0.521927 0.006862
4.496440 0.515855 0.008531
4.513130 0.552957 0.012153
4.529768 0.531879 0.006565
4.546520 0.539995 0.009751
4.562969 0.529389 0.007907
4.579701 0.517727 0.008341
4.596326 0.531758 0.010151
4.613135 0.525401 0.008171
4.629589 0.532813 0.009239
4.646324 0.518897 0.007580
4.662819 0.515730 0.008663
4.679639 0.529723 0.010056
4.696220 0.521245 0.007827
4.713046 0.529065 0.009492
4.729749 0.526690 0.008497
4.746586 0.509095 0.007506
4.762829 0.522806 0.009834
4.779452 0.534766 0.009417
4.796052 0.527771 0.007900
4.812842 0.543451 0.010057
4.829452 0.547197 0.008828
4.846053 0.551654 0.009025
4.862795 0.566883 0.010029
4.879463 0.537279 0.006558
4.896068 0.533145 0.009274
4.912796 0.530627 0.009201
4.929412 0.497545 0.006655
4.946075 0.500613 0.009798
4.962816 0.509765 0.009629
4.979430 0.503467 0.007953
4.996053 0.528588 0.010462
5.012701 0.511499 0.006787
Speed: 40
0.016529 0.008535 0.000593
0.033113 0.004716 0.000532
0.049889 0.008989 0.000447
0.066532 0.009964 0.001207
0.083157 0.002983 0.000848
0.099850 0.003145 0.000388
0.116517 0.050142 0.003820
0.133133 0.096355 0.002619
0.149903 0.194629 0.006637
0.166515 0.317596 0.008317
0.183123 0.417555 0.006443
0.199757 0.515795 0.007836
0.216527 0.627023 0.010404
0.233097 0.702226 0.009119
0.249764 0.740174 0.008510
0.266607 0.782348 0.011206
0.283099 0.789781 0.009684
0.299699 0.785282 0.010893
0.316474 0.756192 0.009839
0.333244 0.724073 0.011975
0.349743 0.713191 0.012368
0.367664 0.671236 0.009107
0.383159 0.636890 0.011405
0.399800 0.618026 0.010497
0.416404 0.628816 0.012279
0.433148 0.650234 0.012495
0.449779 0.655954 0.011909
0.466385 0.676936 0.010817
0.483261 0.711774 0.012898
0.499730 0.737575 0.012207
0.516590 0.759090 0.012135
0.533154 0.764354 0.011480
0.551446 0.763138 0.011822
0.566610 0.773986 0.013085
0.583275 0.772627 0.012074
0.599787 0.765119 0.012008
0.616513 0.755723 0.012165
0.633328 0.747465 0.012436
0.649834 0.735115 0.011951
0.666570 0.750385 0.013972
0.683082 0.756768 0.012936
0.699876 0.745873 0.011446
0.716357 0.739384 0.012101
0.733357 0.746865 0.013269
0.749708 0.760353 0.013358
0.766623 0.746185 0.011174
0.782994 0.747262 0.012724
0.799782 0.739748 0.011976
0.816379 0.718413 0.010978
0.832978 0.711444 0.012371
0.849604 0.723310 0.013398
0.866394 0.732443 0.012651
0.883010 0.756791 0.013796
0.899637 0.753646 0.011403
0.916296 0.767648 0.013114
0.932997 0.783329 0.013387
0.949607 0.777352 0.011814
0.966426 0.770493 0.012028
0.982964 0.760885 0.012372
1.002900 0.760396 0.012982
1.016576 0.745229 0.011695
1.032962 0.719300 0.011127
1.049788 0.713789 0.012701
1.066258 0.725616 0.013510
1.083007 0.729192 0.012487
1.099825 0.731936 0.012210
1.116220 0.736030 0.012442
1.132966 0.752016 0.013279
1.149626 0.767874 0.013101
1.166314 0.773689 0.012345
1.182948 0.762501 0.011502
1.199675 0.743269 0.011299
1.216199 0.737834 0.012569
1.232940 0.739173 0.013254
1.249544 0.739075 0.012288
1.266421 0.731251 0.011892
1.282818 0.733934 0.013475
1.299795 0.750654 0.013431
1.316176 0.756851 0.012510
1.332840 0.767766 0.012381
1.349572 0.750902 0.011339
1.366210 0.745775 0.012451
1.382780 0.740546 0.012276
1.399665 0.741952 0.012713
1.416168 0.743449 0.012093
1.432991 0.760971 0.013694
1.449441 0.760971 0.000000
1.466287 0.775472 0.025237
1.482846 0.777907 0.012710
1.499507 0.762889 0.011309
1.516190 0.779156 0.014377
1.532904 0.764408 0.011436
1.549762 0.759891 0.012675
1.566263 0.751687 0.012467
1.585165 0.751687 0.000000
1.599529 0.753468 0.026969
1.618702 0.740595 0.011822
1.632781 0.744691 0.013090
1.649456 0.727779 0.011308
1.666072 0.728919 0.012802
1.682876 0.736908 0.013077
1.699456 0.727955 0.011464
1.716103 0.731137 0.012699
1.732855 0.756944 0.014237
1.749495 0.759078 0.011787
1.766071 0.749978 0.011650
1.782857 0.753268 0.012639
1.799541 0.762218 0.013071
1.816111 0.769959 0.013030
1.834113 0.755326 0.011321
1.849456 0.757342 0.013032
1.868432 0.756846 0.012647
1.882730 0.770785 0.013742
1.901469 0.748932 0.010722
1.917541 0.728237 0.013200
1.932729 0.753344 0.012898
1.949483 0.767252 0.012879
1.966037 0.774156 0.012531
1.983429 0.775651 0.012686
1.999669 0.779246 0.012683
2.016388 0.759696 0.011785
2.032629 0.765355 0.012891
2.049346 0.767572 0.012947
2.066251 0.762819 0.012407
2.083158 0.754079 0.012143
2.099438 0.768788 0.014021
2.118638 0.749604 0.011102
2.132968 0.743526 0.012539
2.149237 0.744616 0.012923
2.165929 0.753712 0.013366
2.182813 0.758290 0.012821
2.199262 0.746397 0.011305
2.216222 0.747889 0.012980
2.232573 0.752448 0.012812
2.249317 0.757313 0.012796
2.266487 0.764882 0.013517
2.282736 0.763571 0.011914
2.299171 0.757262 0.012022
2.315910 0.743953 0.011706
2.332684 0.754928 0.013672
2.349326 0.744682 0.011772
2.365915 0.737339 0.012206
2.382584 0.737339 0.000000
2.399199 0.730290 0.025078
2.416134 0.736582 0.013040
2.432550 0.727948 0.011508
2.449465 0.731718 0.013319
2.465818 0.725488 0.011695
2.482873 0.729769 0.012659
2.499217 0.738110 0.012834
2.517862 0.733588 0.011609
2.532457 0.755094 0.013129
2.549462 0.764926 0.013104
2.565819 0.765364 0.012203
2.584598 0.752942 0.011479
2.599346 0.747187 0.013002
2.616124 0.741809 0.011848
2.632374 0.760579 0.013269
2.649175 0.747616 0.011332
2.665775 0.755339 0.013664
2.685050 0.758826 0.012682
2.699164 0.745903 0.011545
2.715775 0.752409 0.013184
2.732476 0.771106 0.013209
2.749139 0.774518 0.012615
2.765868 0.764695 0.011594
2.782534 0.755154 0.012106
2.799155 0.761374 0.013532
2.815934 0.766175 0.012930
2.832512 0.744746 0.011125
2.849451 0.744746 0.000000
2.865962 0.738479 0.026087
2.882705 0.726780 0.011862
2.899220 0.735482 0.013354
2.915863 0.736171 0.012646
2.932440 0.747235 0.012867
2.949274 0.740442 0.011826
2.965737 0.750539 0.012877
2.982538 0.751628 0.012855
2.999156 0.768353 0.013095
3.015772 0.754356 0.011277
3.032443 0.768132 0.013286
3.049203 0.737188 0.012356
3.065753 0.779001 0.012665
3.082571 0.807144 0.013614
3.099144 0.788944 0.010432
3.116621 0.796823 0.035974
3.132296 0.818717 0.011646
3.149382 0.798981 0.011374
3.165652 0.772018 0.012690
3.182411 0.734536 0.012718
3.199052 0.682287 0.009842
3.215956 0.667171 0.012516
3.232279 0.666372 0.011341
3.249254 0.692903 0.012870
3.265683 0.722080 0.012080
3.282456 0.730596 0.011200
3.299024 0.752879 0.012825
3.315847 0.761754 0.012157
3.332303 0.769528 0.012477
3.349186 0.765412 0.011962
3.365645 0.771690 0.012731
3.382534 0.747815 0.010611
3.403030 0.715624 0.012656
3.416834 0.722545 0.010956
3.432252 0.750067 0.013349
3.449080 0.738554 0.011069
3.466970 0.741188 0.013331
3.482288 0.757038 0.012358
3.498966 0.746697 0.011222
3.515663 0.739267 0.011896
3.532381 0.728084 0.011800
3.548881 0.740877 0.013420
3.565944 0.731826 0.011676
3.582272 0.738908 0.012625
3.598913 0.725020 0.011162
3.615709 0.708879 0.011336
3.632343 0.706286 0.012357
3.649023 0.705570 0.012180
3.665659 0.707754 0.012153
3.682661 0.706186 0.012027
3.699002 0.703552 0.011417
3.715584 0.721385 0.013182
3.732732 0.723621 0.011999
3.748937 0.736155 0.012325
3.765586 0.723924 0.010761
3.782126 0.729441 0.012491
3.798918 0.725734 0.011841
3.815461 0.720911 0.011700
3.832192 0.726600 0.012687
3.848984 0.720486 0.011633
3.865564 0.712620 0.011502
3.882445 0.714732 0.012540
3.898894 0.715844 0.011935
3.915689 0.703328 0.011085
3.932543 0.708610 0.012682
3.948999 0.699951 0.011077
3.965845 0.693816 0.011642
3.982114 0.694461 0.011677
3.998820 0.702530 0.012454
4.015572 0.691099 0.010699
4.032169 0.691479 0.011853
4.049056 0.689332 0.011643
4.065716 0.695425 0.012134
4.082136 0.718301 0.012989
4.098786 0.722924 0.011452
4.115479 0.728544 0.011903
4.132182 0.729092 0.011703
4.149053 0.738899 0.012762
4.165399 0.747667 0.012373
4.183254 0.723743 0.010809
4.199166 0.714142 0.011272
4.215480 0.706863 0.011659
4.232115 0.715636 0.012953
4.249167 0.708046 0.011585
4.266002 0.698935 0.011473
4.282514 0.699401 0.011989
4.298728 0.722873 0.013278
4.315361 0.730638 0.011898
4.332140 0.727486 0.011399
4.348667 0.729575 0.011979
4.365342 0.735198 0.012431
4.382045 0.736185 0.012087
4.398712 0.717639 0.010716
4.415533 0.706717 0.011826
4.431942 0.702785 0.011914
4.448811 0.703005 0.012307
4.465346 0.712994 0.012546
4.482038 0.712830 0.011658
4.498885 0.727794 0.013070
4.515356 0.733355 0.011882
4.532028 0.729583 0.011481
4.548714 0.733012 0.012336
4.565249 0.732826 0.011951
4.581978 0.727051 0.011746
4.598562 0.708312 0.010798
4.615703 0.694834 0.011842
4.631859 0.704029 0.012651
4.648731 0.710236 0.012459
4.665271 0.717332 0.012127
4.682392 0.716975 0.011912
4.698576 0.714628 0.011328
4.715271 0.704087 0.011164
4.731871 0.688862 0.010892
4.748552 0.687530 0.012112
4.765216 0.691377 0.012132
4.782563 0.700504 0.012827
4.798497 0.713746 0.011880
4.815150 0.733602 0.012791
4.831836 0.731677 0.011128
4.848776 0.737119 0.012394
4.865131 0.731790 0.011311
4.881956 0.722970 0.011654
4.898484 0.714244 0.011660
4.915311 0.715412 0.012560
4.931837 0.711810 0.011871
4.948783 0.694009 0.010958
4.966414 0.696973 0.013241
4.981849 0.702343 0.011345
4.998465 0.710847 0.012259
5.015122 0.727371 0.012773
Speed: 50
0.016643 0.007328 0.000447
0.033528 0.011332 0.000259
0.049912 0.008980 0.000332
0.066633 0.013413 0.000480
0.083240 0.011787 0.000520
0.100089 0.021136 0.001038
0.116570 0.055234 0.002223
0.135157 0.123682 0.005105
0.149997 0.225672 0.006067
0.169106 0.388428 0.010475
0.183117 0.515884 0.007830
0.199960 0.646414 0.010013
0.216494 0.765153 0.011122
0.233945 0.824546 0.008941
0.249883 0.888234 0.012389
0.266717 0.926864 0.012553
0.283056 0.934625 0.012121
0.300203 0.914910 0.011933
0.317897 0.878811 0.013461
0.333063 0.867714 0.012731
0.349762 0.847747 0.014342
0.366446 0.803854 0.011934
0.385748 0.804598 0.015496
0.399679 0.809919 0.014055
0.419572 0.817486 0.014473
0.433031 0.827638 0.014284
0.449811 0.832715 0.014297
0.466431 0.855198 0.015178
0.483040 0.870558 0.014066
0.499676 0.881717 0.014201
0.516544 0.925655 0.017114
0.532997 0.942857 0.014859
0.549786 0.967558 0.016568
0.566316 0.963750 0.014286
0.583361 0.960709 0.015149
0.601406 0.926244 0.014703
0.616287 0.944973 0.014799
0.633636 0.929950 0.014899
0.649701 0.923483 0.014952
0.668771 0.944673 0.017314
0.683199 0.961935 0.016566
0.702199 0.949211 0.014220
0.716283 0.941286 0.015157
0.733135 0.927286 0.015024
0.749647 0.940726 0.017031
0.766448 0.944246 0.016642
0.783520 0.934976 0.014353
0.799724 0.934976 0.000000
0.816373 0.934976 0.000000
0.832954 0.856143 0.033051
0.859582 1.244629 0.010206
0.866961 2.456201 0.033673
0.882912 2.836559 0.019635
0.899645 2.836559 0.000000
0.916193 3.198332 0.019083
0.932772 3.342533 0.030884
0.949597 2.991232 0.012279
0.966195 2.991232 0.000000
0.982871 2.412550 0.015693
0.999395 1.690612 0.031389
1.016263 1.238508 0.013169
1.032781 0.792627 0.014743
1.049473 0.442197 0.015468
1.066735 0.184457 0.014124
1.083976 0.023804 0.014560
1.099622 0.023804 0.000000
1.116302 0.160891 0.015285
1.132822 0.102368 0.029866
1.149482 0.087114 0.016906
1.166109 0.342682 0.017125
1.182864 0.629896 0.016893
1.199442 0.899555 0.015913
1.216191 1.122091 0.015214
1.232817 1.294781 0.015976
1.249537 1.409027 0.016622
1.265999 1.437500 0.015066
1.283040 1.401706 0.015684
1.299452 1.354772 0.015854
1.316097 1.257456 0.016108
1.332794 1.142490 0.015803
1.349630 1.028725 0.016226
1.366054 0.917833 0.015202
1.382762 0.803398 0.015085
1.399820 0.729960 0.016150
1.416393 0.727215 0.015467
1.432765 0.737426 0.016073
1.449619 0.757879 0.015212
1.466112 0.807293 0.016102
1.482768 0.879107 0.017362
1.499498 0.919074 0.014425
1.516281 0.971765 0.016251
1.532760 0.999453 0.015755
1.549829 1.034668 0.015902
1.566122 1.048026 0.015647
1.582813 1.042008 0.015429
1.599501 1.032694 0.015844
1.616185 1.033965 0.017426
1.632886 0.976455 0.014154
1.649463 0.970640 0.015536
1.665948 0.944754 0.015940
1.682866 0.926914 0.016214
1.699358 0.929767 0.015670
1.716200 0.919932 0.015266
1.732767 0.918165 0.015878
1.749420 0.920679 0.015788
1.766161 0.917333 0.015142
1.782797 0.931105 0.016510
1.799336 0.953148 0.016877
1.816020 0.964273 0.015749
1.832768 0.957965 0.014817
1.849604 0.968628 0.016522
1.865985 0.982494 0.016765
1.883047 0.984395 0.015982
1.899345 0.963224 0.014318
1.916072 0.965692 0.016696
1.932738 0.956227 0.015679
1.949391 0.949843 0.015769
1.965990 0.927789 0.014575
1.982777 0.922652 0.016150
1.999299 0.924158 0.016194
2.015998 0.928891 0.016053
2.032633 0.928638 0.015527
2.049411 0.931662 0.015662
2.065961 0.939334 0.016122
2.082630 0.950133 0.016110
2.099423 0.937189 0.014324
2.116011 0.943209 0.016304
2.132718 0.969285 0.017604
2.149380 0.970250 0.015241
2.165985 0.969441 0.015679
2.182825 0.962998 0.015361
2.199422 0.957559 0.015804
2.216175 0.953436 0.015920
2.233255 0.943216 0.015351
2.249465 0.961086 0.017463
2.265958 0.960886 0.015821
2.282633 0.952038 0.015051
2.299192 0.944108 0.015555
2.316006 0.931234 0.015190
2.332610 0.929043 0.015982
2.349341 0.943839 0.016951
2.366021 0.952597 0.016151
2.383109 0.950916 0.015229
2.399183 0.966385 0.016960
2.415904 0.961316 0.015171
2.432789 0.963284 0.015949
2.449298 0.974261 0.016695
2.465845 0.967612 0.015472
2.482638 0.963597 0.015772
2.499204 0.963734 0.016175
2.515896 0.936629 0.014184
2.532590 0.930208 0.015970
2.549575 0.906262 0.035222
2.566041 0.928619 0.015125
2.582655 0.924477 0.014822
2.599379 0.903319 0.015445
2.615876 0.894675 0.015550
2.632665 0.883783 0.015154
2.649414 0.892469 0.015848
2.666039 0.907778 0.014885
2.690471 0.891430 0.016462
2.701578 0.951261 0.012503
2.715798 1.025959 0.015941
2.732305 1.071357 0.015888
2.749155 1.080068 0.014817
2.765706 1.071477 0.015194
2.782391 1.058278 0.016210
2.799102 1.025500 0.015125
2.815755 0.977431 0.014427
2.832369 0.924719 0.014287
2.849176 0.891609 0.015825
2.865795 0.865921 0.015367
2.882395 0.845281 0.014913
2.898996 0.819304 0.013837
2.917502 0.808091 0.016504
2.932322 0.843611 0.015324
2.951704 0.835332 0.014638
2.965726 0.874404 0.014169
2.982388 0.922452 0.016486
2.999030 0.963686 0.015959
3.015740 0.981798 0.014785
3.032264 0.987000 0.014732
3.048930 0.976770 0.014519
3.065540 0.970041 0.015499
3.082331 0.954902 0.015247
3.098943 0.929337 0.014490
3.115588 0.917984 0.015756
3.132270 0.916505 0.016164
3.148944 0.889061 0.013724
3.166228 0.866125 0.014900
3.182387 0.856951 0.014596
3.201221 0.833937 0.015529
3.215586 0.852551 0.014067
3.234834 0.848260 0.015838
3.248907 0.869584 0.013351
3.266267 0.891454 0.016029
3.282377 0.916858 0.015160
3.299329 0.920513 0.014308
3.315665 0.930097 0.014918
3.334678 0.921972 0.015983
3.349805 0.932909 0.014577
3.367226 0.921247 0.014797
3.383354 0.924145 0.015248
3.399079 0.936081 0.015358
3.415743 0.916618 0.013685
3.432376 0.915627 0.015605
3.449208 0.928737 0.016682
3.465671 0.928007 0.014937
3.482357 0.911592 0.014096
3.498887 0.906725 0.015165
3.517461 0.879087 0.015000
3.532092 0.909947 0.015709
3.548812 0.919956 0.015308
3.565489 0.913227 0.014169
3.582153 0.909686 0.014839
3.598712 0.915900 0.015645
3.615549 0.903642 0.014294
3.632103 0.892185 0.014425
3.648806 0.897756 0.015921
3.665336 0.920029 0.016593
3.682147 0.909330 0.013916
3.698749 0.903618 0.014674
3.715456 0.890056 0.014295
3.732062 0.889322 0.015282
3.750699 0.856634 0.014214
3.765335 0.863901 0.013896
3.783244 0.872242 0.016471
3.798634 0.896476 0.015011
3.816374 0.899691 0.015097
3.832032 0.907887 0.014199
3.848840 0.915116 0.015219
3.865320 0.940283 0.016499
3.881969 0.942453 0.014680
3.898695 0.931902 0.014302
3.915555 0.923482 0.015101
3.932074 0.925115 0.015730
3.948770 0.910488 0.014424
3.965481 0.896704 0.014743
3.983989 0.868909 0.015150
3.998781 0.878985 0.014461
4.018050 0.859460 0.015443
4.032002 0.871336 0.013180
4.048842 0.902890 0.016955
4.065354 0.924182 0.015395
4.082120 0.937274 0.015178
4.098615 0.944913 0.014994
4.115476 0.937192 0.014558
4.131974 0.941780 0.015682
4.148758 0.933213 0.014919
4.165392 0.927939 0.015363
4.182195 0.915892 0.014925
4.198669 0.905282 0.014854
4.215461 0.908046 0.016073
4.232624 0.894557 0.014771
4.248662 0.896201 0.015005
4.265344 0.910778 0.016269
4.282007 0.897648 0.013856
4.298595 0.890130 0.014596
4.315289 0.887789 0.015088
4.331964 0.913345 0.017021
4.348611 0.908278 0.014095
4.365168 0.910471 0.015009
4.382144 0.938952 0.017471
4.398598 0.910214 0.012333
4.415374 0.916730 0.016246
4.431970 0.948781 0.017722
4.448654 0.960358 0.015638
4.465194 0.901231 0.010624
4.482087 0.901231 0.000000
4.500895 0.901231 0.000000
4.516760 0.901231 0.000000
4.534109 0.817819 0.062279
4.548599 0.817819 0.000000
4.567506 0.817819 0.000000
4.581872 0.796507 0.046285
4.599862 0.789523 0.014888
4.617881 0.799753 0.015907
4.631814 0.861390 0.015100
4.648583 0.914244 0.015972
4.665189 0.964761 0.016069
4.681797 1.006353 0.016005
4.698499 1.010116 0.014155
4.715215 1.015269 0.015623
4.731952 1.005215 0.015215
4.748463 0.981099 0.014660
4.765356 0.963606 0.015992
4.781859 0.941237 0.015201
4.798468 0.913993 0.014817
4.815196 0.890303 0.015033
4.831935 0.865312 0.014571
Speed: 60
0.014818 0.007299 0.000885
0.031697 0.006432 0.000426
0.048056 0.012634 0.000847
0.064578 0.007937 0.000628
0.081069 0.008450 0.000487
0.097856 0.019195 0.000919
0.114509 0.051059 0.002744
0.131123 0.114445 0.004744
0.147840 0.216900 0.006857
0.164519 0.386321 0.011509
0.181170 0.524105 0.008659
0.197867 0.651963 0.009609
0.214467 0.786611 0.012369
0.231128 0.916358 0.014040
0.247851 0.997008 0.012614
0.264504 1.055853 0.013876
0.281140 1.071531 0.013251
0.297753 1.085092 0.015625
0.314531 1.072816 0.015032
0.331104 1.037720 0.014614
0.347745 0.995301 0.014819
0.364506 0.968005 0.016542
0.381177 0.942438 0.015797
0.397715 0.945946 0.018107
0.414493 0.920912 0.014422
0.431118 0.919078 0.016571
0.447763 0.950745 0.018331
0.464460 0.971247 0.016665
0.481101 1.005659 0.017684
0.497728 1.051049 0.018590
0.514394 1.069456 0.016477
0.531080 1.096127 0.018220
0.547725 1.114372 0.017744
0.564349 1.121927 0.017802
0.581119 1.121328 0.017371
0.597722 1.119050 0.018240
0.614291 1.108994 0.017572
0.631100 1.106127 0.018538
0.647744 1.090587 0.017434
0.664312 1.085842 0.018737
0.681033 1.090263 0.018741
0.697704 1.091649 0.018402
0.714306 1.074091 0.016990
0.730936 1.098390 0.020215
0.747709 1.098390 0.000000
0.764325 1.098729 0.034673
0.780927 1.109269 0.018813
0.797671 1.118266 0.018674
0.814335 1.123972 0.018723
0.830999 1.138614 0.019290
0.847724 1.126065 0.017186
0.864293 1.131553 0.019391
0.880949 1.135744 0.018766
0.897680 1.111808 0.017781
0.914327 1.116036 0.019549
0.930995 1.115026 0.018775
0.947557 1.089938 0.015827
0.964274 1.091994 0.019507
0.980915 1.113419 0.020129
0.997528 1.123133 0.019009
1.014272 1.116859 0.017366
1.030910 1.123233 0.019151
1.047857 1.136709 0.019433
1.064491 1.133054 0.018653
1.081071 1.137402 0.018299
1.097733 1.134947 0.018795
1.114447 1.132324 0.018435
1.131145 1.134281 0.019174
1.147819 1.138217 0.019200
1.164344 1.149450 0.019650
1.181138 1.152622 0.018843
1.197724 1.151969 0.018937
1.214408 1.150679 0.018881
1.231262 1.147388 0.018841
1.247813 1.146688 0.019242
1.264347 1.144476 0.019052
1.281262 1.137215 0.018537
1.297860 1.129942 0.018869
1.314440 1.125948 0.018794
1.331051 1.137419 0.019958
1.347793 1.116645 0.017452
1.364475 1.113395 0.018683
1.380985 1.136380 0.020600
1.397708 1.151208 0.019738
1.414317 1.145411 0.017833
1.430942 1.146873 0.019052
1.447824 1.148770 0.019081
1.464451 1.157731 0.019713
1.480987 1.150274 0.018333
1.498908 1.112007 0.020152
1.514392 1.161663 0.017802
1.532605 1.150614 0.019725
1.547660 1.213392 0.019235
1.565746 1.214251 0.020688
1.580995 1.263841 0.017492
1.599456 1.272926 0.019259
1.614804 1.282367 0.019693
1.630929 1.257018 0.018560
1.647643 1.228402 0.018583
1.664362 1.203545 0.019691
1.681005 1.179435 0.019638
1.697638 1.131433 0.017745
1.714371 1.105263 0.019122
1.730963 1.090711 0.019525
1.747603 1.069430 0.018048
1.764288 1.049864 0.017748
1.780944 1.059220 0.019629
1.797537 1.086218 0.020258
1.814136 1.089982 0.017489
1.831018 1.095263 0.018113
1.847612 1.120057 0.019691
1.864251 1.149578 0.020174
1.880929 1.159831 0.018459
1.897648 1.174315 0.018991
1.914230 1.186146 0.019414
1.930884 1.187587 0.019030
1.947609 1.173914 0.018244
1.964236 1.189926 0.021025
1.980854 1.176644 0.018318
1.997673 1.154972 0.018507
2.014233 1.157281 0.019875
2.030950 1.112846 0.019594
2.047638 1.156620 0.018580
2.064245 1.177455 0.020106
2.080862 1.191016 0.019028
2.097640 1.170725 0.017533
2.114253 1.182777 0.020025
2.130909 1.132921 0.018621
2.147480 1.213434 0.020907
2.164249 1.209986 0.017184
2.180867 1.139058 0.036121
2.197477 1.157639 0.019866
2.214210 1.137459 0.017455
2.230886 1.117752 0.018627
2.247498 1.080595 0.017317
2.264253 1.035371 0.017157
2.280829 1.033454 0.019054
2.297471 1.057320 0.019494
2.314234 1.067136 0.017345
2.330902 1.072323 0.016986
2.347467 1.089430 0.018137
2.364162 1.124791 0.020045
2.380894 1.153927 0.019419
2.397528 1.151091 0.017226
2.413881 1.126188 0.016246
2.430780 1.116190 0.018730
2.447282 1.130970 0.020027
2.463991 1.107973 0.016805
2.480674 1.077973 0.016752
2.497316 1.068521 0.018445
2.513831 1.080552 0.019419
2.530619 1.081381 0.018371
2.547251 1.079825 0.017873
2.563877 1.082715 0.018265
2.580494 1.082086 0.017905
2.597236 1.077500 0.017725
2.613841 1.074106 0.017760
2.630718 1.067583 0.017758
2.647262 1.067199 0.017852
2.663846 1.064188 0.017551
2.680898 1.070835 0.018802
2.697245 1.090953 0.018849
2.713850 1.107516 0.018627
2.730472 1.099434 0.016851
2.747190 1.090437 0.017491
2.763867 1.065296 0.016485
2.780470 1.062935 0.018459
2.797168 1.068872 0.018772
2.813979 1.064462 0.017713
2.830469 1.061871 0.017550
2.847085 1.082227 0.019367
2.863786 1.088570 0.017951
2.880473 1.088634 0.017653
2.897129 1.087237 0.017780
2.913907 1.080925 0.017732
2.932300 1.046846 0.017235
2.947084 1.078857 0.018516
2.964360 1.099824 0.019598
2.980582 1.107762 0.017468
2.998587 1.091809 0.017719
3.014175 1.109039 0.018335
3.030384 1.119891 0.018237
3.047051 1.121669 0.018136
3.063851 1.097444 0.016619
3.080360 1.075671 0.017097
3.097041 1.072767 0.018843
3.113673 1.075190 0.018641
3.134219 1.028284 0.018045
3.146923 1.090408 0.017470
3.163638 1.122911 0.018619
3.180370 1.139958 0.017942
3.196970 1.170948 0.019651
3.213667 1.164034 0.017136
3.230300 1.151541 0.017706
3.247053 1.137469 0.018284
3.263708 1.103826 0.016917
3.280195 1.087019 0.018330
3.297024 1.078739 0.018947
3.313588 1.069471 0.018091
3.330228 1.062045 0.018004
3.346932 1.055340 0.017889
3.363626 1.065385 0.018925
3.380215 1.070277 0.017986
3.396946 1.062314 0.017101
3.413586 1.055739 0.017345
3.430278 1.078590 0.019648
3.446854 1.087746 0.017941
3.463631 1.102639 0.018741
3.480327 1.109420 0.018086
3.496874 1.124032 0.018809
3.513622 1.139859 0.019190
3.530243 1.137028 0.017781
3.546866 1.144859 0.019107
3.563601 1.130966 0.017631
3.580203 1.118688 0.018074
3.596816 1.100433 0.017738
3.613440 1.114979 0.020274
3.630218 1.103648 0.017800
3.646760 1.116672 0.019595
3.663443 1.112473 0.018041
3.680159 1.080221 0.016151
3.696839 1.057719 0.017523
3.713458 1.053980 0.018737
3.730201 1.061401 0.019224
3.746813 1.080431 0.019340
3.763453 1.083348 0.017622
3.780174 1.077829 0.017416
3.796939 1.119731 0.021238
3.813434 1.122235 0.017295
3.830078 1.119860 0.017702
3.846771 1.115654 0.018069
3.863412 1.125978 0.019328
3.880010 1.132232 0.018808
3.900614 1.076220 0.017480
3.915452 1.106059 0.019040
3.930137 1.140253 0.018180
3.946752 1.165162 0.019281
3.963464 1.147002 0.016468
3.980230 1.162329 0.020198
3.996782 1.161164 0.018589
4.014705 1.136064 0.018520
4.030106 1.134342 0.017943
4.046870 1.110696 0.017611
4.063326 1.086787 0.017455
4.080053 1.095789 0.020213
Speed: 70
0.019328 0.032234 0.000379
0.033276 0.034299 0.000362
0.049830 0.027856 0.000298
0.066618 0.026294 0.000526
0.083293 0.009856 0.001783
0.099827 0.008050 0.001284
0.116591 0.025444 0.002206
0.133349 0.070050 0.003761
0.149811 0.191974 0.008572
0.166599 0.339169 0.009304
0.183309 0.469990 0.007937
0.199834 0.614002 0.010552
0.216390 0.614002 0.000000
0.233098 0.895167 0.026986
0.249977 1.010772 0.014351
0.266478 1.085674 0.013866
0.283265 1.131116 0.014817
0.299821 1.167987 0.016619
0.316530 1.184327 0.017164
0.333218 1.177105 0.016630
0.349906 1.150586 0.017027
0.366433 1.124552 0.017083
0.383331 1.091527 0.017464
0.399823 1.076110 0.018537
0.416532 1.099018 0.021108
0.433072 1.075078 0.016478
0.449858 1.070146 0.018207
0.466471 1.070146 0.000000
0.483088 1.083808 0.040064
0.499819 1.101799 0.019392
0.516502 1.101799 0.000000
0.533088 1.142619 0.040403
0.549830 1.172437 0.020773
0.566441 1.183150 0.018740
0.583115 1.239768 0.022770
0.599858 1.253457 0.019356
0.616452 1.280346 0.020993
0.633085 1.282541 0.019765
0.649712 1.296279 0.021419
0.666492 1.295871 0.020512
0.683074 1.288840 0.021602
0.699714 1.279086 0.019925
0.716458 1.282955 0.021763
0.733104 1.282881 0.021426
0.749710 1.274476 0.020891
0.766434 1.264560 0.020568
0.783198 1.264251 0.021638
0.799641 1.271584 0.021745
0.816540 1.277604 0.021495
0.832979 1.290565 0.022109
0.849723 1.279864 0.020119
0.866244 1.290652 0.022184
0.886261 1.290132 0.021306
0.899616 1.304256 0.022352
0.916515 1.305723 0.021226
0.936289 1.292160 0.020513
0.949542 1.298520 0.022549
0.966289 1.306855 0.021920
0.986616 1.306855 0.000000
1.001104 1.304013 0.042847
1.016233 1.323178 0.022035
1.032939 1.329629 0.022017
1.049606 1.337017 0.021929
1.066268 1.332609 0.021949
1.082825 1.340851 0.022185
1.099681 1.336607 0.022164
1.116290 1.332574 0.021242
1.133448 1.326936 0.022115
1.149519 1.327465 0.022225
1.166379 1.327971 0.022359
1.182847 1.304645 0.020306
1.199715 1.303458 0.022569
1.216186 1.295567 0.021376
1.232930 1.300181 0.022750
1.249418 1.310978 0.022411
1.266283 1.303775 0.021060
1.282865 1.286399 0.021272
1.299751 1.286441 0.022022
1.316198 1.317594 0.023132
1.332837 1.340626 0.022910
1.349463 1.334650 0.020484
1.366372 1.332782 0.021683
1.382932 1.358447 0.023936
1.399625 1.366401 0.022371
1.416457 1.352550 0.020866
1.433012 1.351689 0.022813
1.449654 1.360245 0.023028
1.466223 1.359437 0.022485
1.482873 1.340502 0.021113
1.499647 1.327505 0.022063
1.516146 1.329484 0.022682
1.532964 1.327151 0.022596
1.549456 1.331485 0.022463
1.566265 1.330510 0.022274
1.582877 1.343742 0.023056
1.599488 1.327493 0.020960
1.616028 1.330167 0.022448
1.632730 1.310517 0.021062
1.649341 1.304760 0.021634
1.665985 1.323091 0.023792
1.682553 1.335958 0.022698
1.700035 1.322645 0.020684
1.716216 1.328554 0.022540
1.736090 1.361610 0.024637
1.749468 1.369972 0.022039
1.768412 1.337259 0.019663
1.782628 1.331533 0.022327
1.799538 1.341085 0.025048
1.815967 1.343719 0.021080
1.832631 1.347487 0.022492
1.849363 1.343312 0.021866
1.866015 1.354537 0.023567
1.882836 1.349428 0.021743
1.899470 1.298762 0.038671
1.920582 1.238700 0.021373
1.936645 1.199926 0.019814
1.949269 1.251160 0.020740
1.966008 1.274086 0.021859
1.984533 1.276174 0.021418
1.999292 1.334841 0.021385
2.017195 1.362735 0.021837
2.032686 1.396874 0.020790
2.049282 1.399953 0.020911
2.065834 1.385573 0.020604
2.082580 1.363461 0.021632
2.099178 1.332210 0.021043
2.115842 1.295372 0.020793
2.132565 1.267052 0.021371
2.149183 1.256349 0.021952
2.165739 1.255664 0.021767
2.182607 1.244933 0.020997
2.199190 1.236569 0.020547
2.215819 1.237774 0.021367
2.232534 1.235591 0.020963
2.249206 1.233746 0.020642
2.265810 1.238088 0.021071
2.282434 1.266695 0.022610
2.299151 1.276277 0.020802
2.315855 1.290096 0.021426
2.332684 1.287884 0.020597
2.349192 1.307190 0.022308
2.365767 1.321792 0.021897
2.382442 1.317422 0.020810
2.399163 1.290668 0.019669
2.415784 1.278507 0.021268
2.432372 1.271157 0.021477
2.449183 1.260066 0.021182
2.465794 1.238334 0.019973
2.482407 1.240813 0.021835
2.499007 1.254040 0.022048
2.515815 1.246763 0.020297
2.532392 1.262509 0.022028
2.549033 1.266821 0.020896
2.565703 1.277698 0.021556
2.582430 1.285840 0.021426
2.599019 1.286715 0.020836
2.615754 1.277617 0.020537
2.632361 1.286025 0.022000
2.649153 1.295257 0.022095
2.665880 1.289853 0.020836
2.682499 1.280398 0.020694
2.699104 1.277254 0.021332
2.715770 1.273584 0.021300
2.732509 1.262911 0.020763
2.749116 1.249118 0.020410
2.765969 1.240851 0.021138
2.782517 1.245156 0.021470
2.799386 1.242666 0.020973
2.815735 1.249118 0.020962
2.832428 1.260520 0.021615
2.849575 1.265481 0.021520
2.865730 1.279691 0.021135
2.882816 1.281500 0.021288
2.899085 1.287622 0.020916
2.915905 1.276436 0.020384
2.932316 1.290388 0.022150
2.949093 1.302494 0.022182
2.965857 1.304327 0.021357
2.982389 1.291334 0.020221
2.999011 1.280993 0.020933
3.015737 1.271081 0.021143
3.032212 1.272963 0.021638
3.049330 1.251310 0.020331
3.065621 1.248608 0.020970
3.082229 1.261611 0.022213
3.098961 1.255846 0.020472
3.115628 1.261028 0.021414
3.132209 1.273325 0.021705
3.148856 1.289810 0.021957
3.165576 1.295140 0.021169
3.182228 1.291245 0.020678
3.198841 1.288743 0.021073
3.215588 1.293389 0.021908
3.232170 1.295095 0.021422
3.248870 1.275627 0.020001
3.265589 1.277466 0.022045
3.282197 1.286844 0.022179
3.298964 1.266901 0.019852
3.315600 1.266901 0.000000
3.332300 1.250931 0.042087
3.348828 1.258662 0.021801
3.365428 1.288128 0.023134
3.382216 1.298441 0.021425
3.398837 1.300653 0.020964
3.415448 1.336239 0.023816
3.432144 1.316973 0.019399
3.448841 1.332565 0.023122
3.465450 1.316761 0.020416
3.482177 1.331386 0.023433
3.498799 1.326442 0.021380
3.515430 1.318630 0.021465
3.532062 1.326917 0.022797
3.548899 1.312349 0.021044
Speed: 80
0.016906 0.002954 0.000949
0.033191 0.004287 0.000182
0.050216 0.008082 0.000992
0.066313 0.008355 0.000346
0.083226 0.001180 0.000708
0.099753 0.007379 0.000718
0.116705 0.021555 0.001535
0.134201 0.096545 0.005292
0.150158 0.208019 0.007206
0.169327 0.375243 0.010922
0.183437 0.516930 0.008718
0.207145 0.651069 0.009871
0.216453 0.780939 0.011787
0.233159 0.912325 0.014081
0.249618 1.036125 0.015743
0.266407 1.106892 0.014036
0.282954 1.148042 0.014863
0.299639 1.172995 0.016690
0.316266 1.206189 0.018650
0.333026 1.228038 0.019086
0.351116 1.191757 0.017361
0.366325 1.213135 0.018735
0.384733 1.184552 0.019554
0.399973 1.231464 0.020172
0.418331 1.245777 0.019872
0.433181 1.275656 0.021757
0.452091 1.289915 0.020649
0.466194 1.318304 0.022123
0.482988 1.327429 0.021340
0.499566 1.336969 0.021556
0.516207 1.341937 0.021853
0.532973 1.344946 0.022039
0.549679 1.360342 0.023089
0.566155 1.366475 0.022291
0.583061 1.363764 0.022178
0.599807 1.370890 0.024332
0.616274 1.381919 0.021976
0.634581 1.352520 0.023162
0.649609 1.404087 0.023001
0.666889 1.391926 0.023714
0.682780 1.463545 0.023620
0.702201 1.503455 0.024392
0.716166 1.527674 0.023720
0.735534 1.540261 0.024537
0.749527 1.533835 0.023343
0.766230 1.519022 0.023980
0.782803 1.500481 0.024033
0.799580 1.480388 0.024424
0.816135 1.462985 0.024200
0.832914 1.427263 0.022898
0.849404 1.412860 0.024361
0.866268 1.415957 0.025026
0.884039 1.389266 0.024959
0.899416 1.411248 0.022779
0.917800 1.405955 0.026102
0.932807 1.444168 0.022799
0.951240 1.471883 0.024424
0.966131 1.482537 0.023819
0.985294 1.524570 0.026499
0.999541 1.538444 0.024336
1.016044 1.534292 0.023985
1.032757 1.532572 0.024738
1.049488 1.518294 0.024209
1.066025 1.509643 0.024842
1.082688 1.488630 0.024467
1.099362 1.478101 0.024666
1.116180 1.479017 0.025330
1.132793 1.448610 0.023734
1.149416 1.458230 0.025036
1.167582 1.422624 0.024955
1.182835 1.461631 0.023680
1.199882 1.454345 0.025768
1.215977 1.525176 0.025314
1.235360 1.556352 0.025032
1.249354 1.573498 0.024539
1.269245 1.559104 0.024367
1.282608 1.549010 0.024431
1.304759 1.575645 0.027132
1.330509 1.583930 0.050415
1.335006 1.583930 0.000000
1.349603 1.583930 0.000000
1.366021 1.584615 0.050363
1.381573 1.575019 0.023857
1.398157 1.572795 0.025995
1.414767 1.575067 0.026712
1.431397 1.545195 0.023991
1.448189 1.532466 0.025824
1.464810 1.493451 0.025096
1.482393 1.467280 0.024590
1.497993 1.477300 0.025110
1.514795 1.486940 0.025871
1.531396 1.499677 0.025520
1.548190 1.499677 0.000000
1.564889 1.524506 0.051630
1.581555 1.511653 0.023891
1.598050 1.517542 0.025768
1.614871 1.522144 0.025474
1.631446 1.485347 0.023711
1.648207 1.528158 0.027009
1.664815 1.546819 0.025816
1.681423 1.531775 0.023641
1.699103 1.539010 0.026009
1.715749 1.527411 0.025911
1.732613 1.472444 0.039983
1.749100 1.447583 0.022835
1.767233 1.397049 0.024241
1.782495 1.367118 0.022621
1.799115 1.344424 0.023771
1.815705 1.357414 0.025160
1.832486 1.390063 0.025011
1.849111 1.409167 0.022569
1.865869 1.460948 0.025396
1.882451 1.488397 0.023250
1.899208 1.513974 0.024563
1.915732 1.543803 0.025234
1.932649 1.542934 0.024247
1.949234 1.538502 0.024489
1.965992 1.503538 0.022692
1.982858 1.481445 0.024617
1.999181 1.487110 0.025671
2.018201 1.425742 0.023320
2.032415 1.454553 0.023512
2.051813 1.431146 0.025931
2.065813 1.490388 0.024236
2.082419 1.512827 0.024483
2.099006 1.514084 0.023454
2.115783 1.520995 0.024984
2.132420 1.506890 0.023447
2.149168 1.496704 0.024481
2.165817 1.483769 0.024232
2.182646 1.456622 0.023430
2.199125 1.453032 0.024883
2.216000 1.422161 0.022885
2.232630 1.395055 0.022956
2.249223 1.409740 0.025844
2.266775 1.393154 0.023808
2.285875 1.361212 0.024753
2.301618 1.364237 0.022806
2.315734 1.433119 0.024067
2.334844 1.428720 0.023728
2.348938 1.506183 0.024315
2.365622 1.560549 0.025586
2.382316 1.573685 0.023533
2.399133 1.572020 0.024023
2.415574 1.563806 0.024170
2.432360 1.533204 0.023646
2.449615 1.492134 0.024188
2.465648 1.462221 0.023358
2.482258 1.446951 0.025023
2.498982 1.412688 0.023020
2.517110 1.361558 0.023537
2.532925 1.374553 0.024690
2.550864 1.366465 0.024896
2.567858 1.345930 0.022293
2.584715 1.355862 0.024512
2.598996 1.436243 0.024709
2.615535 1.462969 0.022729
2.632174 1.491654 0.024079
2.649018 1.516374 0.024778
2.665601 1.540851 0.025183
2.682258 1.535917 0.023506
2.699493 1.512726 0.023871
2.715679 1.514138 0.024966
2.732235 1.504331 0.024487
2.748918 1.446303 0.021140
2.767257 1.396811 0.024999
2.782266 1.421544 0.024753
2.799366 1.409531 0.023759
2.815665 1.410853 0.023640
2.835161 1.387834 0.025730
2.849207 1.446879 0.023793
2.868786 1.437088 0.024651
2.882505 1.496583 0.022934
2.899019 1.555107 0.026339
2.915921 1.566891 0.023679
2.932441 1.574637 0.024415
2.949250 1.545754 0.022917
2.965788 1.556207 0.026650
2.982518 1.544748 0.024960
2.999355 1.512678 0.023916
3.015506 1.512678 0.000000
3.032330 1.470417 0.048336
3.049039 1.481159 0.026718
3.068224 1.409540 0.022630
3.082317 1.459193 0.024659
3.098777 1.459193 0.000000
3.115544 1.482571 0.048626
3.132152 1.509515 0.025845
3.148917 1.531013 0.025610
3.165727 1.526367 0.023959
3.182299 1.513798 0.023791
3.199058 1.514940 0.025570
Speed: 90
0.016597 0.019021 0.001860
0.034766 0.004269 0.001683
0.057026 0.015287 0.001023
0.066643 0.012635 0.000892
0.083346 0.000966 0.000681
0.100053 0.013417 0.001376
0.116743 0.053074 0.003174
0.133253 0.109162 0.003706
0.150055 0.243731 0.009440
0.166779 0.401044 0.010141
0.183495 0.538612 0.009164
0.200047 0.667085 0.009956
0.216814 0.809944 0.013281
0.233357 0.952911 0.015100
0.251283 1.069179 0.015443
0.266553 1.170416 0.016664
0.284508 1.234536 0.018553
0.299806 1.325898 0.016409
0.316352 1.382269 0.020983
0.333133 1.398781 0.016770
0.350532 1.414031 0.020706
0.368235 1.395445 0.020066
0.383153 1.393195 0.022577
0.400960 1.357943 0.020307
0.416409 1.345600 0.022977
0.436478 1.281702 0.023362
0.449813 1.322286 0.019942
0.466503 1.358105 0.024139
0.483150 1.394695 0.023804
0.499949 1.426656 0.024289
0.516421 1.436344 0.021716
0.533218 1.468112 0.024977
0.549753 1.506247 0.025491
0.566552 1.512579 0.023694
0.583031 1.509997 0.024547
0.603386 1.481058 0.025375
0.617233 1.533088 0.023772
0.634660 1.537319 0.025926
0.650550 1.586987 0.025664
0.669576 1.603942 0.025851
0.683570 1.604177 0.024574
0.704377 1.571030 0.025760
0.718090 1.595841 0.026957
0.733981 1.595841 0.000000
0.749735 1.607410 0.051373
0.766502 1.607943 0.026235
0.783303 1.613759 0.026957
0.799772 1.613759 0.000000
0.816670 1.610250 0.052011
0.833092 1.605274 0.026181
0.850002 1.628678 0.028606
0.866513 1.610215 0.025155
0.883225 1.598564 0.026149
0.899730 1.605943 0.027662
0.919548 1.597759 0.026216
0.940611 1.607052 0.027520
0.949538 1.620136 0.027632
0.966190 1.631031 0.027553
0.983901 1.605742 0.027214
0.999608 1.635771 0.025882
1.016308 1.637479 0.026560
1.036029 1.598923 0.027178
1.049702 1.675516 0.028306
1.067179 1.694665 0.026869
1.083090 1.701059 0.026780
1.100165 1.664066 0.028006
1.116399 1.706818 0.026425
1.133164 1.713059 0.027857
1.149807 1.710908 0.027045
1.166504 1.716693 0.028640
1.182972 1.721587 0.028329
1.199814 1.691948 0.026962
1.216286 1.694600 0.028229
1.233050 1.679179 0.027316
1.249721 1.660695 0.027380
1.266440 1.629262 0.027178
1.282959 1.603343 0.026780
1.299902 1.616838 0.029264
1.316372 1.624160 0.029285
1.333252 1.642825 0.026698
1.349601 1.632949 0.025462
1.366287 1.642558 0.027885
1.383097 1.603168 0.029198
1.399600 1.684572 0.026189
1.416248 1.696578 0.025764
1.432942 1.723579 0.028330
1.449537 1.744287 0.028386
1.466303 1.725634 0.025961
1.482893 1.700223 0.027792
1.499601 1.693846 0.027547
1.516268 1.699781 0.029045
1.533289 1.679404 0.027119
1.549552 1.673945 0.028066
1.566194 1.649668 0.027338
1.582950 1.668586 0.028953
1.599600 1.657477 0.027425
1.616182 1.684179 0.029386
1.633837 1.581423 0.039754
1.649556 1.581423 0.000000
1.668515 1.526342 0.051166
1.682914 1.569348 0.026770
1.702216 1.519059 0.025892
1.716162 1.577883 0.026414
1.733119 1.637674 0.029101
1.749582 1.672067 0.025611
1.766284 1.715178 0.027195
1.782877 1.749171 0.027081
1.799633 1.745315 0.025662
1.816189 1.728383 0.025951
1.832859 1.715502 0.027738
1.849482 1.671370 0.025712
1.866224 1.630980 0.026727
1.883714 1.587214 0.027525
1.899632 1.576365 0.026700
1.919014 1.505645 0.026278
1.933019 1.556823 0.026226
1.952167 1.545415 0.027757
1.966210 1.595002 0.024950
1.982874 1.638314 0.027879
1.999467 1.655035 0.026087
2.016206 1.661205 0.026386
2.032819 1.665379 0.026786
2.049501 1.684102 0.028438
2.066233 1.674542 0.026363
2.082886 1.652023 0.025901
2.099542 1.644398 0.027493
2.116168 1.622452 0.026205
2.133422 1.597796 0.027077
2.149490 1.593034 0.026480
2.166213 1.579074 0.026391
2.182813 1.571553 0.026538
2.199541 1.567547 0.026682
2.216118 1.577895 0.027279
2.232858 1.567531 0.025505
2.249331 1.577993 0.026892
2.266174 1.583322 0.026773
2.284141 1.569956 0.027023
2.302063 1.541845 0.026195
2.317854 1.568724 0.027195
2.332904 1.633146 0.027652
2.352419 1.615660 0.026699
2.365875 1.677071 0.024965
2.382614 1.710674 0.027620
2.399300 1.734853 0.027751
2.416042 1.727775 0.026379
2.432539 1.696754 0.025381
2.449348 1.683105 0.028127
2.465904 1.647459 0.025943
2.482562 1.612092 0.026356
2.499220 1.590222 0.027180
2.515907 1.559674 0.025974
2.532513 1.553181 0.027292
2.549287 1.551451 0.027104
2.565846 1.552824 0.026424
2.582549 1.555300 0.026398
2.599280 1.571857 0.027352
2.615886 1.591542 0.027062
2.632497 1.613651 0.027299
2.650537 1.578283 0.024838
2.665819 1.590086 0.025362
2.682524 1.625875 0.029092
2.699077 1.650402 0.027490
2.715904 1.664917 0.027384
2.732495 1.663044 0.026245
2.749110 1.674732 0.027982
2.765793 1.658979 0.026071
2.782492 1.658979 0.000000
2.799079 1.649918 0.054556
2.815738 1.649918 0.000000
2.836220 1.618137 0.057042
Speed: 100
0.016579 0.010973 0.000685
0.033139 0.009706 0.000556
0.050205 0.004185 0.001158
0.067950 0.006199 0.000519
0.083453 0.015429 0.001159
0.101935 0.016472 0.000515
0.117595 0.043133 0.001750
0.133053 0.119577 0.006091
0.149687 0.227572 0.006881
0.166451 0.350440 0.007791
0.183048 0.507826 0.010985
0.202507 0.683731 0.013121
0.216442 0.830487 0.012261
0.233101 0.960512 0.013638
0.252737 1.107863 0.017825
0.266409 1.219324 0.017207
0.283061 1.303106 0.018041
0.299724 1.380651 0.020466
0.316483 1.401161 0.018498
0.333068 1.417124 0.020649
0.349731 1.412409 0.020926
0.366378 1.418578 0.022803
0.383422 1.390234 0.020672
0.399707 1.391745 0.024162
0.416328 1.411066 0.024640
0.433110 1.410741 0.023029
0.449703 1.437284 0.025329
0.466257 1.441740 0.023601
0.483118 1.461392 0.024601
0.499768 1.487108 0.025773
0.516314 1.539438 0.027039
0.533003 1.575501 0.026009
0.549730 1.614404 0.026692
0.566260 1.658553 0.027642
0.582965 1.680373 0.026540
0.599740 1.693496 0.026851
0.616323 1.716585 0.028500
0.633144 1.719578 0.027047
0.649701 1.706033 0.027395
0.666256 1.717818 0.028884
0.682909 1.660517 0.028942
0.699718 1.728902 0.026441
0.716203 1.772156 0.029654
0.732782 1.797860 0.029183
0.748490 1.824892 0.027865
0.765142 1.841404 0.029392
0.781724 1.838326 0.028849
0.798375 1.831823 0.029599
0.815109 1.828992 0.030044
0.831761 1.816662 0.029515
0.848331 1.796678 0.029310
0.865118 1.783018 0.029731
0.881732 1.765642 0.029235
0.898381 1.740220 0.028622
0.915110 1.746985 0.030827
0.931725 1.743782 0.029248
0.948368 1.762933 0.030927
0.965125 1.769446 0.029349
0.981706 1.789518 0.030460
0.998357 1.799346 0.029765
1.014959 1.805567 0.029557
1.031737 1.816274 0.030206
1.048304 1.841927 0.031616
1.064978 1.846830 0.029876
1.081703 1.841470 0.029537
1.098355 1.832923 0.030001
1.114935 1.840939 0.031233
1.131713 1.837854 0.030328
1.148327 1.838255 0.030546
1.164977 1.834951 0.030468
1.181681 1.857500 0.032121
1.198336 1.849595 0.029897
1.214950 1.824087 0.028626
1.231650 1.824240 0.031106
1.248301 1.831596 0.031432
1.264932 1.841124 0.031163
1.281563 1.837827 0.030031
1.298428 1.846309 0.031358
1.316264 1.812029 0.029950
1.332788 1.826732 0.032021
1.349707 1.843638 0.031601
1.366661 1.831059 0.029029
1.382796 1.842927 0.031555
1.399360 1.855576 0.031437
1.416223 1.862700 0.031272
1.432799 1.878277 0.031127
1.449406 1.873952 0.031295
1.466157 1.885455 0.030885
1.483031 1.890252 0.031194
1.499407 1.837577 0.044280
1.516410 1.799076 0.028544
1.532866 1.758544 0.029609
1.549566 1.724831 0.030115
1.566286 1.709387 0.030035
1.586368 1.630886 0.029602
1.600137 1.702450 0.028583
1.616120 1.765549 0.029761
1.632755 1.832753 0.030739
1.649446 1.889724 0.030695
1.668610 1.886443 0.030460
1.682746 1.940158 0.028705
1.699325 1.949182 0.030038
1.715924 1.925429 0.028722
1.734017 1.880729 0.031014
1.749262 1.867236 0.028876
1.768404 1.775125 0.029156
1.782631 1.800770 0.029285
1.799602 1.788417 0.030211
1.816016 1.779483 0.029356
1.832802 1.771588 0.029978
1.849286 1.772775 0.029904
1.865952 1.759760 0.028827
1.882564 1.749935 0.029103
1.899373 1.748650 0.029891
1.915916 1.754210 0.029630
1.932570 1.758575 0.029460
1.949299 1.762292 0.029488
1.965971 1.763328 0.029197
1.982497 1.791074 0.031138
1.999247 1.792333 0.029090
2.015984 1.783873 0.028793
2.032526 1.799220 0.030672
2.049349 1.793453 0.029295
2.066073 1.768681 0.028039
2.083644 1.749074 0.030418
2.099991 1.735369 0.028580
2.115950 1.736698 0.028719
2.135007 1.704133 0.030819
2.154579 1.653234 0.030394
2.165987 1.800672 0.027448
2.182596 1.886253 0.030125
2.199269 1.944059 0.029761
2.215991 1.980397 0.030232
2.232678 1.978045 0.029144
2.252080 1.916180 0.030485
2.265886 1.944114 0.028820
2.282609 1.922443 0.030164
2.299246 1.883130 0.029394
2.315855 1.833292 0.029025
2.333777 1.753814 0.029224
2.351020 1.705831 0.030422
2.368403 1.661400 0.029825
2.382591 1.701200 0.028398
2.401973 1.669439 0.030136
2.415828 1.758817 0.029382
2.432596 1.819692 0.030924
2.449084 1.861328 0.029551
2.465768 1.899494 0.030684
2.482339 1.913247 0.029621
2.499130 1.923111 0.030940
2.515698 1.904388 0.029154
2.532346 1.887577 0.030397
2.549098 1.848071 0.029203
2.565786 1.844462 0.032280
2.582419 1.844462 0.000000
2.599131 1.819187 0.061196
2.615783 1.793940 0.029244
2.632505 1.762492 0.028902
2.648945 1.763965 0.030732
2.665721 1.765559 0.030543
2.682337 1.766416 0.029742
2.699107 1.786135 0.031271
Speed: 110
0.016836 0.010449 0.001174
0.033354 0.002370 0.000968
0.050086 0.009096 0.000779
0.066760 0.014796 0.001177
0.083483 0.017668 0.000585
0.100006 0.046920 0.002246
0.116950 0.106223 0.004063
0.133419 0.106223 0.000000
0.149939 0.175523 0.004719
0.168452 0.175523 0.000000
0.183570 0.324381 0.016716
0.200094 0.517130 0.021402
0.216736 0.680447 0.014756
0.233479 0.857986 0.016143
0.250109 1.053872 0.018844
0.266789 1.213359 0.017891
0.283484 1.337596 0.018344
0.300112 1.444818 0.020667
0.316779 1.515600 0.021223
0.333522 1.532710 0.019568
0.350143 1.527159 0.022297
0.366833 1.546287 0.023769
0.383309 1.509175 0.024378
0.400011 1.509175 0.000000
0.416598 1.498096 0.046961
0.433152 1.497707 0.025793
0.452558 1.510073 0.025917
0.466636 1.514463 0.027002
0.486100 1.560219 0.026675
0.499897 1.596805 0.026180
0.516496 1.617729 0.026577
0.533307 1.661641 0.028123
0.549936 1.695501 0.027917
0.566537 1.746192 0.028547
0.583177 1.785093 0.028893
0.599932 1.805297 0.028901
0.616641 1.816734 0.028497
0.633117 1.816734 0.000000
0.649783 1.734635 0.030129
0.666714 1.707578 0.027926
0.683207 1.771246 0.059214
0.702049 1.794300 0.030804
0.717075 1.821980 0.030836
0.735955 1.843728 0.030473
0.749805 1.868593 0.032050
0.766793 1.877818 0.029410
0.783174 1.891579 0.031151
0.800016 1.895470 0.032080
0.816530 1.894226 0.030859
0.833380 1.891016 0.031138
0.849779 1.900268 0.032033
0.866656 1.905910 0.031801
0.883121 1.928176 0.033100
0.899987 1.934369 0.031738
0.916535 1.937899 0.031693
0.933388 1.919588 0.030805
0.950955 1.919588 0.000000
0.966362 1.921034 0.064569
0.985758 1.936438 0.032827
0.999908 1.922506 0.033926
1.019320 1.944501 0.031632
1.032947 1.948949 0.031848
1.049751 1.986079 0.033739
1.066363 2.011200 0.033219
1.082954 2.028387 0.033533
1.099696 2.031591 0.032556
1.116497 2.045588 0.033740
1.132968 2.045588 0.000000
1.149832 2.051738 0.065665
1.166336 2.051738 0.000000
1.183135 2.008561 0.066880
1.200898 1.973964 0.031478
1.216371 2.086079 0.031033
1.235861 2.131674 0.034989
1.249753 2.160025 0.032571
1.269283 2.157957 0.033951
1.282940 2.130166 0.032843
1.299603 2.118187 0.033618
1.316401 2.094740 0.034628
1.333052 2.036168 0.030772
1.349605 1.982871 0.033175
1.366416 1.992703 0.036345
1.382988 1.956156 0.032627
1.399670 1.959619 0.032982
1.416411 1.919205 0.033082
1.433252 1.841769 0.043927
1.450513 1.815446 0.031987
1.466713 1.795155 0.030627
1.488267 1.685590 0.031929
1.500967 1.809409 0.031441
1.516727 1.909670 0.032600
1.533056 1.983396 0.030704
1.549635 2.046607 0.031471
1.566365 2.115236 0.033677
1.583122 2.157624 0.033289
1.599735 2.147776 0.030855
1.616353 2.116116 0.031545
1.633033 2.068386 0.032086
1.649746 2.020767 0.032650
1.666345 1.950790 0.030702
1.682934 1.900859 0.032234
1.699926 1.844202 0.031515
1.716445 1.819868 0.032167
1.734631 1.779838 0.032888
1.750028 1.803879 0.031298
1.768873 1.783596 0.032822
1.783306 1.864240 0.031701
1.802106 1.869500 0.031980
1.816208 1.973143 0.031860
1.832885 2.038638 0.032875
1.849605 2.068016 0.031518
1.866274 2.081382 0.032041
1.882828 2.070232 0.031427
1.899486 2.050566 0.032233
1.916218 2.011810 0.031631
1.932874 1.975691 0.032180
1.949450 1.929430 0.031145
1.966233 1.898286 0.032547
1.983580 1.850832 0.031657
1.999613 1.854317 0.032398
2.018769 1.804263 0.032766
2.033189 1.848151 0.030493
2.052156 1.843774 0.033759
2.066212 1.937852 0.031800
2.082823 1.999362 0.032985
2.099432 2.040087 0.032280
2.116110 2.079773 0.033635
2.132822 2.085138 0.032119
2.149451 2.067234 0.031616
2.166030 2.057274 0.033270
2.182832 2.020149 0.031927
2.199449 1.983630 0.032125
2.216078 1.960329 0.033102
2.232937 1.925821 0.032167
2.249554 1.902977 0.032280
2.267658 1.849917 0.032163
2.282933 1.879261 0.032430
2.302011 1.851023 0.033636
2.316286 1.925990 0.032082
2.335016 1.934229 0.033557
2.349428 2.013652 0.031918
2.366381 2.053190 0.033139
2.383377 2.070174 0.032835
2.399440 2.070174 0.000000
2.415948 2.118006 0.066030
2.432670 2.098318 0.032013
2.449605 2.088635 0.034463
2.466875 2.061281 0.034090
2.483074 2.042983 0.032957
Speed: 120
0.018605 0.015702 0.000395
0.033304 0.008569 0.000253
0.052564 0.006614 0.000397
0.066683 0.002455 0.000306
0.083210 0.009291 0.000359
0.100035 0.060528 0.003556
0.116608 0.091322 0.001531
0.133295 0.163303 0.005027
0.149936 0.275397 0.007785
0.166577 0.378413 0.007003
0.183218 0.529012 0.011604
0.199960 0.652077 0.010156
0.216640 0.785938 0.012868
0.233255 0.932709 0.015285
0.249889 1.067699 0.016383
0.267283 1.196989 0.018242
0.283839 1.279366 0.017809
0.302201 1.325138 0.016642
0.316608 1.389691 0.021787
0.333354 1.425915 0.021665
0.349866 1.454074 0.021675
0.370847 1.454074 0.000000
0.383265 1.520397 0.047289
0.402484 1.552042 0.025492
0.420208 1.567460 0.024683
0.433258 1.596072 0.026634
0.449882 1.618730 0.026456
0.467234 1.620837 0.025421
0.483269 1.638177 0.027476
0.499793 1.686987 0.029838
0.516625 1.712275 0.028041
0.533190 1.728489 0.027638
0.551515 1.753368 0.029123
0.566402 1.773096 0.029249
0.585555 1.798406 0.029792
0.604655 1.836937 0.031262
0.616365 1.882743 0.032114
0.633044 1.893524 0.030072
0.650454 1.904712 0.030553
0.666463 1.907694 0.030967
0.682997 1.922648 0.032151
0.699771 1.941643 0.032049
0.716468 1.954065 0.032369
0.733035 1.966761 0.032829
0.749814 1.983179 0.032747
0.766324 2.005622 0.033870
0.783083 2.020163 0.033160
0.800300 2.019938 0.032414
0.816442 1.999248 0.031762
0.835615 2.004962 0.034145
0.849804 2.017366 0.034102
0.868831 2.009229 0.032951
0.883021 2.007600 0.033130
0.899637 2.021922 0.034639
0.916503 2.030314 0.033918
0.933035 2.044903 0.034403
0.956231 2.070052 0.035117
0.968355 2.088536 0.034858
0.983337 2.079736 0.033088
1.000971 2.085304 0.034335
1.016286 2.111562 0.036777
1.034422 2.127210 0.035210
1.051660 2.169723 0.034733
1.065249 2.176355 0.034691
1.082463 2.189254 0.035925
1.098605 2.181002 0.034707
1.117278 2.186750 0.036667
1.132066 2.172240 0.034970
1.153205 2.148577 0.034662
1.165306 2.119829 0.034726
1.182045 2.110421 0.035913
1.198608 2.100456 0.035435
1.215269 2.088063 0.035157
1.231802 2.092996 0.035902
1.248583 2.093936 0.035044
1.265228 2.088668 0.034788
1.281883 2.121192 0.037376
1.298598 2.138540 0.035972
1.315249 2.126378 0.033583
1.331865 2.134387 0.035710
1.348746 2.139151 0.035371
1.366341 2.129518 0.037499
1.383135 2.152817 0.036796
1.399826 2.132536 0.033578
1.416343 2.119086 0.049610
1.432974 2.114799 0.035252
1.449634 2.121766 0.036323
1.468913 2.027844 0.032945
1.485938 1.961185 0.032392
1.499512 1.998546 0.031367
1.516279 2.004108 0.033889
1.532954 2.011940 0.033515
1.549540 2.033424 0.034263
1.566314 2.042931 0.033603
1.582936 2.046382 0.033227
1.599606 2.049127 0.033680
1.616290 2.068331 0.035351
1.632894 2.086815 0.034894
1.649636 2.063716 0.032142
1.666225 2.031318 0.032057
1.685010 1.994679 0.036563
1.699528 2.070385 0.035242
1.719125 2.038151 0.034821
1.732914 2.113492 0.032766
1.749468 2.175393 0.036571
1.766081 2.194535 0.033952
1.782925 2.188406 0.033981
1.799518 2.194762 0.035748
1.816136 2.199512 0.036038
1.832829 2.139741 0.031622
1.849536 2.103381 0.034686
1.866085 2.067216 0.034101
1.882701 2.043211 0.034789
1.899476 2.005299 0.033342
1.916179 2.003543 0.035593
1.933774 1.976491 0.034372
1.949508 1.995377 0.033738
1.968363 1.975208 0.035919
1.982796 2.074485 0.035471
2.001934 2.093706 0.036669
2.016210 2.098497 0.028499
2.032712 2.154665 0.037506
2.049594 2.178847 0.035569
2.066201 2.189060 0.034875
2.082775 2.174826 0.033829
2.099475 2.138068 0.033314
2.116334 2.148573 0.038008
2.133012 2.061134 0.029412
2.149587 2.060970 0.037184
2.166362 2.054014 0.035601
2.182943 2.042069 0.034125
2.199600 2.028233 0.033850
2.216338 2.034178 0.035308
2.232844 2.027912 0.033341
2.249433 2.042187 0.035034
2.266133 2.065104 0.035510
2.282773 2.085721 0.034979
2.299470 2.107492 0.035294
Speed: 127
0.016701 0.003399 0.000602
0.033299 0.007281 0.000209
0.050051 0.007281 0.000000
0.066536 0.012745 0.000813
0.083203 0.009544 0.001135
0.099985 0.025667 0.001581
0.116543 0.100988 0.005595
0.133691 0.156457 0.003085
0.149882 0.276105 0.008343
0.166940 0.391089 0.007597
0.183232 0.505857 0.008473
0.199848 0.631827 0.010764
0.216659 0.768256 0.013036
0.233221 0.931870 0.016650
0.249885 1.101282 0.018632
0.266562 1.219206 0.016686
0.283294 1.305563 0.017569
0.299861 1.391798 0.020776
0.316564 1.460292 0.021729
0.333230 1.521698 0.023189
0.349827 1.527421 0.021738
0.366518 1.558456 0.023879
0.388365 1.579257 0.025336
0.404306 1.600285 0.025936
0.416646 1.613069 0.026048
0.433162 1.675909 0.030041
0.449777 1.686734 0.026246
0.466330 1.693134 0.026832
0.483098 1.730380 0.029762
0.499997 1.749027 0.028582
0.516327 1.767736 0.028925
0.533262 1.754054 0.026944
0.549764 1.805209 0.034170
0.566478 1.847483 0.031649
0.582913 1.872305 0.030729
0.599689 1.892371 0.030494
0.616361 1.942263 0.033680
0.632968 1.922529 0.028392
0.649711 1.974989 0.035187
0.666919 2.012294 0.033607
0.682967 2.039533 0.031932
0.699912 2.073346 0.034693
0.716322 2.078656 0.032671
0.733074 2.086914 0.033978
0.749748 2.091323 0.034220
0.766380 2.091409 0.034229
0.782953 2.093683 0.034629
0.799811 2.088836 0.034567
0.816396 2.093661 0.034978
0.833010 2.103276 0.035414
0.849584 2.122557 0.036249
0.866349 2.108430 0.033481
0.882954 2.127808 0.036606
0.899641 2.125607 0.034699
0.916317 2.147847 0.036726
0.933012 2.150954 0.035241
0.949830 2.164323 0.036222
0.966498 2.176118 0.036484
0.982992 2.200647 0.037010
0.999686 2.213246 0.036659
1.016259 2.229206 0.036714
1.033104 2.247559 0.037454
1.049658 2.266069 0.037835
1.066279 2.247730 0.035586
1.083080 2.254368 0.037336
1.099704 2.254368 0.000000
1.116292 2.257806 0.074767
1.133182 2.272557 0.038361
1.149730 2.261361 0.036742
1.166395 2.240415 0.036378
1.182942 2.238744 0.037426
1.200367 2.262014 0.039947
1.216303 2.248698 0.035798
1.233080 2.239097 0.037004
1.249597 2.254317 0.038825
1.266652 2.280501 0.039171
1.282850 2.283247 0.037042
1.299734 2.272949 0.037216
1.316257 2.206634 0.050115
1.333046 2.163922 0.035273
1.349619 2.151466 0.037543
1.366436 2.117171 0.036101
1.382914 2.108234 0.036500
1.399547 2.113949 0.036538
1.416275 2.120605 0.035619
1.432995 2.159018 0.037403
1.449515 2.190446 0.035911
1.466291 2.219618 0.036609
1.483051 2.238647 0.036371
1.499582 2.240504 0.035529
1.516900 2.235870 0.037423
1.533035 2.227768 0.035221
1.549582 2.226171 0.036978
1.566423 2.205998 0.036038
1.582904 2.216437 0.037828
1.599641 2.199055 0.035736
1.616214 2.185937 0.036024
1.633102 2.166205 0.036164
1.650049 2.157961 0.037203
1.666148 2.162019 0.035817
1.682883 2.156540 0.036014
1.702460 2.112663 0.038656
1.716114 2.186367 0.034337
1.732992 2.222854 0.037272
1.749528 2.238374 0.035552
1.766684 2.244294 0.037007
1.782853 2.268229 0.037063
1.802010 2.207312 0.036329
1.816127 2.248252 0.034571
1.833743 2.226743 0.036661
1.849401 2.240051 0.035917
1.866061 2.250094 0.037625
1.882683 2.244388 0.036379
1.899459 2.212593 0.035093
1.916013 2.200149 0.036653
1.932687 2.192203 0.037026
1.949422 2.185319 0.036861
1.966073 2.165613 0.035445
1.982641 2.164727 0.036732
1.999433 2.165679 0.036901
2.016034 2.154808 0.035324
2.032703 2.176125 0.037961
2.049270 2.194094 0.036878
2.066044 2.207965 0.036944
2.082644 2.213584 0.036162
2.099325 2.222875 0.036941
2.115974 2.236689 0.037387
2.132653 2.259239 0.038172
2.149253 2.221268 0.033446
2.166081 2.228337 0.038582
2.182595 2.249132 0.038458
2.199300 2.265354 0.038119
2.215863 2.279438 0.037726
2.232738 2.274722 0.037136
2.249204 2.265004 0.036419
2.265922 2.281799 0.039322
2.282606 2.286736 0.037947
2.299309 2.259834 0.035720
2.315841 2.240505 0.036596
2.332709 2.242802 0.038999
