seed 92ba159995c2e676
Playbook: loading ../../gameplay/plays/test/kick_penalty.play
Playbook: loading ../../gameplay/plays/test/motion_challenge.play
Playbook: loading ../../gameplay/plays/test/their_kickoff.play
Playbook: loading ../../gameplay/plays/test/our_kickoff.play
Playbook: loading ../../gameplay/plays/test/test.play
Playbook: loading ../../gameplay/plays/test/defend_penalty.play
Playbook: loading ../../gameplay/plays/test/their_freekick.play
Playbook: loading ../../gameplay/plays/test/our_freekick.play
InputHandler Error: No such file or directory
Not using joystick controller
No controller: Auto/Running
Set trigger camera: 0
Switching to play "motion challenge"
Play "motion challenge" ended: completed 1/1
Speed: 0
0.016872 0.003340 0.000674
0.033333 0.004761 0.000481
0.050060 0.013733 0.000817
0.066648 0.020592 0.000444
0.083533 0.029226 0.002679
0.099989 0.013582 0.002703
0.116685 0.021142 0.001792
0.133270 0.017793 0.000615
0.150140 0.012921 0.001338
0.166676 0.007259 0.000707
0.183343 0.030461 0.001650
0.200006 0.012271 0.001422
0.216766 0.017573 0.000796
0.233227 0.008123 0.000678
0.249976 0.008123 0.000000
0.266589 0.027296 0.001618
0.283224 0.008086 0.001252
0.300005 0.022206 0.001425
0.316619 0.010413 0.001052
0.333249 0.021726 0.001172
0.349879 0.021726 0.000000
0.366644 0.032265 0.001256
0.383238 0.026827 0.000910
0.399843 0.020279 0.000253
0.416570 0.016253 0.000265
0.433187 0.004678 0.000697
0.449799 0.030979 0.001023
0.466570 0.024159 0.000990
0.483194 0.002212 0.001255
0.499791 0.029443 0.002181
0.516567 0.015034 0.001359
0.533200 0.015034 0.000000
0.549835 0.023575 0.000573
0.566377 0.006082 0.000907
0.583261 0.024974 0.000674
0.599794 0.037962 0.000800
0.616743 0.037660 0.000679
0.633140 0.036392 0.000508
0.650163 0.020562 0.001077
0.666528 0.011859 0.000102
0.683451 0.007843 0.000681
0.699910 0.022924 0.000863
0.716871 0.019641 0.000937
0.733386 0.018754 0.000324
0.750237 0.011792 0.001290
0.766571 0.009882 0.000532
0.783473 0.013087 0.000509
0.800016 0.012132 0.000121
0.816911 0.012005 0.000373
0.833373 0.014750 0.001418
0.850278 0.005628 0.001585
0.866814 0.006450 0.000381
0.883356 0.010619 0.000762
0.900093 0.016151 0.001607
0.916586 0.013774 0.001497
0.933181 0.020102 0.000505
0.950169 0.015295 0.000621
0.966541 0.007042 0.001162
0.983219 0.023399 0.000822
0.999912 0.023031 0.000598
1.016919 0.005027 0.001562
1.033293 0.005475 0.000974
1.050243 0.016711 0.000896
1.066605 0.014891 0.000193
1.083586 0.021969 0.001992
1.099723 0.012808 0.001472
1.116553 0.004939 0.000503
1.133127 0.003149 0.000202
1.149913 0.003149 0.000000
1.166391 0.010435 0.000235
1.183411 0.020303 0.000603
1.199794 0.020303 0.000000
1.216542 0.025871 0.000350
1.233160 0.018439 0.000436
1.249880 0.006908 0.001164
1.266387 0.025542 0.001343
1.283279 0.024395 0.001289
1.299579 0.022513 0.000205
1.316265 0.012145 0.000970
1.332967 0.028447 0.001337
1.349648 0.015653 0.000922
1.366190 0.007199 0.000918
1.382887 0.016140 0.000192
1.399593 0.014534 0.000444
1.416279 0.028127 0.000944
1.432919 0.019699 0.000746
1.449641 0.009872 0.000741
1.466205 0.004623 0.000226
1.482920 0.002627 0.000635
1.499529 0.010551 0.000957
1.516330 0.006830 0.000511
1.532796 0.010898 0.000695
1.549616 0.026335 0.001385
1.566147 0.018487 0.001324
1.582788 0.018487 0.000000
1.599448 0.015604 0.000937
1.616387 0.023822 0.000225
1.632786 0.011956 0.001253
1.649423 0.009301 0.000504
1.666180 0.008941 0.000361
1.682891 0.014991 0.000870
1.699412 0.004638 0.001088
1.716193 0.013209 0.000514
1.732835 0.018760 0.000443
1.749486 0.023202 0.000265
1.766181 0.028036 0.000513
1.782793 0.017865 0.000625
1.799454 0.011944 0.000409
1.816115 0.016013 0.000544
1.832801 0.013564 0.000884
1.849555 0.014959 0.001227
1.866058 0.016523 0.001029
1.882936 0.026441 0.001804
1.899419 0.027336 0.000403
1.916145 0.014124 0.001181
1.932812 0.009887 0.000086
1.949528 0.013181 0.000608
1.966080 0.011389 0.000699
1.983192 0.019577 0.000778
1.999494 0.007524 0.001389
2.016024 0.012101 0.000731
2.032610 0.010789 0.000689
2.049374 0.010254 0.000442
2.066008 0.014830 0.000403
2.082791 0.010772 0.000165
2.099330 0.004985 0.000152
2.116148 0.007160 0.000503
2.132776 0.017514 0.001370
2.149926 0.006466 0.001340
2.166173 0.018645 0.001073
2.182773 0.018645 0.000000
2.199325 0.026989 0.000793
2.216250 0.022355 0.000971
2.232727 0.011772 0.000982
2.249350 0.004075 0.000588
2.266130 0.014985 0.001125
2.283213 0.014985 0.000000
2.299289 0.024058 0.000236
2.316140 0.023033 0.000412
2.332731 0.014996 0.001183
2.349383 0.015649 0.001610
2.366095 0.014996 0.000543
2.382760 0.021340 0.000804
2.399313 0.013881 0.000564
2.416010 0.026576 0.001132
2.432577 0.028984 0.000191
2.449230 0.026021 0.000609
2.465940 0.025888 0.001005
2.482641 0.027133 0.000455
2.499193 0.003286 0.001052
2.515816 0.011576 0.000439
2.532568 0.016737 0.001167
2.549266 0.028534 0.000474
2.565780 0.026535 0.000348
2.582592 0.033322 0.001288
2.599202 0.018235 0.000961
2.615862 0.006483 0.000509
2.632400 0.025978 0.000721
2.649186 0.024103 0.000679
2.665799 0.021714 0.000747
2.682470 0.023360 0.000798
2.699152 0.022056 0.000395
2.716015 0.004235 0.001031
2.732416 0.009629 0.000194
2.749352 0.013480 0.000148
2.765763 0.022367 0.000789
2.782439 0.021045 0.000289
2.799178 0.015665 0.000148
2.815829 0.018387 0.000515
2.832403 0.022662 0.000710
2.849048 0.015995 0.000421
2.865790 0.020521 0.001201
2.882445 0.025717 0.001097
2.899015 0.024489 0.000534
2.915794 0.037806 0.001002
2.932417 0.043415 0.000443
2.949060 0.010124 0.001717
2.965752 0.008142 0.000228
2.982406 0.012360 0.000429
2.999035 0.026284 0.000580
3.015836 0.036071 0.000437
3.032514 0.021706 0.000863
3.048999 0.008479 0.000365
3.065613 0.004309 0.000502
3.082433 0.004309 0.000000
3.098989 0.021694 0.000268
3.115633 0.026815 0.000217
3.132559 0.022574 0.002928
3.149588 0.010502 0.001774
3.165832 0.010620 0.000502
3.182570 0.009755 0.000263
3.199169 0.013765 0.000558
3.215828 0.012116 0.000539
3.232358 0.041522 0.001570
3.249220 0.026633 0.001771
3.265692 0.012535 0.000583
3.282800 0.005801 0.000528
3.299140 0.005379 0.000410
3.315812 0.005643 0.000520
3.332376 0.003327 0.000782
3.349171 0.012061 0.000732
3.365766 0.031339 0.001385
3.382339 0.008924 0.002825
3.399142 0.009806 0.000713
3.415808 0.009732 0.001180
3.432337 0.016278 0.000513
3.449047 0.004829 0.000890
3.465778 0.005896 0.000322
3.482372 0.008681 0.000427
3.499107 0.000995 0.000528
3.515759 0.017168 0.001318
3.532690 0.011361 0.001214
3.549030 0.004827 0.000347
3.565760 0.009711 0.000571
3.582346 0.022861 0.001739
3.599018 0.040785 0.000552
3.615763 0.009088 0.002405
3.632286 0.003832 0.000314
3.648983 0.002090 0.000594
3.665607 0.002090 0.000000
3.682663 0.009070 0.000284
3.698964 0.023214 0.000718
3.715626 0.021441 0.000542
3.732320 0.013908 0.000325
3.749069 0.024270 0.001378
3.765602 0.020466 0.000257
3.782687 0.013520 0.001078
3.799000 0.014840 0.000210
3.815999 0.017785 0.000369
3.832305 0.009033 0.000812
3.849004 0.011803 0.000770
3.865695 0.011361 0.000806
3.882158 0.001079 0.000559
3.899081 0.008270 0.000225
3.915539 0.021264 0.000539
3.932337 0.024236 0.000396
3.949069 0.035804 0.000782
3.965643 0.036851 0.000162
3.982415 0.014568 0.000978
3.999065 0.003227 0.000199
4.015893 0.005469 0.000495
4.032169 0.018395 0.000517
4.049440 0.029691 0.000481
4.066343 0.018144 0.001687
4.083456 0.026789 0.001506
4.099032 0.014098 0.000606
4.116084 0.019979 0.000740
4.132480 0.006249 0.001277
4.149649 0.014238 0.000471
4.165838 0.017289 0.001163
4.182951 0.019896 0.001039
4.199229 0.022090 0.000684
4.215931 0.022395 0.000215
4.232771 0.014206 0.000292
4.249347 0.004054 0.000266
4.265381 0.006153 0.000323
4.283332 0.016812 0.000660
4.299123 0.016812 0.000000
4.315488 0.023686 0.000293
4.332143 0.016981 0.001050
4.348970 0.018301 0.000335
4.365451 0.036157 0.001349
4.382276 0.017501 0.001358
4.398811 0.008591 0.000048
4.415494 0.023842 0.001331
4.432153 0.005941 0.001842
4.448873 0.010423 0.000671
4.465463 0.009676 0.000568
4.482075 0.009676 0.000000
4.498783 0.010868 0.000102
4.515846 0.009255 0.000631
4.533715 0.009006 0.001113
4.548834 0.005578 0.001279
4.566745 0.020768 0.001538
4.582204 0.029607 0.000452
4.598923 0.009606 0.002211
4.616635 0.009201 0.000963
4.632106 0.027278 0.000821
4.648768 0.029262 0.000610
4.665483 0.044610 0.001177
4.682000 0.011985 0.001880
4.698671 0.006119 0.000606
4.715459 0.009933 0.000493
4.734140 0.019335 0.000151
4.749361 0.014575 0.000385
4.765335 0.022798 0.000810
4.781999 0.015536 0.000634
4.799706 0.009331 0.000315
4.816723 0.014694 0.000782
4.833093 0.007988 0.000267
4.850235 0.004267 0.000106
4.866610 0.006624 0.000598
4.883202 0.008243 0.000298
4.899726 0.011275 0.000778
4.915966 0.016088 0.000932
4.932967 0.002995 0.000869
4.949082 0.008733 0.000556
4.966536 0.018069 0.001841
4.982527 0.014222 0.001053
4.999919 0.019459 0.000787
5.016395 0.014927 0.000272
Speed: 10
0.016781 0.037567 0.000341
0.033367 0.035860 0.000274
0.050017 0.032309 0.000400
0.066716 0.018612 0.000652
0.083421 0.025763 0.001726
0.099956 0.039311 0.000703
0.116737 0.029093 0.001588
0.133406 0.046229 0.003072
0.150051 0.075327 0.000892
0.166737 0.083959 0.000116
0.183409 0.103858 0.001709
0.199989 0.135854 0.002548
0.216644 0.162044 0.002377
0.233384 0.168475 0.001804
0.250014 0.133380 0.000394
0.266596 0.096896 0.000857
0.283414 0.091055 0.002695
0.299952 0.088220 0.002093
0.316649 0.084815 0.001659
0.333382 0.095937 0.002494
0.350023 0.131808 0.003577
0.366562 0.140073 0.001623
0.383243 0.119067 0.001470
0.399968 0.137489 0.003430
0.416612 0.153958 0.003245
0.433151 0.149842 0.001531
0.450000 0.147477 0.002104
0.466558 0.131524 0.001861
0.483268 0.111993 0.001550
0.499913 0.097650 0.001799
0.516578 0.124367 0.004063
0.533192 0.132265 0.002090
0.549998 0.081078 0.001391
0.566535 0.076689 0.002560
0.583241 0.098393 0.003321
0.599783 0.088345 0.000696
0.616607 0.089512 0.001780
0.633157 0.123315 0.003901
0.649806 0.152390 0.002837
0.666510 0.125836 0.000566
0.683214 0.127636 0.002651
0.699627 0.135975 0.002701
0.716516 0.137018 0.002051
0.736966 0.142228 0.002466
0.750034 0.167197 0.003949
0.766623 0.136971 0.000158
0.783084 0.108781 0.001058
0.799884 0.105736 0.003433
0.816368 0.100927 0.002040
0.833236 0.093272 0.001534
0.849676 0.109034 0.002844
0.866559 0.156450 0.004329
0.883113 0.130264 0.001566
0.899870 0.117171 0.001866
0.916479 0.113520 0.002271
0.933148 0.119471 0.002541
0.950411 0.118979 0.001947
0.966358 0.165490 0.004717
0.983189 0.161001 0.001167
0.999732 0.111686 0.001191
1.016576 0.111181 0.003248
1.032966 0.122952 0.003174
1.049894 0.107280 0.001074
1.066361 0.100969 0.001811
1.083084 0.112892 0.002826
1.099825 0.109983 0.001455
1.116410 0.096871 0.001127
1.133180 0.105469 0.002535
1.149753 0.107842 0.001836
1.168002 0.108487 0.001722
1.182971 0.132343 0.003171
1.199871 0.157636 0.002978
1.216401 0.160175 0.001687
1.233063 0.132027 0.000460
1.249589 0.120517 0.002096
1.266434 0.130906 0.003296
1.283009 0.125336 0.001860
1.299616 0.114472 0.001559
1.316360 0.086638 0.001101
1.333046 0.095560 0.003000
1.349587 0.078614 0.001291
1.366243 0.097666 0.003078
1.383757 0.091813 0.001135
1.399609 0.105179 0.003208
1.416176 0.106333 0.001360
1.432965 0.110882 0.001823
1.449496 0.119084 0.002173
1.466349 0.154177 0.003790
1.482864 0.149461 0.001050
1.499539 0.151710 0.002277
1.523994 0.131938 0.001352
1.534135 0.131247 0.002269
1.549564 0.114969 0.001675
1.565983 0.134024 0.003025
1.582717 0.144454 0.002346
1.599416 0.160485 0.002849
1.616646 0.118092 0.000687
1.632675 0.089440 0.001251
1.649383 0.093284 0.002988
1.666171 0.089724 0.001741
1.682782 0.119558 0.003504
1.699485 0.132742 0.001939
1.716149 0.139196 0.001880
1.732827 0.110504 0.000898
1.749490 0.117412 0.002863
1.766370 0.125363 0.002655
1.783978 0.154675 0.003639
1.800971 0.148164 0.001192
1.816089 0.157945 0.002890
1.832780 0.150023 0.001745
1.849307 0.137297 0.001793
1.866152 0.121269 0.001791
1.882695 0.117463 0.002458
1.899363 0.120125 0.002541
1.916051 0.115310 0.001786
1.932774 0.117659 0.002355
1.949304 0.152063 0.004019
1.966172 0.117480 0.000719
1.982660 0.117440 0.002681
1.999396 0.112624 0.001953
2.016058 0.123286 0.002888
2.032752 0.136733 0.002631
2.049315 0.146030 0.002339
2.066024 0.139155 0.001542
2.082687 0.122494 0.001354
2.099349 0.111625 0.001926
2.115903 0.112962 0.002486
2.132739 0.110160 0.001888
2.149294 0.137533 0.003683
2.166002 0.099341 0.000854
2.182630 0.116618 0.003600
2.199350 0.129236 0.002485
2.215903 0.122846 0.001263
2.232682 0.126134 0.002352
2.249221 0.154356 0.003608
2.265901 0.158667 0.001930
2.282521 0.108111 0.001233
2.299343 0.100387 0.002784
2.315914 0.100128 0.002516
2.332665 0.104195 0.002309
2.349274 0.102511 0.001926
2.365853 0.147949 0.004572
2.382494 0.122779 0.000555
2.399366 0.108854 0.001527
2.415801 0.118425 0.002968
2.432566 0.133463 0.002754
2.449227 0.114582 0.000543
2.466348 0.128818 0.003128
2.482526 0.168035 0.004316
2.499045 0.121641 0.001405
2.515750 0.107612 0.002111
2.532416 0.095512 0.001828
2.549071 0.096363 0.002370
2.566016 0.085238 0.001215
2.582817 0.149872 0.005755
2.599377 0.152050 0.001352
2.615927 0.134432 0.000724
2.632759 0.116070 0.001359
2.649135 0.101411 0.001720
2.666041 0.109008 0.002872
2.682475 0.101882 0.001653
2.699629 0.144666 0.004567
2.715753 0.120625 0.000294
2.732935 0.114758 0.001916
2.749176 0.090925 0.000797
2.765932 0.084983 0.002288
2.782447 0.104840 0.002989
2.799457 0.108476 0.001601
2.815760 0.112552 0.001863
2.834987 0.128595 0.002583
2.849066 0.134456 0.001890
2.865848 0.097754 0.001064
2.882345 0.098555 0.002648
2.899199 0.103861 0.002340
2.915679 0.102758 0.001633
2.932407 0.120451 0.002793
2.949024 0.143534 0.002879
2.966158 0.145076 0.001609
2.982341 0.103282 0.000560
2.999189 0.097456 0.002553
3.015654 0.111549 0.003110
3.032541 0.084816 0.000453
3.048992 0.099652 0.003165
3.065820 0.123794 0.002857
3.082302 0.126808 0.001386
3.099001 0.130126 0.001854
3.115686 0.075544 0.001617
3.132382 0.084540 0.003800
3.148936 0.095210 0.002373
3.165743 0.105446 0.002096
3.182273 0.133338 0.003030
3.199033 0.138632 0.001921
3.215678 0.150348 0.002378
3.232340 0.133106 0.000812
3.248891 0.121445 0.001817
3.265709 0.113018 0.001993
3.282287 0.110321 0.002151
3.298946 0.116841 0.002713
3.315517 0.123704 0.002228
3.332336 0.129732 0.002186
3.348907 0.113181 0.000976
3.365575 0.126532 0.003133
3.382246 0.122993 0.001631
3.398979 0.149182 0.003750
3.415525 0.139330 0.001070
3.432306 0.124482 0.001408
3.448828 0.107133 0.001444
3.465732 0.101351 0.002159
3.482311 0.106679 0.002444
3.498769 0.105100 0.001821
3.515433 0.113696 0.002292
3.532110 0.125634 0.002372
3.548831 0.137546 0.002444
3.565443 0.121755 0.000934
3.582052 0.119468 0.002146
3.598852 0.123162 0.002393
3.615450 0.124981 0.002178
3.632058 0.116441 0.001467
3.649155 0.116123 0.002100
3.665974 0.114338 0.001884
3.682200 0.095508 0.001009
3.699010 0.102463 0.002776
3.715470 0.107757 0.001993
3.732235 0.096722 0.000977
3.748699 0.120874 0.003301
3.765541 0.140249 0.002539
3.782031 0.134992 0.001335
3.798798 0.136248 0.002162
3.815440 0.123180 0.001391
3.832142 0.106801 0.001447
3.848660 0.114944 0.003023
3.865527 0.113444 0.001893
3.882059 0.115650 0.002065
3.898765 0.098005 0.000960
3.915275 0.087616 0.001540
3.932152 0.076879 0.001455
3.948679 0.104907 0.003524
3.965406 0.122077 0.002252
3.982017 0.157330 0.003478
3.998864 0.150646 0.000884
4.015324 0.132429 0.001092
4.032160 0.121202 0.001950
4.048769 0.126719 0.002965
4.065380 0.117861 0.001621
4.082170 0.135707 0.003325
4.098734 0.137053 0.001992
4.115343 0.104190 0.000951
4.132034 0.085944 0.002327
4.148779 0.079621 0.002154
4.165344 0.073076 0.001256
4.182234 0.073128 0.002094
4.198831 0.097651 0.002982
4.215368 0.117269 0.002029
4.232002 0.127445 0.001639
4.248731 0.141494 0.002285
4.265384 0.146256 0.001969
4.282231 0.144700 0.002034
4.299729 0.122105 0.001053
4.315735 0.106347 0.001462
4.333246 0.105482 0.002860
4.348922 0.084097 0.000915
4.365727 0.090628 0.003048
4.381825 0.100882 0.002036
4.398476 0.126224 0.003427
4.415218 0.116492 0.000700
4.431924 0.115465 0.002247
4.448439 0.110974 0.001386
4.466638 0.107493 0.001813
4.481878 0.132271 0.003458
4.500955 0.132149 0.001516
4.515406 0.134399 0.002182
4.534352 0.104416 0.000519
4.548614 0.106011 0.002881
4.565234 0.103947 0.001897
4.581953 0.099903 0.001675
4.598598 0.091164 0.001324
4.615231 0.078269 0.001149
4.631942 0.090970 0.002629
4.648577 0.115763 0.002944
4.665238 0.077352 0.001335
4.681971 0.096172 0.003359
4.698564 0.095673 0.001295
4.715600 0.099631 0.001744
4.731928 0.090829 0.001086
4.750958 0.111833 0.002976
4.765177 0.144238 0.003246
4.784295 0.133404 0.001115
4.798540 0.117909 0.001145
4.815209 0.135140 0.003141
4.831771 0.125128 0.001411
4.848562 0.123223 0.002420
4.865169 0.116044 0.001849
4.881842 0.139892 0.003762
4.898507 0.101966 0.000800
4.915165 0.116875 0.003533
4.931733 0.122543 0.002190
4.948575 0.116630 0.001484
4.965140 0.112992 0.001808
4.981793 0.127399 0.002928
4.999664 0.141817 0.002672
5.015180 0.115260 0.000290
Speed: 20
0.016891 0.017769 0.000204
0.033385 0.017716 0.000267
0.050165 0.026380 0.001286
0.066783 0.006374 0.001247
0.083430 0.005746 0.000366
0.099880 0.004981 0.000277
0.116812 0.013335 0.000975
0.133485 0.077596 0.003792
0.149930 0.136809 0.002923
0.166857 0.231704 0.005479
0.183364 0.301160 0.003957
0.199912 0.342403 0.003751
0.216557 0.359372 0.003899
0.233275 0.361477 0.004476
0.249953 0.343763 0.004201
0.266536 0.335439 0.005435
0.283341 0.327876 0.005530
0.299834 0.296026 0.003924
0.316683 0.294643 0.005956
0.333269 0.293127 0.005344
0.349911 0.272129 0.003957
0.366507 0.284444 0.005976
0.383427 0.291577 0.005112
0.399866 0.285459 0.004317
0.416740 0.299648 0.005797
0.433131 0.335336 0.006702
0.449984 0.337951 0.004476
0.469340 0.352234 0.006050
0.483272 0.324422 0.003683
0.499844 0.333035 0.006574
0.519571 0.328610 0.005196
0.533186 0.343685 0.006706
0.553030 0.344269 0.005268
0.566532 0.315976 0.004062
0.586234 0.332464 0.006686
0.599888 0.318515 0.004655
0.619564 0.322321 0.005667
0.633159 0.315988 0.005191
0.651795 0.289135 0.004614
0.668674 0.281324 0.004908
0.683251 0.343058 0.007394
0.699771 0.360517 0.004677
0.716687 0.363195 0.004796
0.733230 0.365751 0.005524
0.749889 0.358124 0.005380
0.766559 0.361751 0.006219
0.784966 0.331170 0.004702
0.799666 0.339398 0.005773
0.816438 0.323304 0.004769
0.833073 0.311806 0.005130
0.849832 0.320995 0.006379
0.866340 0.302098 0.004140
0.883178 0.315399 0.006620
0.899656 0.312322 0.004803
0.916365 0.309267 0.005190
0.933081 0.330349 0.006388
0.949883 0.330896 0.004959
0.966250 0.338916 0.005767
0.986033 0.330054 0.004951
1.003947 0.314651 0.005029
1.016617 0.350339 0.007065
1.032819 0.342942 0.004495
1.052185 0.353813 0.005996
1.066727 0.345364 0.004863
1.083181 0.338856 0.005773
1.099716 0.351877 0.006368
1.116517 0.336213 0.004782
1.133005 0.338253 0.005775
1.149696 0.330611 0.005253
1.166277 0.331824 0.006327
1.182990 0.317067 0.004311
1.199721 0.296169 0.005362
1.216371 0.305786 0.005337
1.232914 0.301429 0.005475
1.249632 0.319936 0.005300
1.266301 0.324754 0.004927
1.282963 0.327256 0.005268
1.299513 0.341862 0.006175
1.316357 0.357773 0.006087
1.332915 0.351782 0.004899
1.349620 0.340348 0.005124
1.366257 0.321674 0.004850
1.382980 0.325246 0.006229
1.399532 0.338397 0.006385
1.416330 0.322839 0.004358
1.432886 0.296827 0.004115
1.449537 0.287484 0.006205
1.466156 0.312120 0.005939
1.482866 0.308215 0.004919
1.499552 0.344670 0.006083
1.516231 0.330927 0.003513
1.532929 0.343918 0.006340
1.549547 0.356325 0.006020
1.566181 0.344690 0.004642
1.582936 0.329681 0.004997
1.599696 0.326721 0.005884
1.616192 0.327674 0.005828
1.632912 0.336533 0.006085
1.649545 0.322542 0.004510
1.666176 0.346436 0.007104
1.682751 0.318712 0.003554
1.699641 0.307155 0.005533
1.716148 0.335375 0.006981
1.732735 0.345659 0.006181
1.749381 0.325986 0.003491
1.766300 0.294764 0.004928
1.782985 0.303500 0.005192
1.799461 0.326322 0.006604
1.819383 0.329694 0.004940
1.835273 0.313484 0.004188
1.849568 0.318036 0.005878
1.866288 0.340823 0.006659
1.882895 0.355889 0.005975
1.899495 0.348197 0.004669
1.916322 0.323853 0.004242
1.932614 0.297832 0.004703
1.949333 0.304170 0.006644
1.967323 0.330679 0.006885
1.982812 0.330829 0.004924
1.999430 0.323549 0.004678
2.016205 0.326610 0.005738
2.032570 0.328931 0.005457
2.049586 0.330943 0.005482
2.070099 0.306020 0.003901
2.083050 0.305767 0.005869
2.099234 0.302989 0.005294
2.115881 0.321012 0.006271
2.132658 0.316850 0.004733
2.149244 0.310464 0.004893
2.165829 0.325704 0.006127
2.182625 0.325729 0.004998
2.199498 0.342278 0.006254
2.215829 0.334055 0.004602
2.232634 0.305700 0.004297
2.249259 0.315443 0.005939
2.265997 0.308937 0.005691
2.282476 0.337683 0.005672
2.299687 0.347726 0.005211
2.315849 0.340064 0.004576
2.334282 0.340839 0.005934
2.349185 0.345203 0.006431
2.365833 0.317626 0.003706
2.382405 0.315356 0.005795
2.403879 0.309294 0.005462
2.420275 0.312000 0.005608
2.433885 0.301477 0.004685
2.449264 0.287233 0.004478
2.467073 0.312041 0.006833
2.484764 0.308143 0.004492
2.499237 0.336728 0.006780
2.515998 0.334025 0.004471
2.532650 0.337424 0.005596
2.549268 0.336539 0.005296
2.565826 0.331966 0.005308
2.582457 0.330306 0.005551
2.599127 0.332356 0.005722
2.615779 0.323295 0.004962
2.632480 0.290043 0.003665
2.649070 0.293943 0.006452
2.665848 0.285549 0.004611
2.682406 0.310488 0.006709
2.699192 0.326548 0.005530
2.715734 0.348403 0.005963
2.732607 0.334221 0.004072
2.749110 0.333705 0.005518
2.765856 0.365175 0.007582
2.782492 0.349099 0.004072
2.799240 0.345924 0.005904
2.815709 0.341398 0.005528
2.832620 0.314959 0.004363
2.849045 0.319397 0.006558
2.865706 0.297563 0.004317
2.882339 0.275510 0.004817
2.899068 0.294792 0.006015
2.915648 0.297227 0.004684
2.932332 0.309727 0.005549
2.949008 0.323929 0.005493
2.965657 0.337612 0.005625
2.982278 0.339337 0.005046
2.999074 0.334034 0.005054
3.015596 0.319033 0.004684
3.032286 0.323606 0.006095
3.049113 0.305031 0.005025
3.065699 0.305031 0.000000
3.085337 0.302171 0.010741
3.099158 0.302282 0.005276
3.115647 0.313292 0.005888
3.132374 0.327973 0.005823
3.148978 0.341745 0.005720
3.165712 0.318619 0.003588
3.182372 0.324079 0.006177
3.198967 0.342299 0.006535
3.215723 0.326597 0.004300
3.232329 0.309857 0.004721
3.248977 0.330707 0.007137
3.265691 0.330707 0.000000
3.282339 0.325500 0.008753
3.298951 0.343430 0.006536
3.315595 0.334318 0.004481
3.332345 0.351196 0.006716
3.348952 0.340046 0.004679
3.365552 0.349761 0.006418
3.382373 0.327716 0.004381
3.398960 0.339962 0.006770
3.415626 0.358752 0.006668
3.432304 0.330846 0.003639
3.448982 0.302215 0.004392
3.465568 0.291720 0.005506
3.482315 0.303105 0.006437
3.498812 0.311281 0.005487
3.515573 0.332580 0.006246
3.532196 0.319907 0.003990
3.548943 0.321686 0.005618
3.565539 0.349768 0.007044
3.582204 0.349768 0.000000
3.599109 0.361970 0.009500
3.615665 0.361970 0.000000
3.632084 0.366275 0.010252
3.648792 0.359636 0.005503
3.665469 0.337606 0.004771
3.682063 0.333777 0.006073
3.698812 0.342097 0.006531
3.715544 0.338333 0.005370
3.732149 0.302175 0.003494
3.748704 0.311133 0.006740
3.765482 0.295084 0.004638
3.782199 0.299418 0.005719
3.798736 0.286629 0.004339
3.815518 0.304369 0.006223
3.832115 0.312371 0.005156
3.848785 0.326646 0.005666
3.865509 0.336227 0.005483
3.882127 0.336467 0.005075
3.898694 0.330565 0.005104
3.916640 0.322030 0.005109
3.932163 0.332597 0.006289
3.948666 0.340476 0.005976
3.965341 0.335600 0.004918
3.983756 0.336444 0.005678
3.998710 0.317023 0.004380
4.015582 0.298087 0.004797
4.032050 0.294467 0.005645
4.048896 0.284020 0.004802
4.065320 0.295207 0.005878
4.082085 0.297700 0.004899
4.098770 0.321457 0.006196
4.115659 0.331767 0.005212
4.132177 0.336778 0.005145
4.148732 0.346580 0.005828
4.165326 0.338274 0.004858
4.182220 0.341662 0.005959
4.198667 0.346930 0.005930
4.215576 0.320011 0.004083
4.231907 0.316414 0.005699
4.248955 0.312855 0.005582
4.265287 0.303861 0.005017
4.282200 0.306898 0.005633
4.298634 0.303442 0.005073
4.315572 0.315300 0.005917
4.338670 0.329490 0.005592
4.348604 0.316180 0.004114
4.365232 0.305600 0.004861
4.383976 0.305634 0.005529
4.399694 0.297227 0.004679
4.415290 0.306949 0.006063
4.432005 0.309706 0.005034
4.448670 0.312078 0.005130
4.465606 0.324261 0.005699
4.482006 0.331058 0.005453
4.498943 0.321737 0.004558
4.515332 0.342029 0.006740
4.531916 0.333844 0.004590
4.548453 0.338028 0.005861
4.565123 0.359666 0.006795
4.581842 0.341941 0.004169
4.598530 0.320414 0.004552
4.615055 0.304172 0.005249
4.631869 0.285990 0.004803
4.648462 0.285538 0.005552
4.665142 0.299360 0.006023
4.681807 0.291430 0.004427
4.698490 0.335607 0.007689
4.715066 0.346582 0.004913
4.731897 0.351953 0.005208
4.748419 0.366131 0.006190
4.765101 0.340523 0.003937
4.781691 0.320538 0.005046
4.798492 0.316501 0.006091
4.815037 0.303392 0.004751
4.831721 0.295869 0.005460
4.848428 0.324326 0.006711
4.865119 0.331271 0.005378
4.881651 0.336260 0.005193
4.898501 0.336987 0.005307
4.915042 0.320438 0.004320
4.931733 0.337073 0.006891
4.948396 0.318019 0.004096
4.965053 0.313570 0.005489
4.981639 0.326067 0.006266
4.998349 0.307366 0.004067
5.015011 0.299946 0.005254
Speed: 30
0.016406 0.006319 0.000062
0.033470 0.001038 0.000408
0.049940 0.013086 0.000579
0.066776 0.003416 0.001191
0.083046 0.009801 0.000918
0.099971 0.014549 0.000453
0.116435 0.041606 0.002795
0.133186 0.136106 0.005048
0.149844 0.215158 0.003704
0.166567 0.336700 0.007089
0.183059 0.440763 0.006611
0.199920 0.509914 0.006248
0.216392 0.547701 0.006439
0.233204 0.565064 0.007283
0.249850 0.557107 0.007246
0.266531 0.530001 0.007361
0.283128 0.511347 0.008243
0.299810 0.496427 0.008484
0.316533 0.473645 0.007737
0.333167 0.458858 0.008187
0.349724 0.454592 0.008179
0.366541 0.424698 0.006375
0.383045 0.438928 0.008921
0.399711 0.465682 0.009044
0.416373 0.484559 0.008126
0.433231 0.529978 0.009924
0.449701 0.539359 0.007561
0.466681 0.540262 0.008187
0.483131 0.539785 0.008508
0.499748 0.515378 0.007349
0.516255 0.529594 0.010186
0.533029 0.519041 0.008149
0.549620 0.513440 0.008596
0.566481 0.552958 0.011371
0.583079 0.542576 0.007396
0.602057 0.532549 0.008311
0.619773 0.527422 0.008866
0.633358 0.526763 0.009148
0.650031 0.515560 0.008125
0.668539 0.505088 0.008340
0.683294 0.528394 0.010337
0.699862 0.537067 0.008733
0.716309 0.514988 0.007298
0.733154 0.535505 0.010285
0.749767 0.546790 0.009170
0.766539 0.535140 0.007893
0.782965 0.539714 0.009331
0.799910 0.552076 0.009614
0.816272 0.516375 0.006618
0.833076 0.516212 0.009579
0.853379 0.533956 0.009951
0.868244 0.512969 0.007304
0.883372 0.506240 0.008675
0.899760 0.507672 0.008840
0.916332 0.509939 0.008856
0.933016 0.523899 0.009265
0.949714 0.516906 0.007891
0.966305 0.531979 0.009657
0.983112 0.538093 0.008786
0.999524 0.528458 0.007908
1.018263 0.534519 0.009397
1.032868 0.556503 0.010114
1.049511 0.530997 0.006951
1.066250 0.533847 0.009705
1.082931 0.521559 0.008177
1.099496 0.494746 0.007446
1.116210 0.521971 0.011194
1.132879 0.511113 0.007530
1.149529 0.513622 0.009184
1.166160 0.528409 0.009103
1.182947 0.511980 0.007508
1.199461 0.524396 0.009362
1.216156 0.555107 0.010658
1.232907 0.536342 0.006855
1.249511 0.520913 0.008500
1.266106 0.547608 0.010516
1.282901 0.523082 0.007134
1.299474 0.527303 0.009170
1.316226 0.513259 0.009433
1.332744 0.511424 0.007181
1.349471 0.536067 0.010429
1.366116 0.533139 0.007961
1.382796 0.519229 0.008093
1.399425 0.543164 0.010140
1.416130 0.518101 0.006905
1.432727 0.514448 0.008900
1.449505 0.534658 0.010548
1.465998 0.532351 0.008001
1.482642 0.539821 0.009268
1.499398 0.525173 0.007785
1.516078 0.501776 0.007799
1.532630 0.506653 0.009329
1.549296 0.499120 0.008367
1.566019 0.494972 0.008359
1.582715 0.516465 0.009833
1.599234 0.517357 0.008156
1.616053 0.542205 0.009811
1.632629 0.549348 0.008453
1.649316 0.549657 0.008816
1.665981 0.524466 0.007245
1.682617 0.517371 0.009315
1.699269 0.501903 0.007926
1.716008 0.503553 0.009347
1.732598 0.514445 0.009089
1.749299 0.509454 0.008364
1.765867 0.515349 0.008558
1.782661 0.506724 0.008142
1.799198 0.529850 0.009739
1.815857 0.523715 0.007858
1.832610 0.529848 0.008913
1.849575 0.514476 0.008035
1.865869 0.496292 0.007470
1.883149 0.514403 0.010088
1.899263 0.530819 0.009326
1.915880 0.527014 0.008105
1.932575 0.524265 0.008460
1.949766 0.544365 0.010127
1.965869 0.547143 0.008025
1.982468 0.529422 0.007783
1.999216 0.524566 0.008964
2.014827 0.540083 0.010062
2.036117 0.525233 0.007658
2.049315 0.519443 0.008770
2.065889 0.499995 0.007867
2.082549 0.514930 0.010131
2.099248 0.518725 0.008713
2.115894 0.521509 0.008555
2.131450 0.516580 0.008330
2.148001 0.526560 0.009332
2.164718 0.550296 0.009916
2.181408 0.548969 0.008212
2.199092 0.532576 0.007981
2.215809 0.523356 0.009242
2.232903 0.516508 0.008772
2.249079 0.514184 0.008889
2.266091 0.511891 0.008694
2.282414 0.515420 0.008948
2.299288 0.502333 0.007771
2.315820 0.538474 0.010842
2.332638 0.546685 0.008766
2.349049 0.543819 0.008202
2.365883 0.540374 0.008713
2.382433 0.528356 0.008276
2.399225 0.524160 0.009101
2.415693 0.523389 0.008992
2.432618 0.521931 0.008712
2.449056 0.532412 0.009524
2.465842 0.537991 0.008899
2.482487 0.532809 0.008346
2.499194 0.511994 0.007681
2.515703 0.511992 0.009127
2.533309 0.496130 0.007932
2.549065 0.507279 0.009523
2.568636 0.521317 0.009167
2.583323 0.518933 0.008027
2.599143 0.545606 0.010258
2.615707 0.546994 0.008242
2.632428 0.522431 0.007288
2.649098 0.536930 0.010256
2.665772 0.546269 0.009308
2.682268 0.519463 0.007033
2.699118 0.522595 0.009749
2.715720 0.513610 0.008237
2.732588 0.527114 0.009862
2.749168 0.509322 0.007418
2.765929 0.510700 0.009027
2.782463 0.509672 0.008520
2.799192 0.507057 0.008513
2.815795 0.523623 0.009529
2.832582 0.529738 0.008631
2.849075 0.532832 0.008638
2.865891 0.516703 0.007718
2.882397 0.512193 0.008679
2.899157 0.512296 0.008928
2.915758 0.511533 0.008546
2.932513 0.513786 0.008821
2.949026 0.507157 0.008133
2.965863 0.532366 0.010194
2.982426 0.536474 0.008508
2.999137 0.546184 0.009146
3.015631 0.564543 0.009763
3.032517 0.573308 0.009179
3.049032 0.553408 0.007797
3.065646 0.554817 0.009744
3.082382 0.553960 0.009230
3.099135 0.532633 0.008081
3.115654 0.523447 0.008949
3.132494 0.519871 0.009113
3.149007 0.517920 0.008903
3.165753 0.507330 0.008177
3.182295 0.501789 0.008491
3.199104 0.512662 0.009417
3.215600 0.526397 0.009155
3.232376 0.504460 0.007077
3.248920 0.527011 0.010135
3.265688 0.533098 0.008714
3.282219 0.533551 0.008468
3.299122 0.532045 0.008602
3.315594 0.504204 0.007108
3.332395 0.505270 0.009352
3.348879 0.498119 0.008293
3.365765 0.515548 0.009652
3.382240 0.529556 0.009101
3.398932 0.527526 0.008089
3.415583 0.536687 0.009178
3.432414 0.545665 0.009139
3.448765 0.561223 0.009612
3.465611 0.540045 0.007481
3.482199 0.519992 0.008235
3.498976 0.518353 0.009302
3.515555 0.500316 0.007948
3.532342 0.489123 0.008371
3.548739 0.506371 0.009873
3.565632 0.494107 0.007316
3.582215 0.500327 0.008936
3.598934 0.519227 0.009423
3.615445 0.537011 0.009161
3.632314 0.546587 0.008730
3.648744 0.533266 0.007653
3.665443 0.552028 0.010219
3.682080 0.539839 0.007972
3.698947 0.542193 0.009296
3.715419 0.548039 0.009359
3.732190 0.541224 0.008630
3.748707 0.530289 0.008457
3.765515 0.541387 0.010026
3.782105 0.529299 0.008124
3.798870 0.517419 0.008482
3.815419 0.524600 0.009519
3.832205 0.532712 0.009292
3.848805 0.518706 0.007751
3.865451 0.528233 0.009613
3.881957 0.535644 0.009111
3.898965 0.530790 0.008278
3.915462 0.534311 0.009106
3.932185 0.527244 0.008480
3.948721 0.530600 0.009140
3.965576 0.520147 0.008127
3.981988 0.516279 0.008796
3.998939 0.515184 0.008771
4.015449 0.526713 0.009381
4.032434 0.541384 0.009417
4.048799 0.535905 0.008153
4.065495 0.532185 0.008582
4.081996 0.538899 0.009479
4.098771 0.550911 0.009428
4.117416 0.556533 0.009059
4.132400 0.546852 0.008437
4.148872 0.533122 0.008453
4.165323 0.533604 0.009365
4.182165 0.531461 0.009056
4.198625 0.512277 0.007810
4.215553 0.522896 0.009855
4.232004 0.515429 0.008168
4.252674 0.508123 0.008327
4.267315 0.509009 0.008867
4.285180 0.517689 0.009169
4.298626 0.510569 0.007955
4.315228 0.508494 0.008437
4.331927 0.522737 0.009636
4.348581 0.613185 0.034836
4.365227 0.705013 0.009107
4.382008 0.693859 0.007044
4.400049 0.628627 0.009537
4.415235 0.537183 0.007587
4.434487 0.479032 0.009575
4.448624 0.510377 0.007955
4.467655 0.561274 0.008863
4.481744 0.659291 0.010537
4.498510 0.667220 0.006530
4.515119 0.655550 0.008988
4.531742 0.612116 0.008134
4.548462 0.570395 0.008830
4.565125 0.502603 0.006685
4.581732 0.466530 0.008054
4.598552 0.515846 0.012068
4.615078 0.533379 0.008415
4.631752 0.515609 0.006769
4.648714 0.476857 0.006988
4.665122 0.474329 0.009216
4.684165 0.459686 0.008516
4.698399 0.491480 0.008378
4.717596 0.517083 0.009444
4.731693 0.514043 0.006262
4.748351 0.533717 0.009428
4.765095 0.530914 0.008046
4.781742 0.531026 0.008614
4.798328 0.554731 0.010181
4.815094 0.535666 0.007373
4.831717 0.516740 0.007996
4.848365 0.494388 0.007903
4.864882 0.502666 0.009647
4.881705 0.500130 0.008435
4.898355 0.482437 0.007446
4.914985 0.485596 0.008808
4.932953 0.482854 0.008727
4.948330 0.514324 0.009270
4.967358 0.512782 0.008310
4.981723 0.525508 0.007762
5.000805 0.515203 0.008566
Speed: 40
0.016759 0.002432 0.000915
0.033465 0.023728 0.000711
0.050123 0.039127 0.000770
0.066801 0.044351 0.000384
0.083440 0.041805 0.000753
0.100027 0.008663 0.001426
0.116830 0.005658 0.000766
0.133404 0.106102 0.005910
0.149888 0.243667 0.006499
0.166629 0.361385 0.005499
0.184421 0.496960 0.008220
0.200015 0.594304 0.007632
0.216604 0.663172 0.008433
0.233310 0.711161 0.009325
0.249922 0.725390 0.009741
0.266531 0.703242 0.008569
0.283861 0.686931 0.010942
0.299850 0.629181 0.009038
0.316609 0.571152 0.009620
0.333292 0.591333 0.010691
0.349916 0.624749 0.012469
0.366543 0.645335 0.011402
0.383143 0.668211 0.010095
0.399815 0.680166 0.010682
0.416526 0.692328 0.011146
0.433191 0.722500 0.011832
0.449861 0.734443 0.011510
0.466531 0.742143 0.011804
0.483170 0.738264 0.011487
0.499862 0.713261 0.010728
0.516440 0.688048 0.012028
0.533009 0.676294 0.011959
0.549829 0.686873 0.012497
0.566439 0.669852 0.010471
0.583054 0.694829 0.013082
0.599664 0.716311 0.012263
0.616444 0.722422 0.011441
0.633036 0.733085 0.012078
0.653906 0.739784 0.012119
0.666336 0.748644 0.012368
0.683126 0.751354 0.012097
0.699613 0.738978 0.011524
0.717751 0.699753 0.010188
0.733129 0.697762 0.013086
0.758172 0.695811 0.012113
0.766434 0.682867 0.010979
0.782999 0.706170 0.013291
0.799729 0.715668 0.012017
0.816259 0.728676 0.012409
0.833112 0.713930 0.010452
0.849623 0.717291 0.012684
0.866238 0.720756 0.011798
0.883087 0.704864 0.012446
0.899603 0.755993 0.012997
0.916251 0.778380 0.012383
0.932929 0.776072 0.011336
0.949609 0.772146 0.012284
0.966215 0.770261 0.012582
0.982828 0.742514 0.011328
0.999552 0.706478 0.011153
1.016222 0.680290 0.011479
1.032818 0.680954 0.012958
1.049579 0.682856 0.012057
1.066182 0.692890 0.011990
1.082842 0.714451 0.012582
1.099592 0.714451 0.000000
1.116351 0.726775 0.022231
1.133099 0.702215 0.011403
1.149594 0.734057 0.012032
1.166551 0.737894 0.013444
1.183232 0.776681 0.011547
1.199473 0.809276 0.013305
1.216635 0.813945 0.012076
1.232806 0.794202 0.011479
1.249673 0.738244 0.010230
1.266209 0.703454 0.012052
1.283009 0.679017 0.011941
1.299487 0.680265 0.012982
1.316540 0.681521 0.012147
1.332834 0.697179 0.012244
1.349628 0.717439 0.012623
1.366240 0.721288 0.011301
1.383093 0.719262 0.011457
1.399463 0.720841 0.011957
1.416378 0.726221 0.012242
1.432834 0.734097 0.012432
1.449502 0.740175 0.012317
1.466083 0.744286 0.012196
1.482842 0.744286 0.000000
1.499490 0.679701 0.010759
1.515986 0.654612 0.013000
1.532775 0.673098 0.021671
1.548471 0.727309 0.013637
1.564966 0.705533 0.008989
1.581697 0.765005 0.015398
1.598307 0.770297 0.011289
1.615082 0.771980 0.011971
1.633058 0.746889 0.011967
1.649543 0.725045 0.011865
1.666542 0.741901 0.013316
1.682866 0.742131 0.012479
1.699674 0.719126 0.010745
1.716118 0.719456 0.012489
1.732965 0.688864 0.010441
1.749540 0.687388 0.012594
1.766327 0.715060 0.013477
1.783208 0.731519 0.012320
1.800209 0.733979 0.011507
1.816144 0.723416 0.011205
1.832944 0.738431 0.013210
1.849365 0.731430 0.011449
1.866153 0.744343 0.013020
1.882607 0.726094 0.011854
1.899632 0.725824 0.011307
1.916220 0.719926 0.011903
1.932822 0.720325 0.012353
1.949419 0.720325 0.000000
1.966213 0.730460 0.025469
1.982665 0.730810 0.012197
1.999446 0.710347 0.010872
2.015880 0.711958 0.012447
2.033064 0.709529 0.011973
2.049266 0.708042 0.011839
2.066268 0.721995 0.012812
2.082647 0.733659 0.012391
2.099603 0.746951 0.012461
2.115891 0.733632 0.010973
2.132859 0.732069 0.012620
2.149244 0.734456 0.012121
2.166064 0.749913 0.013220
2.182681 0.739053 0.011495
2.199560 0.721402 0.011266
2.215859 0.736571 0.013446
2.233154 0.742226 0.012482
2.249221 0.728488 0.011351
2.266046 0.729307 0.012395
2.282487 0.721329 0.011809
2.299283 0.721304 0.012455
2.315818 0.744444 0.013351
2.334376 0.758391 0.012607
2.349243 0.759056 0.011915
2.366175 0.747510 0.011649
2.382464 0.736817 0.012155
2.399614 0.740787 0.012910
2.415828 0.749243 0.013105
2.432891 0.739183 0.011587
2.449225 0.717745 0.011277
2.466069 0.716520 0.012568
2.482704 0.713536 0.012051
2.499518 0.710267 0.011977
2.515817 0.713775 0.012181
2.532855 0.714057 0.011984
2.549086 0.716680 0.011978
2.566032 0.727786 0.012522
2.582444 0.729515 0.011922
2.599351 0.738471 0.012454
2.615811 0.728024 0.011238
2.632606 0.721032 0.012106
2.649121 0.728981 0.012776
2.665804 0.708878 0.010962
2.682507 0.720066 0.012825
2.699258 0.722125 0.012014
2.715709 0.740384 0.012961
2.733602 0.737765 0.011604
2.749116 0.729614 0.011540
2.768010 0.744068 0.013251
2.782382 0.749573 0.012442
2.801662 0.725025 0.010654
2.815673 0.735089 0.013260
2.832490 0.741707 0.012671
2.849021 0.740765 0.011998
2.865718 0.727178 0.011507
2.882305 0.720907 0.012320
2.899108 0.703304 0.011343
2.915663 0.698412 0.012065
2.932358 0.701352 0.012197
2.949073 0.719394 0.012993
2.965764 0.734543 0.012142
2.982310 0.737938 0.011778
2.999641 0.762143 0.013331
3.016488 0.773036 0.012513
3.033615 0.752122 0.010971
3.049200 0.718198 0.012252
3.065662 0.716312 0.011796
3.082305 0.717602 0.012502
3.098938 0.708200 0.011461
3.115736 0.731163 0.013490
3.132331 0.726534 0.011430
3.148918 0.712210 0.011182
3.165728 0.696841 0.012271
3.182248 0.780681 0.034825
3.198975 0.869432 0.011888
3.215631 0.868947 0.011989
3.232375 0.783849 0.010812
3.248825 0.705131 0.012088
3.265668 0.664862 0.011194
3.282245 0.701947 0.011899
3.299047 0.756223 0.011206
3.315473 0.792583 0.010955
3.332398 0.793427 0.011215
3.348871 0.792866 0.012963
3.365657 0.752891 0.010899
3.382212 0.711500 0.010905
3.398987 0.705961 0.012509
3.415490 0.700398 0.011256
3.432273 0.716397 0.012501
3.448838 0.706563 0.010733
3.465493 0.699100 0.011566
3.482148 0.692968 0.011856
3.498903 0.691766 0.011776
3.515562 0.687708 0.011337
3.532113 0.679433 0.010932
3.548860 0.693991 0.012414
3.565517 0.717635 0.012539
3.582076 0.695374 0.009622
3.598865 0.714729 0.013317
3.615469 0.722704 0.011878
3.632146 0.730290 0.012070
3.648823 0.726795 0.011582
3.665490 0.716912 0.011447
3.682084 0.698941 0.011155
3.698761 0.693160 0.012059
3.715440 0.672924 0.010772
3.732101 0.670057 0.011899
3.748696 0.675985 0.011902
3.765567 0.670087 0.011022
3.782044 0.683250 0.011992
3.798916 0.697917 0.012060
3.815457 0.707230 0.011521
3.832246 0.701846 0.010977
3.848695 0.695929 0.011142
3.865581 0.684977 0.011240
3.882088 0.702571 0.012790
3.898845 0.696854 0.011026
3.915313 0.703032 0.011869
3.932183 0.685745 0.010641
3.948710 0.694686 0.012391
3.965452 0.700354 0.011855
3.982092 0.682097 0.010375
3.998695 0.683363 0.011881
4.015317 0.685442 0.011638
4.032094 0.677696 0.011063
4.048786 0.673652 0.011300
4.065317 0.694759 0.012617
4.082066 0.702921 0.011564
4.098722 0.685919 0.010264
4.115265 0.677573 0.011184
4.131937 0.690926 0.012602
4.148663 0.679873 0.010639
4.165325 0.673538 0.011187
4.181885 0.686243 0.012236
4.198686 0.701421 0.012172
4.215269 0.691103 0.010429
4.231958 0.699958 0.012163
4.248626 0.689696 0.010811
4.265286 0.708841 0.012917
4.281898 0.703108 0.010973
4.298778 0.680574 0.010456
4.315239 0.657235 0.010475
4.332014 0.649623 0.011586
4.348537 0.671839 0.012813
4.365438 0.694522 0.012337
4.381881 0.677419 0.009537
4.398526 0.691858 0.012348
4.415275 0.702360 0.011847
4.432040 0.685776 0.010293
4.448500 0.698767 0.012389
4.465373 0.711578 0.012286
4.481902 0.712665 0.011339
4.498642 0.713965 0.011767
4.515132 0.704111 0.011051
4.531988 0.717055 0.012970
4.548519 0.708678 0.011042
4.565246 0.683394 0.010445
4.582019 0.668084 0.011422
4.598494 0.671885 0.012059
4.615191 0.662436 0.010853
4.631924 0.667234 0.011780
4.648531 0.687845 0.012384
4.665134 0.711568 0.012202
4.681872 0.701305 0.010405
4.698691 0.681575 0.010489
4.715078 0.686213 0.011987
4.731774 0.701145 0.012433
4.748488 0.700539 0.011234
4.765144 0.701739 0.011603
4.781708 0.709450 0.011988
4.798506 0.704035 0.011298
4.815279 0.682603 0.010614
4.832173 0.680685 0.012123
4.848619 0.687769 0.011972
4.865477 0.695555 0.012027
4.881965 0.691173 0.010906
4.898657 0.702393 0.012218
4.915247 0.708717 0.011673
4.931889 0.702251 0.011069
4.948468 0.693352 0.011221
4.965264 0.672693 0.010767
4.981874 0.678815 0.012243
4.998481 0.692112 0.012119
5.015262 0.702904 0.011888
Speed: 50
0.019091 0.004265 0.000380
0.033286 0.010764 0.000946
0.049998 0.014319 0.000503
0.066500 0.011555 0.001557
0.083197 0.025358 0.000407
0.099954 0.015272 0.002101
0.116544 0.065517 0.003048
0.133107 0.137098 0.003412
0.149758 0.257415 0.006524
0.166511 0.410416 0.008778
0.183207 0.540296 0.008019
0.199822 0.668697 0.009978
0.216554 0.759576 0.009954
0.234208 0.808974 0.010104
0.249820 0.836761 0.011412
0.268927 0.826194 0.010868
0.283170 0.799482 0.011506
0.302296 0.776749 0.012576
0.316531 0.767128 0.013244
0.333172 0.763151 0.013255
0.349761 0.755854 0.012711
0.366482 0.761294 0.013288
0.383150 0.758772 0.012514
0.399770 0.785164 0.014459
0.416374 0.808061 0.013677
0.433159 0.831990 0.013847
0.449785 0.866459 0.014847
0.466398 0.894350 0.014591
0.483133 0.908362 0.014086
0.499779 0.898216 0.013658
0.518255 0.894085 0.014384
0.533011 0.886897 0.014531
0.552180 0.890057 0.015524
0.566358 0.914878 0.016125
0.582992 0.927434 0.015354
0.599743 0.922537 0.014373
0.616323 0.928385 0.015595
0.633006 0.906788 0.013869
0.649778 0.895855 0.015161
0.666360 0.875792 0.014203
0.683113 0.862863 0.014666
0.699756 0.860373 0.015105
0.716397 0.870420 0.015352
0.732974 0.904658 0.016229
0.749620 0.948815 0.016844
0.767175 0.955808 0.014221
0.783016 0.956278 0.015045
0.802122 0.937049 0.014354
0.816351 0.916655 0.014874
0.835490 0.940946 0.017399
0.849598 0.938848 0.015346
0.866335 0.916131 0.014253
0.882953 0.914987 0.015777
0.899623 0.902205 0.014948
0.916361 0.886069 0.014497
0.932953 0.868050 0.014522
0.949558 0.842160 0.014487
0.966224 0.880508 0.016624
0.982956 0.919378 0.016313
0.999582 0.931938 0.014528
1.016281 0.939152 0.014822
1.032960 0.969430 0.017033
1.051373 0.968768 0.014780
1.066219 0.942562 0.014232
1.083930 0.923598 0.015171
1.100157 0.907806 0.015184
1.116301 0.903255 0.015332
1.133047 0.909272 0.015839
1.149660 0.902691 0.014903
1.166321 0.900589 0.015026
1.182924 0.911354 0.015806
1.199658 0.921268 0.015591
1.216307 0.924271 0.015079
1.232923 0.919005 0.015205
1.249671 0.931041 0.015665
1.266417 0.917060 0.016336
1.282886 0.932560 0.014120
1.299903 0.902920 0.015171
1.316319 0.972776 0.016890
1.333182 0.982880 0.014498
1.349648 0.966530 0.014293
1.366258 0.973245 0.016229
1.383055 0.975233 0.016258
1.399470 0.965759 0.015504
1.416271 0.942056 0.015133
1.432827 0.929716 0.015507
1.449548 0.923170 0.016065
1.466221 0.909927 0.014829
1.483026 0.898596 0.015270
1.499478 0.890241 0.015115
1.516404 0.884626 0.015126
1.532790 0.878168 0.014506
1.549614 0.879660 0.015359
1.566230 0.900026 0.015735
1.583079 0.928929 0.016228
1.599475 0.936091 0.014791
1.616174 0.942730 0.015402
1.632817 0.956816 0.015892
1.649523 0.959494 0.015660
1.666098 0.959558 0.015552
1.682833 0.940642 0.014771
1.699464 0.921201 0.015104
1.716145 0.911947 0.015554
1.733212 0.908900 0.015753
1.750368 0.881317 0.014875
1.766088 0.912268 0.016140
1.782807 0.956701 0.017018
1.799461 0.947387 0.013853
1.816082 0.942173 0.015046
1.832850 0.951727 0.016032
1.849516 0.956014 0.015991
1.866130 0.936704 0.014431
1.882742 0.929081 0.016299
1.899482 0.928045 0.015674
1.916176 0.921657 0.015442
1.932787 0.901680 0.014541
1.949364 0.894870 0.015565
1.965993 0.907826 0.015800
1.982732 0.885394 0.014909
1.999396 0.929586 0.016226
2.016134 0.935857 0.014771
2.032752 0.934770 0.014497
2.049577 0.934167 0.015452
2.066456 0.929450 0.015389
2.083043 0.941628 0.016534
2.099425 0.938095 0.014832
2.116239 0.932573 0.015140
2.132970 0.927579 0.015615
2.149995 0.916299 0.015351
2.166196 0.907398 0.014680
2.182852 0.900848 0.015426
2.199311 0.904323 0.015210
2.215868 0.908098 0.015610
2.232602 0.906960 0.014531
2.249523 0.913785 0.015727
2.266423 0.951907 0.017227
2.283230 0.944206 0.014509
2.299741 0.928985 0.014535
2.316471 0.931539 0.015861
2.333008 0.937702 0.016095
2.349815 0.913802 0.013989
2.366275 0.924696 0.016192
2.382677 0.922795 0.015594
2.399359 0.941095 0.016147
2.416173 0.949188 0.015875
2.432794 0.933147 0.014284
2.449825 0.943309 0.016675
2.465810 0.977035 0.017212
2.482612 0.961767 0.014176
2.499254 0.941173 0.014847
2.516071 0.928447 0.015647
2.533118 0.897119 0.014730
2.550255 0.878427 0.015318
2.565831 0.924794 0.016695
2.582504 0.899493 0.013723
2.599232 0.974893 0.036972
2.616211 1.031509 0.014683
2.632808 1.010969 0.013630
2.649487 0.948087 0.014621
2.666300 0.856067 0.014096
2.682477 0.831211 0.014626
2.699121 0.857784 0.014750
2.715830 0.911826 0.015005
2.733158 0.952046 0.014510
2.749480 0.970211 0.014723
2.765910 0.957156 0.014505
2.782490 0.943527 0.015039
2.799205 0.918877 0.014537
2.815691 0.915027 0.015225
2.833311 0.900475 0.015045
2.849740 0.874308 0.013454
2.865898 0.861696 0.014521
2.882430 0.865247 0.015259
2.899411 0.860878 0.014766
2.915680 0.889695 0.015873
2.932491 0.881547 0.013554
2.949048 0.867589 0.013568
2.965701 0.887017 0.015972
2.982448 0.902975 0.015316
2.999064 0.891954 0.013628
3.015651 0.882231 0.014275
3.032333 0.882078 0.015057
3.049061 0.875099 0.014481
3.065659 0.856458 0.013667
3.082283 0.865993 0.015492
3.099083 0.887155 0.015808
3.115702 0.891202 0.014312
3.132289 0.888000 0.014251
3.149249 0.861314 0.013361
3.166183 0.852415 0.014852
3.182621 0.859781 0.015022
3.199143 0.846973 0.013420
3.215692 0.852146 0.014710
3.232374 0.853558 0.014267
3.248939 0.859523 0.014487
3.265742 0.885367 0.015825
3.282206 0.887530 0.013870
3.299042 0.890462 0.014711
3.315593 0.869779 0.013250
3.332303 0.868386 0.015004
3.348899 0.848810 0.013581
3.365750 0.842050 0.014610
3.382302 0.848733 0.014811
3.398930 0.866609 0.015186
3.415624 0.877774 0.014570
3.432556 0.876776 0.014229
3.448924 0.868952 0.013690
3.465636 0.862594 0.014301
3.482262 0.862348 0.014602
3.499023 0.853711 0.014044
3.515535 0.846776 0.013990
3.532247 0.847440 0.014559
3.548895 0.856465 0.014764
3.565537 0.867855 0.014695
3.582480 0.884160 0.015225
3.599723 0.888905 0.014791
3.615530 0.907303 0.014729
3.632253 0.908808 0.014523
3.648868 0.896432 0.014011
3.665461 0.874704 0.013794
3.682167 0.857584 0.014346
3.698882 0.852245 0.014863
3.715577 0.854565 0.014901
3.732099 0.867210 0.015091
3.748842 0.852672 0.013287
3.765482 0.853083 0.014538
3.782067 0.851422 0.014178
3.798857 0.870335 0.015602
3.815646 0.890770 0.015382
3.832440 0.890237 0.014107
3.848905 0.891974 0.014471
3.865847 0.869991 0.013574
3.882245 0.881818 0.015562
3.898770 0.887519 0.014780
3.915929 0.867970 0.013772
3.932906 0.844802 0.013828
3.948673 0.858508 0.014922
3.965547 0.870908 0.015151
3.982118 0.862651 0.013546
4.000748 0.842877 0.014859
4.015575 0.883333 0.015172
4.032147 0.888469 0.013775
4.048834 0.897775 0.014757
4.065614 0.889735 0.014018
4.082174 0.902960 0.015562
4.098916 0.898625 0.014465
4.115498 0.895171 0.014655
4.132256 0.886294 0.014556
4.148836 0.863808 0.013651
4.165588 0.873085 0.015872
4.182255 0.870341 0.014421
4.198957 0.857543 0.013856
4.215563 0.872304 0.015655
4.232341 0.877710 0.014689
4.249041 0.879045 0.014475
4.265935 0.881940 0.014869
4.282148 0.890916 0.014684
4.298988 0.898159 0.015085
4.316632 0.903098 0.015735
4.332169 0.903402 0.013771
4.348929 0.899984 0.014789
4.365437 0.893074 0.014523
4.382223 0.895723 0.015398
4.398650 0.923760 0.016408
4.416727 0.923278 0.015716
4.431969 0.928587 0.014275
4.450321 0.856646 0.012071
4.465263 0.872795 0.015340
4.483210 0.866481 0.015486
4.498887 0.866481 0.000000
4.515972 0.866481 0.000000
4.533755 0.866481 0.000000
4.548612 0.866481 0.000000
4.566219 0.853724 0.073359
4.582007 0.853724 0.000000
4.598536 0.853724 0.000000
4.615318 0.863374 0.044687
4.632193 0.841590 0.013203
4.648538 0.841590 0.000000
4.666600 0.848198 0.032630
4.681876 0.881075 0.014937
4.699879 0.932235 0.018175
4.715363 0.946102 0.013559
4.732075 0.946102 0.000000
4.751335 0.946102 0.000000
4.765232 0.979491 0.041980
4.781984 0.981439 0.015655
4.798580 0.949422 0.013959
4.815522 0.913899 0.014778
4.832113 0.904178 0.016002
4.848800 0.881356 0.014592
4.865327 0.857507 0.014182
4.882221 0.826122 0.013862
4.898723 0.813688 0.014317
4.915383 0.822472 0.015075
4.931998 0.866174 0.016416
4.948733 0.852508 0.012319
4.965296 0.879997 0.015686
4.982043 0.880076 0.013817
4.998555 0.908526 0.015882
Speed: 60
0.016670 0.006733 0.000296
0.033556 0.008688 0.000564
0.050167 0.009209 0.000051
0.066632 0.008616 0.000956
0.083380 0.002840 0.000646
0.100178 0.011432 0.000578
0.116681 0.046642 0.002015
0.133524 0.126416 0.004550
0.149929 0.265432 0.007484
0.166762 0.434996 0.009126
0.183447 0.570358 0.007949
0.200088 0.714912 0.010988
0.217377 0.836943 0.012339
0.234574 0.893881 0.010215
0.250634 0.930194 0.012439
0.267927 0.967393 0.014926
0.283645 0.964033 0.013492
0.301007 0.952291 0.014455
0.317035 0.933425 0.014835
0.334292 0.895278 0.013843
0.350478 0.870771 0.014820
0.367549 0.860284 0.015281
0.383735 0.859848 0.015112
0.401038 0.865070 0.015144
0.416991 0.908956 0.017036
0.435319 0.952054 0.018356
0.449840 1.014875 0.015682
0.466548 1.009632 0.015943
0.483112 1.093628 0.017914
0.502058 1.113374 0.017555
0.516508 1.142521 0.015777
0.535479 1.087324 0.016641
0.550108 1.229103 0.018477
0.566408 1.281866 0.017389
0.583201 1.281866 0.000000
0.599720 1.234081 0.016902
0.616516 1.253071 0.035664
0.633143 1.186407 0.017627
0.649724 1.128839 0.016457
0.666501 1.075330 0.018148
0.683192 1.027150 0.017768
0.699848 0.944432 0.017628
0.716368 0.915527 0.017243
0.733060 0.963688 0.018475
0.749702 1.017312 0.016678
0.766395 1.113150 0.020984
0.783143 1.113150 0.000000
0.799802 1.213540 0.035091
0.816329 1.207559 0.017406
0.833107 1.203481 0.015870
0.849694 1.203211 0.019409
0.866339 1.177722 0.018498
0.883077 1.116603 0.016658
0.899773 1.116603 0.000000
0.916321 1.048164 0.037511
0.933027 0.994444 0.016653
0.949646 0.954738 0.016225
0.966739 0.976836 0.019631
0.983050 1.023772 0.019218
0.999907 1.023772 0.000000
1.016411 1.070131 0.034158
1.033157 1.119559 0.019550
1.050381 1.141350 0.017819
1.067074 1.134895 0.017300
1.083567 1.144500 0.018972
1.099662 1.135704 0.017990
1.116422 1.093304 0.016577
1.133002 1.078267 0.018575
1.149651 1.087983 0.019710
1.166385 1.086521 0.018035
1.182929 1.073043 0.017512
1.199651 1.091486 0.019254
1.216379 1.098862 0.018312
1.233125 1.092145 0.017420
1.249850 1.104986 0.019007
1.267380 1.119220 0.019103
1.287046 1.061175 0.018201
1.301275 1.107319 0.017597
1.316819 1.116207 0.019227
1.333685 1.188473 0.018404
1.350601 1.154268 0.017759
1.367138 1.238924 0.017273
1.384423 1.263440 0.020986
1.400857 1.254285 0.016920
1.416023 1.208292 0.017310
1.432800 1.196109 0.018872
1.449447 1.160839 0.018758
1.466130 1.108018 0.017857
1.482800 1.085278 0.018589
1.500182 1.065869 0.018446
1.516078 1.047622 0.018035
1.537049 0.985973 0.019482
1.549456 1.127488 0.018527
1.568589 1.206403 0.018075
1.582682 1.249966 0.018066
1.599422 1.249966 0.000000
1.616108 1.333606 0.038759
1.632665 1.303255 0.017797
1.649471 1.242395 0.018047
1.666006 1.179463 0.018718
1.682698 1.108773 0.018186
1.699415 1.060923 0.018763
1.716085 1.053537 0.018602
1.732687 1.052355 0.018655
1.749312 1.052833 0.018220
1.766098 1.062764 0.018346
1.784509 1.079823 0.018427
1.799341 1.097367 0.018630
1.818685 1.116801 0.018625
1.832766 1.103592 0.016750
1.852260 1.135947 0.020524
1.866030 1.121157 0.017028
1.881621 1.136010 0.019621
1.898194 1.126870 0.017960
1.919409 1.098860 0.017194
1.931944 1.095727 0.019023
1.948305 1.096718 0.018888
1.964870 1.110863 0.019327
1.983758 1.113911 0.018239
1.999452 1.112037 0.018265
2.018111 1.115236 0.018656
2.032740 1.111016 0.019350
2.049683 1.090132 0.017673
2.066110 1.097514 0.019048
2.084150 1.100191 0.018580
2.099428 1.093776 0.017868
2.116227 1.099748 0.018768
2.135831 1.112172 0.018881
2.151773 1.141680 0.020082
2.169292 1.143688 0.017951
2.184456 1.148119 0.018867
2.199300 1.163318 0.019755
2.216074 1.155960 0.018302
2.232567 1.133288 0.036009
2.249446 1.135720 0.016877
2.269567 1.064405 0.016902
2.283140 1.041934 0.017140
2.299444 1.029192 0.018198
2.316079 1.063243 0.018790
2.332602 1.131151 0.018250
2.349317 1.176903 0.016707
2.366016 1.204387 0.017550
2.382657 1.230111 0.019235
2.399188 1.213743 0.017936
2.416057 1.159180 0.017357
2.432649 1.071639 0.015580
2.449330 1.018695 0.017750
2.465977 1.001107 0.018417
2.482654 1.006206 0.018076
2.499245 1.003654 0.016907
2.516082 1.014698 0.017682
2.532559 1.019109 0.017206
2.549214 1.030541 0.017495
2.565779 1.053572 0.017871
2.582664 1.059414 0.016973
2.599131 1.080986 0.017989
2.615832 1.073645 0.016555
2.632568 1.074125 0.017773
2.649308 1.077393 0.018185
2.665814 1.100116 0.019022
2.682564 1.081791 0.016527
2.699218 1.043300 0.015931
2.715917 1.046318 0.018918
2.732607 1.028113 0.016787
2.749250 1.031302 0.018029
2.765817 1.023842 0.016891
2.782507 1.015805 0.016915
2.799503 1.012297 0.017464
2.815954 1.027043 0.017807
2.832485 1.032670 0.016932
2.849330 1.056070 0.018464
2.865781 1.063886 0.017000
2.882530 1.089607 0.018788
2.899208 1.094558 0.017418
2.915935 1.089765 0.017488
2.932452 1.085838 0.017683
2.949265 1.052199 0.016302
2.965800 1.040148 0.017733
2.982547 1.035066 0.017928
2.999051 1.022272 0.016783
3.015887 1.034082 0.018550
3.032468 1.028675 0.016696
3.049173 1.033166 0.017586
3.065792 1.049312 0.018050
3.082504 1.059768 0.017611
3.099079 1.061110 0.017183
3.115894 1.047993 0.016774
3.132448 1.068852 0.018975
3.149067 1.077473 0.017793
3.165775 1.063719 0.016685
3.182501 1.066570 0.018238
3.199031 1.068034 0.017746
3.215713 1.059234 0.017284
3.232442 1.056003 0.017786
3.249145 1.047223 0.017322
3.265774 1.044259 0.017583
3.282482 1.035598 0.017153
3.299055 1.050045 0.018394
3.315685 1.047099 0.016999
3.332398 1.036808 0.016840
3.349148 1.058460 0.018998
3.365635 1.073843 0.017843
3.382531 1.078083 0.017675
3.399007 1.073879 0.017116
3.415712 1.072212 0.017811
3.432296 1.058284 0.016977
3.449129 1.045302 0.017482
3.465606 1.052334 0.018218
3.482324 1.046606 0.017257
3.499027 1.056283 0.018266
3.515689 1.075837 0.018568
3.532264 1.054886 0.015877
3.549060 1.041460 0.017338
3.565674 1.054747 0.018650
3.582292 1.062997 0.017856
3.598867 1.063111 0.017304
3.615675 1.074282 0.018492
3.632288 1.072629 0.017358
3.648939 1.057987 0.016874
3.665569 1.059089 0.018157
3.682266 1.055182 0.017604
3.698882 1.027092 0.016005
3.715655 1.015531 0.017487
3.732234 1.027507 0.018318
3.748895 1.070987 0.019696
3.765580 1.093208 0.017818
3.782288 1.088832 0.016762
3.798829 1.088832 0.000000
3.815487 1.095116 0.035373
3.832194 1.095116 0.000000
3.848918 1.088517 0.034723
3.865282 1.097497 0.018344
3.882158 1.115423 0.019424
3.898710 1.106098 0.017223
3.915418 1.097057 0.017942
3.932050 1.092748 0.018268
3.948739 1.094008 0.018563
3.965297 1.079278 0.017283
3.982145 1.050568 0.016920
3.998665 1.048450 0.018382
4.015434 1.023969 0.016579
4.032085 1.030251 0.018419
4.048890 1.074587 0.020212
4.065263 1.093692 0.017515
4.083068 1.080614 0.017419
4.098821 1.083538 0.017129
4.115670 1.098454 0.019037
4.135175 1.062932 0.018192
4.148855 1.084463 0.016305
4.165277 1.093664 0.017811
4.182303 1.082689 0.017492
4.203298 1.044569 0.020023
4.215515 1.119557 0.016682
4.232049 1.182161 0.019537
4.248708 1.186003 0.016822
Speed: 70
0.016854 0.000841 0.000173
0.035908 0.003445 0.000175
0.049992 0.016568 0.001265
0.066681 0.010218 0.000727
0.083383 0.008884 0.000616
0.100064 0.040382 0.002223
0.116775 0.064148 0.001677
0.133547 0.207033 0.008562
0.150181 0.347975 0.007059
0.166775 0.479468 0.007302
0.183506 0.605044 0.008997
0.200158 0.726010 0.010798
0.216624 0.842698 0.012628
0.233484 0.935400 0.013499
0.249896 1.000229 0.014146
0.266748 1.015445 0.013392
0.283310 1.018458 0.014899
0.300073 1.036621 0.017337
0.316522 1.006424 0.014269
0.333521 1.007390 0.017579
0.349909 0.991706 0.015918
0.366694 0.980173 0.016765
0.383155 1.002274 0.017948
0.400112 1.015837 0.017126
0.416532 1.055277 0.018495
0.433636 1.105594 0.019620
0.449897 1.142950 0.018141
0.466721 1.149137 0.017449
0.483165 1.176374 0.019715
0.500048 1.190742 0.019357
0.516505 1.195183 0.018967
0.533388 1.178890 0.018855
0.549765 1.194794 0.020398
0.566681 1.185014 0.019192
0.583125 1.199657 0.020587
0.599962 1.186402 0.018774
0.616515 1.199145 0.020646
0.633356 1.195850 0.019694
0.649724 1.219022 0.021368
0.666700 1.219452 0.019532
0.683144 1.227490 0.020531
0.699898 1.258916 0.022189
0.716443 1.281576 0.020884
0.733312 1.243183 0.018085
0.749830 1.241617 0.021083
0.766540 1.237046 0.021089
0.783167 1.238230 0.020741
0.800083 1.209460 0.018981
0.816370 1.215272 0.021295
0.833290 1.254466 0.023086
0.849739 1.261486 0.020039
0.866569 1.256891 0.020092
0.883125 1.267975 0.021469
0.899899 1.257810 0.020209
0.916328 1.259285 0.021035
0.933195 1.254688 0.021201
0.949718 1.266263 0.021270
0.966432 1.257692 0.020572
0.982932 1.267529 0.021443
0.999912 1.271135 0.021322
1.016354 1.279713 0.021126
1.034062 1.277838 0.021110
1.049678 1.274689 0.020825
1.066389 1.283916 0.021702
1.082973 1.312896 0.023052
1.099715 1.310878 0.020705
1.116281 1.308546 0.021320
1.132982 1.314782 0.022203
1.149562 1.323716 0.022222
1.166333 1.301888 0.020279
1.182945 1.290293 0.021699
1.199618 1.277237 0.021195
1.216309 1.281181 0.022310
1.232940 1.250279 0.019569
1.249523 1.235059 0.021081
1.266358 1.251703 0.022172
1.282954 1.279819 0.022582
1.299589 1.286228 0.020669
1.316262 1.291767 0.021160
1.332970 1.299362 0.021637
1.349532 1.309164 0.021856
1.366198 1.308833 0.021416
1.382908 1.293280 0.020708
1.399585 1.299284 0.022154
1.416157 1.305656 0.022123
1.432926 1.316487 0.022190
1.449495 1.321914 0.021882
1.466206 1.323983 0.021944
1.482916 1.322654 0.021579
1.499554 1.303781 0.021028
1.516123 1.295581 0.021740
1.532951 1.301021 0.022374
1.549511 1.287054 0.020808
1.566169 1.278236 0.021484
1.582766 1.278245 0.021731
1.599561 1.273410 0.021076
1.616136 1.274532 0.021789
1.632779 1.277213 0.021389
1.649431 1.281312 0.021529
1.666170 1.294193 0.021778
1.682767 1.310383 0.022037
1.699518 1.320622 0.021716
1.716099 1.322658 0.021782
1.732796 1.330912 0.021992
1.749443 1.330582 0.021953
1.766134 1.296685 0.019883
1.782749 1.295237 0.022501
1.799436 1.284044 0.021231
1.816158 1.293407 0.022585
1.832808 1.278085 0.020562
1.849379 1.334660 0.025155
1.866206 1.338635 0.020939
1.882797 1.364948 0.023112
1.899438 1.353302 0.020817
1.916129 1.323255 0.020753
1.933335 1.322959 0.022829
1.949495 1.292348 0.020509
1.966697 1.220511 0.038490
1.982808 1.233602 0.020252
1.999727 1.215599 0.020416
2.016070 1.195619 0.020641
2.033273 1.176497 0.021329
2.049484 1.193025 0.020262
2.067015 1.209049 0.020057
2.082905 1.283278 0.021637
2.099698 1.313062 0.019819
2.116183 1.312279 0.019444
2.133069 1.324990 0.022281
2.149536 1.335328 0.022044
2.166303 1.316250 0.020452
2.182756 1.273299 0.019211
2.199692 1.240198 0.020812
2.216154 1.223542 0.020776
2.232920 1.197360 0.020059
2.249492 1.194615 0.021021
2.266323 1.193462 0.020650
2.282830 1.220649 0.021628
2.299690 1.231363 0.020428
2.316180 1.242898 0.020367
2.333130 1.269598 0.021997
2.349729 1.302641 0.021935
2.365997 1.292890 0.019167
2.382572 1.250708 0.018577
2.399253 1.229627 0.020795
2.415978 1.240870 0.022427
2.433085 1.229220 0.020634
2.449322 1.208124 0.019088
2.466212 1.205189 0.021111
2.482690 1.213084 0.020749
2.499171 1.216770 0.020149
2.515946 1.221133 0.020524
2.532798 1.216446 0.020079
2.549314 1.219840 0.020363
2.566174 1.227087 0.020914
2.582653 1.252438 0.021476
2.599732 1.268011 0.021400
2.616037 1.253938 0.019033
2.632795 1.246934 0.020725
2.649287 1.250571 0.021039
2.666127 1.252024 0.021165
2.682660 1.245335 0.020230
2.699403 1.210055 0.018880
2.715858 1.200393 0.020512
2.732757 1.215442 0.022008
2.749286 1.195493 0.018740
2.766019 1.210037 0.021472
2.782695 1.245703 0.022107
2.799375 1.259450 0.020398
2.815901 1.244992 0.019044
2.832672 1.240414 0.020697
2.849521 1.225718 0.020170
2.865884 1.230187 0.020818
2.882712 1.220967 0.020194
2.899271 1.226896 0.020874
2.915847 1.233148 0.020656
2.932557 1.232101 0.020326
2.949232 1.238904 0.020901
2.965768 1.248531 0.020852
2.982356 1.246940 0.020226
2.999175 1.235035 0.020133
3.015775 1.242221 0.021261
3.032403 1.239780 0.020460
3.049015 1.225286 0.019743
3.065809 1.233820 0.021563
3.082429 1.245191 0.021097
3.099045 1.258245 0.021093
3.115755 1.261579 0.020652
3.132707 1.270812 0.021609
3.149025 1.280701 0.020921
3.165809 1.265960 0.020112
3.182395 1.265161 0.021216
3.199072 1.252919 0.020467
3.215630 1.255104 0.021284
3.232369 1.255104 0.000000
3.249119 1.244837 0.041206
3.265735 1.238731 0.020519
3.282512 1.246153 0.021508
3.299129 1.260395 0.021479
3.315636 1.249517 0.019701
3.332512 1.248143 0.021154
3.349111 1.279851 0.022858
3.365701 1.227149 0.017105
3.382663 1.244764 0.023216
3.399130 1.244764 0.000000
3.415999 1.263953 0.043712
3.432359 1.259140 0.020122
3.449096 1.258640 0.021160
3.465708 1.245723 0.020093
3.482346 1.234302 0.020364
3.499541 1.217148 0.020614
3.515656 1.264503 0.023155
3.532473 1.263406 0.019913
3.549478 1.241113 0.019613
3.566928 1.232725 0.021689
3.582309 1.249475 0.020298
3.599183 1.268545 0.021863
3.615690 1.283487 0.021209
3.632491 1.269292 0.019901
3.648841 1.299910 0.022697
Speed: 80
0.016872 0.010559 0.000145
0.033314 0.007557 0.000402
0.050288 0.007969 0.000519
0.066663 0.013776 0.000378
0.083340 0.022366 0.002223
0.100020 0.020433 0.000793
0.117475 0.082180 0.003813
0.134251 0.204268 0.007138
0.150124 0.357337 0.008100
0.166646 0.515501 0.008527
0.183380 0.666505 0.010086
0.199962 0.823640 0.012810
0.216670 0.916741 0.011286
0.233503 0.989302 0.013464
0.249909 1.041598 0.014889
0.266882 1.061439 0.015010
0.283303 1.052604 0.015187
0.299904 1.032433 0.015646
0.317444 1.057988 0.019555
0.333249 1.078666 0.018052
0.349867 1.071226 0.016866
0.366614 1.127633 0.020691
0.383918 1.130598 0.018154
0.400209 1.183873 0.020005
0.416570 1.240539 0.021010
0.433151 1.264570 0.019481
0.449815 1.299124 0.021354
0.466389 1.312408 0.020642
0.483181 1.320960 0.021350
0.500410 1.354087 0.023494
0.518009 1.312725 0.020403
0.533110 1.317919 0.020465
0.549752 1.327419 0.022556
0.566426 1.335846 0.022343
0.583147 1.333289 0.021783
0.600608 1.330207 0.022235
0.617557 1.315339 0.023150
0.633167 1.354785 0.022562
0.649753 1.369009 0.021997
0.666359 1.382991 0.022693
0.683129 1.396772 0.023127
0.699763 1.406968 0.023070
0.716425 1.414772 0.023382
0.732969 1.431856 0.024277
0.749770 1.424876 0.022438
0.766488 1.437157 0.024439
0.783044 1.415229 0.022251
0.800205 1.409768 0.023852
0.816380 1.400859 0.023252
0.832999 1.409235 0.024310
0.849878 1.398601 0.022827
0.866357 1.418704 0.024695
0.883268 1.440727 0.024543
0.899874 1.451005 0.023684
0.918064 1.432364 0.025074
0.933520 1.464227 0.022894
0.949912 1.464594 0.024954
0.966398 1.484394 0.023880
0.983250 1.449003 0.023859
1.000261 1.486588 0.023930
1.017440 1.488071 0.026086
1.033042 1.525859 0.023831
1.049986 1.533973 0.024418
1.066299 1.516512 0.023574
1.083095 1.483210 0.025447
1.099667 1.500634 0.024442
1.116327 1.492958 0.024365
1.133013 1.462590 0.024371
1.152037 1.418668 0.025709
1.166219 1.417380 0.021775
1.182964 1.419321 0.025120
1.199559 1.459764 0.025708
1.216197 1.472000 0.023961
1.232902 1.469596 0.023546
1.249551 1.496853 0.025721
1.266179 1.511407 0.024749
1.282823 1.495450 0.023549
1.299579 1.480075 0.023620
1.316233 1.486604 0.026003
1.332792 1.493672 0.024929
1.349567 1.473793 0.023766
1.366182 1.467705 0.024195
1.382845 1.475718 0.025960
1.399518 1.492508 0.025040
1.416184 1.474664 0.023568
1.432793 1.477912 0.024726
1.451955 1.447501 0.026083
1.466169 1.487904 0.024046
1.482768 1.511401 0.025930
1.499432 1.520611 0.023471
1.516284 1.520611 0.000000
1.532713 1.532561 0.049910
1.549419 1.532561 0.000000
1.566165 1.546430 0.049867
1.582821 1.537884 0.025688
1.599413 1.520781 0.023824
1.616239 1.473297 0.026199
1.632774 1.494074 0.023578
1.649506 1.462374 0.026350
1.666184 1.528317 0.024569
1.682805 1.551371 0.025768
1.699449 1.572678 0.025771
1.716055 1.569285 0.023611
1.732733 1.540415 0.024295
1.749455 1.563431 0.043842
1.766036 1.577321 0.024419
1.782851 1.538272 0.024088
1.799380 1.467121 0.023163
1.815988 1.400750 0.023902
1.832822 1.349350 0.022961
1.849465 1.346606 0.023319
1.866067 1.394624 0.024548
1.882805 1.438573 0.023874
1.899443 1.490670 0.025020
1.916027 1.496156 0.022954
1.932655 1.482182 0.022952
1.949422 1.465417 0.023915
1.966061 1.455922 0.024037
1.984015 1.406030 0.023132
1.999404 1.430242 0.024174
2.015967 1.438231 0.024004
2.032657 1.444373 0.024001
2.049603 1.419607 0.022724
2.066076 1.386851 0.022098
2.082894 1.390030 0.024779
2.099625 1.384037 0.023207
2.116137 1.414259 0.024902
2.132690 1.419730 0.022907
2.149495 1.432644 0.024102
2.166104 1.445658 0.023966
2.182844 1.440310 0.023308
2.199314 1.432639 0.023163
2.216085 1.414711 0.023138
2.232718 1.402015 0.023390
2.249361 1.398597 0.023771
2.266109 1.399886 0.023870
2.282732 1.391073 0.022852
2.299613 1.380961 0.023241
2.316168 1.393882 0.024060
2.332910 1.394297 0.023130
2.349694 1.392585 0.023199
2.366062 1.397405 0.023078
2.383083 1.405781 0.024111
2.399351 1.413051 0.022973
2.416441 1.374067 0.021320
2.432775 1.374111 0.023454
2.449753 1.383248 0.024320
2.466165 1.379961 0.022393
2.483039 1.360828 0.022170
2.499584 1.368838 0.023605
2.516441 1.391234 0.024442
2.533066 1.418395 0.024079
2.550629 1.399575 0.022457
2.566423 1.412524 0.022948
2.583756 1.391602 0.022747
2.599726 1.399375 0.023113
2.616934 1.381932 0.022929
2.633257 1.373595 0.022544
2.649961 1.389033 0.024345
2.666615 1.390032 0.022888
2.683424 1.376985 0.022404
2.699926 1.397914 0.024309
2.718405 1.359223 0.022568
2.733373 1.398911 0.023215
2.749223 1.425551 0.022771
2.767981 1.410887 0.024098
2.782609 1.448302 0.022544
2.799206 1.449029 0.022710
2.815904 1.452355 0.023828
2.832599 1.425120 0.022246
2.849184 1.419939 0.024023
2.866051 1.402364 0.023344
2.882537 1.412720 0.024416
2.899227 1.387316 0.022014
2.914880 1.409952 0.023686
2.936072 1.347616 0.024346
2.948059 1.461893 0.021855
2.967954 1.490788 0.024844
2.982483 1.556142 0.023183
2.999078 1.578462 0.023817
3.014783 1.586182 0.023413
3.035420 1.493753 0.024162
3.048401 1.549376 0.023180
3.064542 1.556256 0.024024
3.081390 1.513341 0.022752
3.097946 1.455954 0.022590
3.114807 1.436990 0.025630
Speed: 90
0.016484 0.014655 0.000262
0.033239 0.006268 0.000380
0.049826 0.006093 0.000324
0.066581 0.014674 0.000913
0.083082 0.010975 0.000527
0.099997 0.020794 0.001250
0.116453 0.062533 0.002274
0.133228 0.175946 0.006294
0.150951 0.299891 0.006162
0.171940 0.460961 0.009301
0.183104 0.604891 0.009188
0.199846 0.727664 0.009795
0.216496 0.866767 0.013696
0.233115 0.976027 0.014043
0.249702 1.062902 0.015241
0.266475 1.115052 0.015673
0.283085 1.154736 0.017214
0.299657 1.192751 0.018872
0.316455 1.171312 0.016187
0.332984 1.178176 0.019907
0.349718 1.154367 0.019156
0.366454 1.173691 0.019398
0.383082 1.177702 0.020899
0.399702 1.235790 0.021075
0.416447 1.283401 0.021282
0.433079 1.330747 0.023493
0.449610 1.350131 0.019670
0.466203 1.397946 0.023316
0.482973 1.436458 0.023396
0.499675 1.445086 0.022290
0.516317 1.434079 0.022296
0.531889 1.477408 0.024646
0.548534 1.487960 0.023578
0.565141 1.467737 0.022711
0.582013 1.468830 0.025532
0.599579 1.527121 0.027796
0.616243 1.469040 0.021455
0.632957 1.463774 0.024519
0.649676 1.476279 0.025757
0.666309 1.462330 0.023516
0.683391 1.456521 0.024480
0.699802 1.491059 0.026549
0.716471 1.523641 0.026044
0.732916 1.543147 0.025194
0.749749 1.546029 0.024524
0.766353 1.563745 0.027207
0.782940 1.563745 0.000000
0.799758 1.591329 0.051545
0.816332 1.593973 0.026028
0.833010 1.614278 0.027324
0.849782 1.612884 0.026097
0.866341 1.591325 0.025856
0.883119 1.603497 0.027281
0.899777 1.621818 0.027582
0.916291 1.593758 0.025914
0.933026 1.563185 0.024834
0.949721 1.562160 0.027425
0.966397 1.576457 0.026643
0.982968 1.576457 0.000000
0.999497 1.597481 0.053920
1.016994 1.623666 0.028095
1.032782 1.615111 0.025045
1.049402 1.565988 0.026607
1.066076 1.593963 0.026097
1.083802 1.610668 0.026894
1.099509 1.651416 0.028470
1.116359 1.644600 0.025960
1.132801 1.640954 0.027100
1.149435 1.634875 0.026555
1.164944 1.662469 0.026829
1.181667 1.691952 0.028452
1.198310 1.670936 0.025381
1.215055 1.653296 0.027767
1.231679 1.663902 0.028050
1.249479 1.651480 0.028584
1.266011 1.627562 0.026560
1.282686 1.629854 0.027956
1.299396 1.618931 0.026774
1.316066 1.607163 0.026777
1.332649 1.579715 0.025756
1.349413 1.597824 0.028402
1.366023 1.609928 0.027410
1.382646 1.617106 0.026753
1.399369 1.623343 0.026894
1.416039 1.633065 0.027407
1.432703 1.634339 0.026740
1.449387 1.646080 0.027740
1.466255 1.646080 0.000000
1.482639 1.664743 0.056200
1.499483 1.612756 0.026046
1.516470 1.628047 0.027583
1.532675 1.622688 0.026228
1.549346 1.601918 0.027492
1.566089 1.656466 0.027919
1.582676 1.714767 0.029818
1.599293 1.720075 0.028342
1.616071 1.711777 0.024708
1.632692 1.628831 0.040344
1.649318 1.606244 0.026446
1.666046 1.540026 0.024398
1.682691 1.461323 0.025080
1.699304 1.431954 0.026537
1.716608 1.469499 0.028747
1.732665 1.518271 0.024908
1.749430 1.562497 0.025091
1.765954 1.632297 0.027334
1.782659 1.674211 0.026806
1.799273 1.678223 0.025708
1.816402 1.641012 0.025185
1.832676 1.644875 0.027667
1.849302 1.648618 0.027461
1.865890 1.628098 0.025840
1.882667 1.582211 0.024969
1.899276 1.550694 0.025953
1.915880 1.543885 0.027097
1.932570 1.529876 0.025839
1.949390 1.528697 0.026439
1.966040 1.540319 0.026475
1.982652 1.564757 0.026755
1.999520 1.570123 0.025754
2.015967 1.572104 0.025386
2.032760 1.598343 0.027689
2.049300 1.598819 0.025580
2.065918 1.588329 0.025545
2.082671 1.568338 0.025565
2.099334 1.568372 0.026835
2.115913 1.581275 0.027088
2.132486 1.583738 0.026045
2.150228 1.554425 0.025976
2.165872 1.582740 0.026621
2.182647 1.593516 0.026562
2.199007 1.612333 0.026620
2.216009 1.582172 0.024682
2.232498 1.560171 0.025356
2.249004 1.555483 0.026437
2.265969 1.564302 0.027426
2.283556 1.523947 0.024798
2.299090 1.549290 0.026093
2.315689 1.559744 0.025933
2.332462 1.577285 0.026710
2.349188 1.574598 0.025472
2.365749 1.576736 0.025985
2.382372 1.580889 0.026311
2.399181 1.577271 0.026153
2.415689 1.575292 0.025952
2.432564 1.570114 0.026346
2.449068 1.557627 0.025348
2.465700 1.537744 0.025176
2.482465 1.541911 0.026863
2.499069 1.555039 0.026613
2.515667 1.557337 0.025615
2.532334 1.577379 0.026956
2.549300 1.582948 0.026364
2.565712 1.570584 0.024796
2.584441 1.527605 0.026729
2.599110 1.569959 0.025652
2.615703 1.597494 0.026697
2.632385 1.606643 0.025937
2.649281 1.610650 0.026573
2.665635 1.610650 0.000000
2.682491 1.609033 0.051522
2.699034 1.618942 0.027092
2.715688 1.620841 0.026711
2.732282 1.614277 0.026314
2.749019 1.617781 0.027386
2.765677 1.622203 0.027162
2.782266 1.584222 0.024445
2.798872 1.645753 0.031141
2.815677 1.639298 0.025802
2.832294 1.639298 0.000000
2.848929 1.625034 0.051308
2.867735 1.577019 0.027362
2.886030 1.521160 0.026773
2.898974 1.611694 0.025344
2.915580 1.674912 0.027781
Speed: 100
0.015371 0.008442 0.000367
0.032101 0.002289 0.000655
0.048610 0.006137 0.000415
0.065326 0.012768 0.000259
0.082028 0.014750 0.000672
0.098596 0.028331 0.002593
0.115302 0.103644 0.004039
0.131973 0.208556 0.005267
0.148886 0.364012 0.008519
0.166498 0.510342 0.008345
0.185266 0.664736 0.010650
0.198586 0.808003 0.012167
0.217385 0.966427 0.015415
0.231880 1.079393 0.014908
0.248704 1.129284 0.014278
0.265193 1.183523 0.017700
0.282038 1.222129 0.018835
0.298624 1.233342 0.018320
0.315244 1.224450 0.018489
0.331774 1.238809 0.021068
0.348690 1.242212 0.020616
0.365220 1.260159 0.021074
0.381976 1.305578 0.023347
0.398583 1.321201 0.020934
0.415198 1.379927 0.024216
0.431783 1.450377 0.024959
0.448695 1.486223 0.023527
0.465175 1.512228 0.023954
0.482010 1.565334 0.026641
0.498469 1.561761 0.023312
0.515368 1.552075 0.024794
0.531839 1.562385 0.026094
0.548473 1.560675 0.026051
0.565255 1.566823 0.025825
0.582009 1.560511 0.025807
0.598436 1.565937 0.026217
0.615314 1.587352 0.027642
0.631858 1.617970 0.027075
0.648484 1.622956 0.026443
0.665214 1.639380 0.026950
0.681913 1.579067 0.028022
0.698477 1.576773 0.027482
0.715221 1.718340 0.026956
0.731841 1.818446 0.029005
0.748469 1.870905 0.028618
0.765086 1.879864 0.027365
0.781927 1.851483 0.028162
0.798405 1.832522 0.029632
0.815256 1.787271 0.028382
0.831834 1.719500 0.027197
0.848549 1.661305 0.028474
0.865058 1.649097 0.029454
0.881852 1.624804 0.027868
0.898420 1.629075 0.028945
0.915191 1.659577 0.029231
0.931654 1.702132 0.029099
0.948431 1.694383 0.028692
0.965026 1.747836 0.028300
0.981713 1.747836 0.000000
0.998397 1.710884 0.030357
1.014889 1.777733 0.057037
1.031599 1.750935 0.030881
1.051816 1.778873 0.028295
1.065043 1.830307 0.029906
1.081689 1.842413 0.029060
1.100352 1.840447 0.029368
1.115297 1.816883 0.028770
1.131642 1.811566 0.030512
1.148206 1.808663 0.030558
1.165098 1.830842 0.031580
1.181621 1.811920 0.028704
1.198206 1.793362 0.029683
1.214872 1.794035 0.030487
1.231533 1.790078 0.029734
1.248956 1.767916 0.029339
1.265011 1.781474 0.031213
1.281604 1.806199 0.030844
1.298240 1.811982 0.029619
1.315004 1.814320 0.029896
1.331557 1.819440 0.030155
1.350697 1.824923 0.030530
1.364865 1.832719 0.030307
1.382633 1.842271 0.030888
1.398196 1.827607 0.029417
1.414911 1.816475 0.030112
1.431606 1.817769 0.030652
1.448328 1.838837 0.031859
1.464816 1.853353 0.030895
1.481617 1.848441 0.029668
1.498144 1.844417 0.030261
1.515156 1.753237 0.043596
1.531327 1.716040 0.027370
1.548425 1.639307 0.027529
1.568219 1.525012 0.029576
1.581629 1.629553 0.028916
1.598186 1.704365 0.028335
1.614909 1.804022 0.029673
1.631667 1.900987 0.030335
1.648230 1.950137 0.028979
1.664778 1.954542 0.028968
1.681397 1.923852 0.029362
1.698220 1.867505 0.029301
1.714755 1.814452 0.029480
1.731390 1.731215 0.027391
1.748624 1.640123 0.027839
1.766648 1.556120 0.028835
1.781676 1.593176 0.028766
1.797992 1.648947 0.029704
1.814939 1.705455 0.029734
1.836059 1.682745 0.030371
1.851821 1.720413 0.028283
1.864940 1.835020 0.027147
1.881441 1.914846 0.029985
1.898110 1.951204 0.029494
1.915020 1.919533 0.027947
1.931492 1.875200 0.028726
1.948178 1.825764 0.029652
1.964709 1.771772 0.028975
1.981531 1.714908 0.028909
1.998083 1.659518 0.027813
2.014838 1.632228 0.029033
2.031493 1.652569 0.030406
2.050970 1.600771 0.028752
2.064738 1.675612 0.026842
2.081356 1.733011 0.029067
2.098084 1.783503 0.029332
2.114769 1.804275 0.028437
2.132950 1.772691 0.028618
2.148139 1.810420 0.029143
2.167334 1.748004 0.028684
2.181344 1.786509 0.027243
2.198027 1.800170 0.029704
2.214710 1.795117 0.028887
2.231340 1.756732 0.027351
2.248143 1.739310 0.029645
2.264693 1.736372 0.029603
2.281325 1.705942 0.027526
2.298095 1.688643 0.028745
2.314959 1.692848 0.029777
2.331327 1.703306 0.028615
2.347966 1.719087 0.029110
2.364716 1.734297 0.029186
2.381894 1.731611 0.028865
2.397942 1.740028 0.028087
2.417146 1.681871 0.028883
2.431214 1.767181 0.029050
2.450514 1.767608 0.030645
2.464526 1.846565 0.028046
2.481215 1.875405 0.029155
2.497813 1.879733 0.029166
2.514617 1.863104 0.029511
2.531176 1.826938 0.028749
2.547823 1.826938 0.000000
2.564440 1.758682 0.057125
2.581226 1.774395 0.032033
2.597763 1.774395 0.000000
2.614448 1.756327 0.057279
2.631172 1.751670 0.029423
2.647877 1.787458 0.031838
2.665940 1.743405 0.028238
2.681198 1.783690 0.029588
2.700405 1.739331 0.029780
2.714490 1.815234 0.028965
2.731133 1.865315 0.030842
Speed: 110
0.016770 0.014218 0.000302
0.033353 0.001962 0.000755
0.049926 0.003480 0.000247
0.066820 0.009533 0.000164
0.083402 0.004640 0.000465
0.102162 0.037518 0.002081
0.116762 0.067340 0.001534
0.135767 0.193756 0.007402
0.150219 0.338891 0.007534
0.167030 0.480394 0.007866
0.183469 0.672457 0.012689
0.200425 0.785532 0.009253
0.216793 0.903818 0.013177
0.234951 0.998860 0.014430
0.250174 1.059809 0.014703
0.267046 1.106618 0.016392
0.283495 1.151096 0.018138
0.300407 1.196163 0.019020
0.316765 1.249414 0.020798
0.335032 1.287461 0.020261
0.350351 1.318980 0.020917
0.367021 1.356228 0.022380
0.383573 1.397543 0.023289
0.401167 1.397543 0.000000
0.416741 1.461536 0.045820
0.433631 1.480899 0.023993
0.450109 1.477564 0.023067
0.469289 1.459777 0.027333
0.489583 1.557739 0.024787
0.499978 1.603814 0.025117
0.518863 1.645547 0.026281
0.533207 1.688998 0.027643
0.550823 1.706063 0.026742
0.566627 1.707531 0.027857
0.583265 1.703865 0.027149
0.599911 1.697478 0.027633
0.616670 1.690939 0.028076
0.634195 1.689598 0.028345
0.649912 1.683374 0.028040
0.669080 1.701761 0.029155
0.683276 1.740456 0.030530
0.702274 1.765982 0.029001
0.716615 1.786139 0.029134
0.733246 1.807516 0.030121
0.749920 1.824415 0.029820
0.766472 1.851793 0.031192
0.783159 1.843511 0.029126
0.799807 1.837797 0.030182
0.816437 1.810415 0.029253
0.833168 1.825867 0.031944
0.849784 1.837263 0.031321
0.866426 1.856935 0.030857
0.883179 1.862861 0.030583
0.899792 1.867336 0.030900
0.917862 1.869805 0.030750
0.933177 1.865803 0.030889
0.952188 1.888064 0.032331
0.967274 1.888064 0.000000
0.986404 1.904732 0.062012
0.999767 1.879918 0.030003
1.016615 1.887961 0.031867
1.033052 1.917183 0.033582
1.049839 1.906854 0.030297
1.066426 1.905324 0.031478
1.083123 1.914182 0.032577
1.099789 1.909784 0.031737
1.116354 1.890042 0.030657
1.132961 1.886606 0.031543
1.149784 1.890225 0.032451
1.166294 1.921573 0.032851
1.182961 1.924304 0.031966
1.199570 1.947854 0.032355
1.216366 1.966930 0.033084
1.232927 1.984803 0.032692
1.249604 1.946525 0.030053
1.266305 1.963386 0.033491
1.282974 1.959780 0.032886
1.299531 1.991353 0.033950
1.316344 1.938981 0.029416
1.332948 1.938528 0.033112
1.349656 1.911141 0.031935
1.366199 1.910633 0.032053
1.383019 1.900099 0.032165
1.399605 1.941087 0.034168
1.416287 1.980726 0.033812
1.432961 1.985705 0.031595
1.449686 1.940031 0.029648
1.466316 1.946009 0.047949
1.483160 1.895395 0.029557
1.499693 1.836117 0.030043
1.516318 1.791324 0.031060
1.533085 1.749882 0.029859
1.549762 1.734126 0.029788
1.566262 1.789010 0.032237
1.582985 1.823845 0.030143
1.599705 1.862953 0.030762
1.616345 1.895885 0.031029
1.632932 1.910244 0.030869
1.649736 1.919478 0.031420
1.666569 1.899657 0.030348
1.683003 1.889344 0.030842
1.699939 1.856026 0.030359
1.716308 1.857326 0.031624
1.732960 1.837278 0.030130
1.749802 1.804510 0.029802
1.766256 1.804089 0.031079
1.782975 1.808424 0.030953
1.799565 1.824356 0.031020
1.816319 1.816197 0.029560
1.832902 1.852226 0.032284
1.849590 1.894378 0.032282
1.866260 1.876093 0.028620
1.882979 1.877599 0.031320
1.899534 1.887904 0.031575
1.916508 1.872036 0.030680
1.932924 1.853605 0.029954
1.949698 1.829523 0.030354
1.966255 1.801029 0.029614
1.982946 1.800699 0.031376
1.999528 1.791887 0.029873
2.016206 1.801576 0.030960
2.032874 1.800361 0.029843
2.049369 1.805609 0.029997
2.066055 1.858866 0.033232
2.082786 1.899176 0.031784
2.099423 1.913239 0.030476
2.116028 1.899959 0.029732
2.132812 1.883292 0.030827
2.149492 1.852799 0.030083
2.166062 1.834416 0.030712
2.182922 1.811371 0.030569
2.199556 1.803647 0.030774
2.216099 1.827863 0.031967
2.232789 1.849818 0.031349
2.249426 1.834061 0.028937
2.266144 1.850645 0.031808
2.282881 1.854677 0.030749
2.299476 1.840914 0.029676
2.316198 1.829643 0.030365
2.332791 1.818860 0.030145
2.349672 1.835648 0.032246
2.366628 1.815072 0.029553
2.382938 1.849917 0.032179
2.399536 1.840169 0.029212
2.416098 1.881615 0.032983
2.432739 1.895316 0.030880
2.449696 1.902488 0.031580
2.466104 1.901530 0.030587
2.482923 1.881377 0.030650
2.499298 1.865414 0.030365
2.516182 1.851146 0.031350
Speed: 120
0.016545 0.009972 0.000956
0.033276 0.005569 0.000341
0.049915 0.003072 0.000413
0.066695 0.005655 0.000192
0.083281 0.005252 0.000344
0.100519 0.054847 0.003553
0.117387 0.120703 0.003578
0.133428 0.239758 0.006257
0.150915 0.388785 0.007935
0.166557 0.587309 0.011839
0.184681 0.712350 0.008447
0.199882 0.826149 0.011299
0.219047 0.957292 0.015211
0.233150 1.084213 0.016959
0.252215 1.150043 0.015266
0.266501 1.178250 0.016202
0.283126 1.249775 0.021205
0.299773 1.279199 0.019159
0.316537 1.272176 0.018689
0.333106 1.269937 0.020393
0.350034 1.302479 0.022833
0.366555 1.336412 0.022716
0.383417 1.386302 0.023771
0.399929 1.438446 0.024089
0.417186 1.503446 0.025582
0.433412 1.494521 0.024463
0.450846 1.575143 0.023893
0.468843 1.621278 0.025632
0.483470 1.677423 0.027565
0.502508 1.713148 0.027188
0.516674 1.743034 0.028258
0.533419 1.732335 0.027623
0.549835 1.702080 0.026024
0.566411 1.675623 0.027666
0.583092 1.688339 0.029578
0.600320 1.711849 0.028981
0.618671 1.678918 0.029794
0.632972 1.764954 0.028477
0.649882 1.815933 0.029509
0.666336 1.864051 0.030244
0.683145 1.924841 0.032164
0.700446 1.941731 0.030234
0.717893 1.909618 0.030736
0.733078 1.885629 0.031323
0.752005 1.901176 0.030716
0.766508 1.934130 0.032588
0.785485 1.919069 0.030756
0.799539 1.922974 0.031815
0.816347 1.912679 0.031306
0.832925 1.928101 0.032843
0.849635 1.929412 0.032056
0.866294 1.949634 0.033066
0.882945 1.962382 0.032618
0.899543 1.967218 0.032613
0.916356 1.979973 0.032762
0.934393 1.940718 0.033306
0.949584 1.995981 0.032614
0.966310 2.019039 0.033468
0.983094 2.044677 0.033507
1.001778 2.040853 0.033054
1.016464 2.080616 0.034729
1.036053 2.068743 0.032331
1.050498 1.964907 0.035087
1.066147 2.094358 0.032314
1.082916 2.181586 0.035438
1.099684 2.172260 0.032361
1.116235 2.199489 0.035143
1.132859 2.208571 0.035499
1.149606 2.170244 0.033920
1.167018 2.088883 0.032820
1.184405 2.021076 0.035236
1.200226 2.020397 0.033771
1.218851 1.967841 0.034054
1.232798 1.954585 0.031225
1.250350 1.959194 0.035261
1.266197 1.997897 0.037344
1.285959 2.036729 0.032974
1.299622 2.013625 0.033198
1.318936 2.090088 0.034043
1.332852 2.169896 0.037960
1.349747 2.226813 0.035985
1.366288 2.196505 0.032253
1.382905 2.140653 0.048072
1.399434 2.107642 0.033637
1.416437 2.051882 0.034359
1.432806 1.959866 0.031452
1.450916 1.835037 0.032212
1.466173 1.867317 0.033587
1.484207 1.883213 0.034360
1.499724 1.953306 0.031961
1.516336 2.015071 0.033155
1.535270 2.023236 0.034387
1.549606 2.089311 0.031615
1.568910 2.074732 0.035459
1.582870 2.168224 0.033097
1.599731 2.178488 0.033209
1.616197 2.128927 0.030954
1.633980 2.053329 0.033784
1.650565 2.025268 0.034862
1.666292 1.994810 0.031816
1.683934 1.913873 0.032079
1.699522 1.938093 0.033934
1.717343 1.905104 0.032808
1.732865 1.950911 0.033074
1.749638 1.972627 0.032860
1.766237 1.993693 0.032852
1.783900 2.020085 0.035628
1.799541 2.079436 0.033887
1.818571 2.012556 0.031795
1.832721 2.044242 0.030720
1.852009 1.978351 0.033694
1.866038 2.037493 0.031809
1.882771 2.070738 0.034496
1.899466 2.061494 0.032293
1.916288 2.036870 0.032771
1.932677 2.024871 0.033286
1.949510 2.003596 0.033373
1.966120 1.960559 0.031591
1.982854 1.938821 0.033205
1.999341 1.921908 0.032283
2.016168 1.931199 0.034009
2.034768 1.879958 0.032623
2.049475 1.944192 0.032252
2.068241 1.930083 0.033380
2.082766 2.011603 0.032135
2.101913 2.024632 0.035376
2.116076 2.110417 0.031950
2.132787 2.138461 0.033146
2.149426 2.128180 0.032557
2.166207 2.095308 0.033061
2.182754 2.060741 0.033319
2.199525 2.028252 0.033961
2.215940 1.984996 0.032196
2.232788 1.944235 0.032985
2.249752 1.914743 0.033293
2.265940 1.948691 0.034632
2.282844 1.944176 0.032245
2.299380 1.976321 0.034060
2.316942 1.985841 0.034187
2.332822 2.035609 0.033788
2.351857 1.998868 0.033701
2.365825 2.070816 0.031746
2.382612 2.105482 0.034252
Speed: 127
0.015794 0.016913 0.000315
0.032493 0.028388 0.000727
0.049236 0.014303 0.000818
0.066839 0.018814 0.001286
0.082551 0.026612 0.000427
0.099188 0.037219 0.001751
0.115737 0.037219 0.000000
0.132475 0.063536 0.004031
0.149148 0.184038 0.012020
0.165827 0.290662 0.007760
0.182409 0.429314 0.007971
0.199094 0.585113 0.009662
0.216865 0.770426 0.013097
0.234446 0.985376 0.015779
0.249050 1.180190 0.016967
0.265763 1.285496 0.015447
0.282498 1.309731 0.015383
0.299040 1.290755 0.019542
0.316665 1.333957 0.019622
0.332344 1.336077 0.018925
0.350762 1.300990 0.021636
0.365729 1.315975 0.020193
0.382382 1.332625 0.022962
0.398987 1.344971 0.021855
0.417208 1.328012 0.022935
0.437152 1.263875 0.024419
0.449345 1.548233 0.022956
0.465652 1.759557 0.025202
0.482391 1.924644 0.024626
0.499193 2.017612 0.026749
0.515902 1.999753 0.025384
0.532622 1.934087 0.026803
0.549546 1.750798 0.028454
0.565825 1.771377 0.024922
0.582688 1.648269 0.027121
0.599188 1.675121 0.027149
0.616561 1.677462 0.028693
0.632421 1.685584 0.028516
0.651890 1.724953 0.030145
0.665842 1.741253 0.028299
0.684457 1.750808 0.028716
0.699047 1.778585 0.030101
0.718739 1.748819 0.032150
0.732163 1.858904 0.028083
0.748931 1.907208 0.030485
0.765540 1.961258 0.031769
0.783533 1.989673 0.031390
0.799070 1.980669 0.032544
0.815657 1.986047 0.030549
0.832513 1.963040 0.031870
0.848843 1.972442 0.032126
0.865645 1.901479 0.033333
0.882316 1.956355 0.030774
0.898810 2.002747 0.033636
0.915639 2.018789 0.032581
0.932194 2.030441 0.032853
0.948910 2.020134 0.032667
0.965538 2.040576 0.034608
0.982328 2.020626 0.032378
0.998832 2.021229 0.033523
1.015617 2.015198 0.033963
1.032156 2.031444 0.034389
1.048931 2.019816 0.032994
1.065425 2.030022 0.034216
1.082272 2.022705 0.034031
1.098775 2.051714 0.034812
1.115441 2.040732 0.034195
1.132172 2.072122 0.034104
1.148986 2.097966 0.034927
1.165393 2.110618 0.034997
1.182377 2.122493 0.034474
1.198758 2.139121 0.035913
1.215398 2.118890 0.033517
1.231943 2.120365 0.035781
1.248829 2.163194 0.037579
1.265396 2.151977 0.034171
1.281994 2.120863 0.033867
1.298999 2.103337 0.034869
1.315625 2.111813 0.036572
1.335082 2.113267 0.035792
1.349023 2.094244 0.033523
1.365523 2.075787 0.037207
1.382091 2.141784 0.036676
1.400830 2.086906 0.035439
1.415587 2.146602 0.047030
1.432324 2.159691 0.034166
1.448802 2.149430 0.035036
1.465814 2.074454 0.033306
1.482046 1.982269 0.030589
1.498883 1.940435 0.033728
1.515610 1.934527 0.032995
1.532326 1.950127 0.033032
1.548810 1.977223 0.032810
1.565737 1.998334 0.033714
1.582244 2.038261 0.034747
1.598960 2.033123 0.032027
1.615495 2.055605 0.034526
1.632136 2.086020 0.034906
1.648658 2.082245 0.032829
1.666465 1.996070 0.030902
1.682171 2.004358 0.033947
1.698666 2.044707 0.036210
1.715249 2.026288 0.031778
1.732009 2.009627 0.033113
1.748584 2.000448 0.033257
1.765368 2.004791 0.034319
1.781942 2.029995 0.034758
1.798652 2.033881 0.033332
1.815193 2.015235 0.032091
1.831988 2.021415 0.034636
1.848539 1.988618 0.031454
1.865278 2.006963 0.035441
1.881753 1.998827 0.032443
1.898834 2.014508 0.035324
1.918322 1.946872 0.033881
1.931828 2.009615 0.030475
1.949153 2.010617 0.032964
1.965187 2.067343 0.034912
1.981922 2.102312 0.034543
1.998697 2.086893 0.032327
2.015311 2.098042 0.035034
2.032008 2.091169 0.034125
2.048709 2.061605 0.033130
2.065423 2.050055 0.034674
2.081894 2.025352 0.032992
2.098421 2.017882 0.034083
2.115235 2.013483 0.034339
2.131848 2.028393 0.034781
2.148426 2.012685 0.032361
2.165238 1.978138 0.032089
2.181762 1.971315 0.033471
2.198438 1.993204 0.034907
2.219979 1.910747 0.035776
2.231795 2.075917 0.030622
2.248489 2.194358 0.035254
2.265049 2.257847 0.033886
2.281802 2.241418 0.032222
2.298461 2.238172 0.035819
2.318553 2.119323 0.035641
2.331814 2.157753 0.031836
2.348757 2.120317 0.033891
