seed dbaef12415b098dd
Playbook: loading ../../gameplay/plays/test/kick_penalty.play
Playbook: loading ../../gameplay/plays/test/motion_challenge.play
Playbook: loading ../../gameplay/plays/test/their_kickoff.play
Playbook: loading ../../gameplay/plays/test/our_kickoff.play
Playbook: loading ../../gameplay/plays/test/test.play
Playbook: loading ../../gameplay/plays/test/defend_penalty.play
Playbook: loading ../../gameplay/plays/test/their_freekick.play
Playbook: loading ../../gameplay/plays/test/our_freekick.play
InputHandler Error: No such file or directory
Not using joystick controller
No controller: Auto/Running
Set trigger camera: 0
Switching to play "motion challenge"
Play "motion challenge" ended: completed 1/1
Speed: 0
0.016609 0.036043 0.001123
0.033611 0.025745 0.000201
0.050006 0.052749 0.001669
0.066787 0.028547 0.000153
0.083360 0.027480 0.000865
0.100239 0.069328 0.001786
0.117856 0.015260 0.000624
0.134408 0.002027 0.000149
0.151152 0.025159 0.000619
0.168443 0.030212 0.001089
0.184435 0.030432 0.000402
0.202102 0.030388 0.000732
0.218720 0.052103 0.001506
0.235278 0.014756 0.000694
0.252432 0.031647 0.000728
0.270018 0.026858 0.000519
0.285442 0.069063 0.002004
0.302224 0.013699 0.000613
0.318824 0.019109 0.000388
0.335560 0.030793 0.000897
0.352186 0.038944 0.001409
0.368727 0.041049 0.001515
0.385334 0.061728 0.001087
0.402287 0.014565 0.000421
0.418742 0.052750 0.001437
0.435325 0.011691 0.000630
0.452101 0.034294 0.000929
0.468629 0.054268 0.001717
0.485379 0.040916 0.001706
0.502114 0.029810 0.001061
0.518701 0.035432 0.000996
0.535297 0.031962 0.001237
0.552100 0.033239 0.000471
0.568657 0.001170 0.000386
0.585495 0.029548 0.000718
0.602135 0.028644 0.000412
0.618952 0.026990 0.000647
0.636027 0.044301 0.001341
0.651232 0.021780 0.000317
0.667447 0.009011 0.000436
0.684339 0.009099 0.000266
0.700971 0.025407 0.000744
0.717843 0.045057 0.001447
0.734277 0.021013 0.000118
0.751203 0.056250 0.001675
0.767650 0.075300 0.002598
0.784608 0.075424 0.002905
0.800994 0.064904 0.002665
0.818339 0.034463 0.001607
0.834295 0.004667 0.000530
0.851057 0.026630 0.000613
0.866553 0.035096 0.001201
0.888684 0.019249 0.000202
0.900989 0.022599 0.000721
0.918594 0.046418 0.001422
0.934230 0.029541 0.001270
0.950776 0.044777 0.000995
0.967529 0.012909 0.000910
0.984165 0.043609 0.001230
1.000693 0.033313 0.001029
1.017463 0.046637 0.001435
1.034092 0.011977 0.000909
1.050714 0.018396 0.000534
1.067304 0.022848 0.000783
1.084054 0.029365 0.001048
1.100771 0.058131 0.001192
1.117334 0.014680 0.001093
1.134023 0.027151 0.000549
1.150691 0.027151 0.000000
1.167292 0.004792 0.000467
1.184147 0.011394 0.000205
1.200637 0.002439 0.000121
1.217304 0.008286 0.000429
1.234055 0.015142 0.000293
1.252039 0.056580 0.001613
1.268277 0.040557 0.000284
1.285370 0.010562 0.000553
1.300847 0.047208 0.001173
1.317344 0.015932 0.000998
1.334047 0.030292 0.000610
1.351862 0.023716 0.000981
1.368342 0.012991 0.000512
1.384060 0.038571 0.001082
1.401822 0.061993 0.001110
1.418491 0.035900 0.001616
1.435118 0.031367 0.001174
1.451746 0.047618 0.001175
1.468383 0.041593 0.000864
1.485016 0.032334 0.000326
1.501774 0.020389 0.000767
1.518375 0.050205 0.001047
1.535083 0.039105 0.001659
1.551993 0.033978 0.001343
1.568395 0.030353 0.000326
1.585340 0.056796 0.001816
1.601940 0.047202 0.000483
1.618388 0.031023 0.001357
1.635190 0.044676 0.000859
1.651699 0.011311 0.000439
1.668484 0.028609 0.000849
1.685121 0.025487 0.000724
1.701824 0.011963 0.000616
1.718474 0.008724 0.000396
1.735253 0.017565 0.000473
1.751854 0.039335 0.001072
1.768585 0.033668 0.000484
1.783930 0.013322 0.000610
1.799675 0.007789 0.000086
1.816106 0.016883 0.000376
1.833972 0.006661 0.000338
1.850630 0.048879 0.001162
1.867220 0.032588 0.000342
1.883931 0.048178 0.001580
1.900714 0.029083 0.000378
1.917196 0.042095 0.001438
1.933941 0.016837 0.000942
1.950559 0.011787 0.000286
1.967375 0.013726 0.000209
1.983837 0.018886 0.000332
2.000548 0.048270 0.001432
2.017211 0.005907 0.000720
2.033921 0.037186 0.000931
2.050472 0.042668 0.001116
2.067227 0.064879 0.002178
2.083797 0.050545 0.000549
2.100404 0.005140 0.000749
2.117090 0.041662 0.000949
2.135309 0.030422 0.000427
2.152047 0.032081 0.001198
2.167930 0.019256 0.000270
2.183952 0.025186 0.000418
2.200629 0.039762 0.001503
2.217342 0.013707 0.000728
2.234973 0.045494 0.001088
2.251778 0.009141 0.000676
2.267991 0.043407 0.001012
2.284882 0.031263 0.001316
2.301728 0.019363 0.000453
2.318497 0.019363 0.000000
2.335115 0.025560 0.001218
2.351718 0.019410 0.000307
2.368675 0.017120 0.000662
2.385115 0.009435 0.000377
2.400329 0.033863 0.000861
2.420573 0.012119 0.000465
2.433816 0.018613 0.000670
2.450406 0.039705 0.000743
2.467073 0.019916 0.001025
2.483792 0.027737 0.000421
2.501497 0.020323 0.000363
2.518332 0.013450 0.000549
2.534897 0.038022 0.000756
2.551638 0.017520 0.000898
2.568413 0.009256 0.000235
2.583527 0.024228 0.000486
2.600198 0.053303 0.001032
2.616896 0.041959 0.001692
2.633543 0.028181 0.000709
2.650327 0.008081 0.000400
2.666994 0.027531 0.000748
2.683523 0.030546 0.000701
2.701154 0.020043 0.000912
2.716921 0.019512 0.000719
2.736253 0.018742 0.000694
2.750212 0.009597 0.000289
2.769585 0.012340 0.000455
2.783566 0.037099 0.001059
2.800152 0.043372 0.000753
2.816888 0.009275 0.000470
2.833620 0.012465 0.000295
2.850160 0.006051 0.000261
2.866924 0.048010 0.001104
2.883545 0.026396 0.001304
2.900206 0.052586 0.001475
2.917038 0.006455 0.000993
2.933535 0.026360 0.000514
2.950461 0.020197 0.000319
2.966882 0.020197 0.000000
2.986193 0.020049 0.000905
3.000503 0.026188 0.000807
3.020537 0.061842 0.001330
3.033661 0.010757 0.001046
3.050234 0.031408 0.000705
3.066706 0.081799 0.002208
3.084901 0.016435 0.000860
3.101479 0.026739 0.000802
3.117986 0.035766 0.000993
3.133629 0.038185 0.001348
3.150237 0.027387 0.001204
3.167399 0.026080 0.000844
3.186212 0.055147 0.001474
3.206563 0.031062 0.000263
3.218097 0.045099 0.001073
3.238769 0.048851 0.000582
3.251398 0.025245 0.000143
3.271521 0.015397 0.000521
3.284435 0.019426 0.000271
3.300094 0.021548 0.000316
3.316767 0.015568 0.000133
3.333397 0.033669 0.000881
3.349961 0.053930 0.001397
3.366799 0.010287 0.000976
3.383378 0.020948 0.000368
3.400020 0.020948 0.000000
3.416881 0.015110 0.000016
3.433422 0.003616 0.000198
3.449991 0.057818 0.001531
3.466770 0.024702 0.001030
3.483386 0.011797 0.000396
3.500118 0.027109 0.000889
3.516782 0.058512 0.001749
3.533401 0.044598 0.000518
3.549894 0.020505 0.000398
3.566560 0.060006 0.001556
3.583412 0.010870 0.001067
3.599979 0.058698 0.001574
3.616597 0.058698 0.000000
3.633758 0.041102 0.000544
3.650014 0.009055 0.001253
3.666663 0.029036 0.000810
3.683563 0.046107 0.001399
3.700006 0.070236 0.001333
3.716597 0.006221 0.000839
3.733314 0.006543 0.000179
3.750008 0.061837 0.001522
3.766686 0.021009 0.001069
3.783297 0.021009 0.000000
3.799962 0.011778 0.000535
3.817530 0.031206 0.001739
3.833312 0.023740 0.000863
3.850466 0.022227 0.000278
3.866519 0.010944 0.000323
3.883968 0.010944 0.000000
3.900122 0.016926 0.000516
3.931526 0.018895 0.000758
3.935475 0.018895 0.000000
3.950963 0.004412 0.000462
3.966675 0.017864 0.000380
3.985712 0.016168 0.000169
3.999973 0.005746 0.000251
4.020570 0.000474 0.000089
4.033233 0.000474 0.000000
4.049867 0.007021 0.000241
4.067551 0.011951 0.000381
4.083129 0.011951 0.000000
4.101068 0.007649 0.000152
4.117707 0.008759 0.000472
4.133207 0.038753 0.001060
4.151274 0.048963 0.001609
4.168421 0.012111 0.001053
4.183444 0.031784 0.000584
4.201171 0.011472 0.000166
4.216649 0.011472 0.000000
4.233346 0.017222 0.000467
4.249958 0.018363 0.001359
4.266643 0.048868 0.001189
4.283308 0.043653 0.001341
4.299937 0.039689 0.000418
4.316570 0.027613 0.001038
4.333308 0.013861 0.000789
4.349974 0.046534 0.001309
4.366633 0.028903 0.001373
4.383358 0.034630 0.000600
4.399948 0.021292 0.000485
4.416599 0.007522 0.000379
4.433251 0.048167 0.001223
4.449981 0.017249 0.001226
4.467975 0.083177 0.001987
4.484507 0.048384 0.000340
4.500249 0.041378 0.001894
4.516603 0.076004 0.002058
4.533192 0.040450 0.000149
4.551352 0.018702 0.001058
4.566622 0.018702 0.000000
4.583376 0.017485 0.000217
4.599773 0.017485 0.000000
4.616553 0.028224 0.000876
4.633139 0.020745 0.000383
4.649834 0.008180 0.000267
4.666445 0.056475 0.001464
4.683073 0.040253 0.000383
4.699657 0.013711 0.000553
4.716478 0.046454 0.001068
4.733071 0.027087 0.001415
4.749806 0.014674 0.000313
4.766542 0.045313 0.001250
4.783264 0.021424 0.001289
4.799786 0.050509 0.001323
4.816381 0.012591 0.001020
4.833127 0.014785 0.000223
4.851627 0.050367 0.001424
4.868122 0.041630 0.001781
4.884349 0.025256 0.000576
4.899769 0.072967 0.001311
4.916341 0.021403 0.001403
4.933118 0.035523 0.000799
4.951092 0.008306 0.000565
4.968776 0.014021 0.000353
4.983249 0.024532 0.000721
4.998465 0.010290 0.000519
5.015156 0.011868 0.000165
Speed: 10
0.016666 0.037554 0.000631
0.033398 0.074291 0.001550
0.049986 0.034584 0.001489
0.066578 0.034941 0.000873
0.088075 0.058283 0.000943
0.100080 0.071229 0.002600
0.116713 0.069063 0.000794
0.133275 0.084363 0.001442
0.149957 0.100800 0.001431
0.166565 0.100800 0.000000
0.184262 0.130090 0.003801
0.202740 0.099166 0.001404
0.217604 0.182832 0.002607
0.236093 0.113650 0.000736
0.249825 0.075884 0.000798
0.272460 0.146134 0.003170
0.283174 0.166954 0.002704
0.301106 0.148456 0.002100
0.316389 0.167530 0.002841
0.332948 0.146610 0.002097
0.349700 0.102171 0.001332
0.366369 0.113963 0.002159
0.383164 0.144000 0.003075
0.400157 0.116602 0.001501
0.416488 0.116602 0.000000
0.432966 0.152402 0.003485
0.453316 0.125700 0.001921
0.467460 0.136669 0.004298
0.486710 0.139939 0.002360
0.500645 0.082289 0.000914
0.516464 0.102433 0.002173
0.534034 0.173623 0.003555
0.551010 0.155731 0.002281
0.566376 0.105226 0.001189
0.582985 0.103884 0.001899
0.599582 0.100214 0.001746
0.616385 0.049974 0.000681
0.633023 0.135690 0.003554
0.650001 0.206751 0.003683
0.666330 0.206751 0.000000
0.683010 0.201842 0.005028
0.699583 0.201842 0.000000
0.716210 0.117210 0.001011
0.732922 0.094793 0.002906
0.749571 0.158529 0.003329
0.766203 0.165101 0.002642
0.782990 0.173506 0.002849
0.799536 0.172192 0.002702
0.816155 0.066951 0.000195
0.832978 0.106496 0.002425
0.849684 0.172706 0.003524
0.866252 0.115657 0.001248
0.883053 0.176995 0.003592
0.899644 0.176926 0.002819
0.916157 0.072819 0.000303
0.931648 0.123360 0.002621
0.948473 0.172234 0.003288
0.965206 0.119653 0.001431
0.981826 0.219677 0.004570
0.998416 0.132027 0.001030
1.020793 0.111342 0.001795
1.031841 0.119486 0.002383
1.048487 0.146921 0.002802
1.065169 0.121735 0.001757
1.083973 0.113163 0.002091
1.100567 0.149820 0.002924
1.119525 0.123392 0.001756
1.135488 0.104721 0.001767
1.149442 0.104721 0.000000
1.169937 0.147265 0.003372
1.187778 0.136010 0.004116
1.200503 0.144125 0.001964
1.216251 0.143166 0.002497
1.233007 0.143166 0.000000
1.249597 0.153941 0.004696
1.266292 0.153941 0.000000
1.283015 0.155303 0.004965
1.299574 0.155303 0.000000
1.316187 0.118984 0.003131
1.335790 0.151915 0.002860
1.351484 0.149757 0.002655
1.366035 0.191681 0.003492
1.382730 0.094711 0.001049
1.399403 0.082603 0.001445
1.415996 0.138153 0.003146
1.432685 0.159835 0.002788
1.449579 0.159835 0.000000
1.466088 0.177058 0.005640
1.482886 0.171321 0.002650
1.499529 0.069324 0.001025
1.516141 0.107913 0.002433
1.532520 0.127939 0.002787
1.549433 0.154146 0.002874
1.566021 0.173098 0.002952
1.582699 0.191308 0.003170
1.599357 0.122104 0.001358
1.615960 0.122104 0.000000
1.632801 0.082552 0.002678
1.651729 0.116971 0.002440
1.666103 0.132576 0.002681
1.683559 0.178674 0.002945
1.699446 0.178674 0.000000
1.716259 0.146946 0.002336
1.737776 0.112596 0.002378
1.749485 0.177937 0.003624
1.766089 0.147073 0.001909
1.782864 0.193774 0.003586
1.799384 0.182738 0.002738
1.816161 0.075404 0.000331
1.832716 0.127661 0.002949
1.849461 0.162272 0.003023
1.866044 0.185146 0.003173
1.882760 0.168621 0.002572
1.899355 0.134999 0.001974
1.916134 0.134999 0.000000
1.933120 0.102208 0.001680
1.951760 0.132781 0.005147
1.966022 0.166820 0.003193
1.982808 0.133522 0.001928
1.999412 0.090295 0.001195
2.016133 0.090295 0.000000
2.032843 0.069380 0.001938
2.049431 0.157970 0.005702
2.066012 0.200937 0.003707
2.082761 0.128046 0.001640
2.099439 0.086414 0.001441
2.116023 0.115586 0.002437
2.133862 0.128624 0.002389
2.150269 0.119543 0.001917
2.166157 0.197634 0.003957
2.190614 0.139869 0.001529
2.201383 0.161579 0.002902
2.216549 0.103759 0.001336
2.234803 0.130561 0.002666
2.249164 0.119901 0.001943
2.265797 0.136358 0.002474
2.282414 0.209562 0.004063
2.299249 0.147541 0.001735
2.315806 0.100652 0.001297
2.332443 0.126738 0.002690
2.350698 0.127411 0.002175
2.365841 0.162228 0.003095
2.382393 0.170995 0.002989
2.399104 0.125221 0.001670
2.415809 0.046650 0.000163
2.432474 0.105865 0.002644
2.451942 0.157369 0.003175
2.466043 0.176453 0.002924
2.482582 0.221383 0.003849
2.499277 0.062616 0.000838
2.515949 0.094174 0.002286
2.532643 0.116269 0.002318
2.549239 0.153889 0.002957
2.565828 0.144013 0.002139
2.582560 0.180753 0.003307
2.599294 0.137203 0.001703
2.616761 0.130353 0.002143
2.632607 0.103621 0.001602
2.648087 0.156389 0.003217
2.664824 0.120466 0.001632
2.681333 0.147302 0.002771
2.698091 0.085449 0.000899
2.714499 0.165705 0.003708
2.731374 0.094766 0.000925
2.747916 0.093091 0.001987
2.766697 0.122685 0.002674
2.783102 0.128661 0.002201
2.800029 0.128007 0.002098
2.816630 0.191877 0.003707
2.833315 0.106107 0.000726
2.853044 0.084443 0.001473
2.866700 0.098941 0.001928
2.884112 0.142771 0.003175
2.899068 0.173409 0.002880
2.915714 0.203256 0.003504
2.932269 0.148982 0.001727
2.948954 0.067642 0.000940
2.965613 0.098895 0.002198
2.982198 0.160109 0.003520
2.998804 0.193646 0.003382
3.015509 0.121897 0.001130
3.032142 0.132274 0.002417
3.048778 0.081764 0.000951
3.065593 0.123475 0.002676
3.082150 0.154320 0.002839
3.099009 0.183903 0.003226
3.116825 0.127327 0.001434
3.135358 0.172725 0.003309
3.155016 0.068468 0.000202
3.167735 0.120323 0.002454
3.182596 0.143090 0.002614
3.199205 0.095192 0.001054
3.216033 0.139006 0.002861
3.232250 0.161421 0.002748
3.251519 0.127230 0.001844
3.265798 0.127230 0.000000
3.282139 0.123199 0.003935
3.298763 0.122226 0.002216
3.315505 0.123024 0.002046
3.332394 0.144928 0.002642
3.349125 0.199755 0.003728
3.365888 0.053414 0.000837
3.382403 0.053414 0.000000
3.401011 0.069436 0.002141
3.416733 0.085989 0.003626
3.433224 0.192049 0.004243
3.450252 0.202075 0.003154
3.466527 0.150695 0.001751
3.483507 0.105720 0.001529
3.499890 0.108055 0.002044
3.516617 0.136771 0.002638
3.533139 0.146171 0.002479
3.549815 0.116247 0.001650
3.566439 0.119885 0.002101
3.583237 0.102870 0.001609
3.599770 0.087542 0.001493
3.616539 0.195135 0.004314
3.632977 0.165657 0.002190
3.648845 0.076955 0.000558
3.666383 0.096550 0.002133
3.683031 0.133734 0.002698
3.698735 0.186297 0.003526
3.715489 0.108246 0.000918
3.732029 0.106409 0.001935
3.748655 0.136712 0.002585
3.765478 0.137733 0.002276
3.782023 0.137374 0.002273
3.798697 0.120410 0.001859
3.815480 0.158569 0.002996
3.832727 0.143938 0.002238
3.848676 0.131431 0.002080
3.866447 0.150250 0.002699
3.882885 0.099839 0.001172
3.899126 0.129185 0.002676
3.915415 0.096050 0.001327
3.932394 0.109604 0.002125
3.948749 0.126859 0.002317
3.965668 0.110665 0.001693
3.982157 0.147750 0.002850
3.998970 0.146757 0.002359
4.015380 0.107069 0.001358
4.032263 0.082926 0.001279
4.048826 0.082105 0.001562
4.065606 0.141619 0.003050
4.081991 0.184822 0.003282
4.099004 0.134575 0.001742
4.115392 0.152563 0.002613
4.132172 0.116841 0.001913
4.148726 0.119103 0.002136
4.165637 0.123486 0.002166
4.181987 0.202183 0.004020
4.198990 0.076540 0.000276
4.215335 0.081011 0.001657
4.232237 0.110027 0.002340
4.248613 0.136480 0.002551
4.265548 0.141988 0.002368
4.281977 0.174509 0.003161
4.298853 0.114439 0.001234
4.315347 0.088199 0.001469
4.332017 0.109009 0.002204
4.348585 0.133610 0.002480
4.365641 0.127297 0.001980
4.381980 0.139173 0.002446
4.398819 0.104184 0.001357
4.415329 0.124183 0.002332
4.432222 0.090078 0.001372
4.448595 0.203025 0.004445
4.465394 0.149108 0.001656
4.481940 0.123099 0.001862
4.498840 0.119831 0.001995
4.515238 0.108087 0.001740
4.532164 0.116935 0.002115
4.548487 0.097054 0.001545
4.565470 0.154343 0.003136
4.582325 0.167291 0.002763
4.599076 0.072136 0.000286
4.615105 0.127899 0.002851
4.632128 0.115050 0.001785
4.648565 0.119450 0.002048
4.665237 0.145320 0.002631
4.681829 0.103324 0.001292
4.698818 0.135212 0.002612
4.715186 0.129137 0.002065
4.732034 0.154044 0.002791
4.748527 0.129945 0.001802
4.765424 0.137573 0.002708
4.781806 0.112772 0.001712
4.798756 0.130800 0.002480
4.815142 0.149289 0.002567
4.831902 0.151813 0.002617
4.848545 0.110962 0.001346
4.865208 0.110351 0.001928
4.881778 0.117960 0.002210
4.898434 0.130279 0.002513
4.916415 0.156720 0.002792
4.933221 0.121902 0.001655
4.949814 0.119398 0.002029
4.965095 0.119398 0.000000
4.982179 0.139636 0.003211
5.006149 0.111386 0.002660
Speed: 20
0.016618 0.014650 0.000400
0.033398 0.014312 0.000227
0.050015 0.021582 0.000711
0.065601 0.020654 0.000259
0.083291 0.015224 0.000544
0.103330 0.055879 0.001433
0.116611 0.101022 0.002007
0.133179 0.186388 0.003457
0.152450 0.254326 0.004159
0.166666 0.269702 0.004072
0.183207 0.316296 0.005004
0.201086 0.276977 0.003613
0.218927 0.298735 0.004897
0.233079 0.369921 0.006444
0.249999 0.297988 0.003780
0.266568 0.307826 0.005232
0.283203 0.353162 0.006078
0.300049 0.314433 0.004720
0.316595 0.381649 0.006867
0.334348 0.329413 0.004692
0.351199 0.344294 0.006047
0.367358 0.295978 0.004697
0.383159 0.347046 0.006517
0.399759 0.347046 0.000000
0.416451 0.339012 0.005858
0.433135 0.313189 0.009184
0.449644 0.372541 0.006552
0.466432 0.370482 0.005823
0.483053 0.391450 0.007277
0.499917 0.278140 0.003013
0.516688 0.278140 0.000000
0.533433 0.269382 0.005738
0.549899 0.296550 0.010784
0.566535 0.399735 0.007938
0.583264 0.324607 0.004281
0.600116 0.375314 0.007110
0.616515 0.289932 0.004027
0.633394 0.342973 0.006083
0.649893 0.315148 0.004940
0.666393 0.401335 0.007632
0.683302 0.370035 0.005520
0.699802 0.358478 0.005908
0.716551 0.352562 0.005695
0.733138 0.352562 0.000000
0.749823 0.274306 0.005869
0.766548 0.413798 0.005654
0.783263 0.445488 0.011686
0.799764 0.412168 0.006078
0.816551 0.323270 0.004419
0.836083 0.389093 0.007015
0.849775 0.303088 0.004529
0.866435 0.345321 0.005626
0.882940 0.355053 0.005940
0.899974 0.407776 0.007162
0.916442 0.423065 0.006957
0.933048 0.322472 0.004289
0.949636 0.335912 0.006507
0.966520 0.275061 0.003715
0.982989 0.338831 0.006966
0.999580 0.367463 0.006049
1.016341 0.367002 0.005998
1.033021 0.314773 0.004695
1.049606 0.323736 0.005673
1.066322 0.374584 0.006750
1.082953 0.322692 0.004796
1.099826 0.333950 0.005826
1.116473 0.398117 0.007148
1.133109 0.339881 0.005330
1.149664 0.403395 0.007953
1.166445 0.312997 0.003864
1.183015 0.312997 0.000000
1.199811 0.303439 0.010932
1.216279 0.395353 0.007435
1.233096 0.313018 0.004482
1.249678 0.443150 0.008122
1.266170 0.409781 0.006124
1.283156 0.292720 0.003683
1.300582 0.385366 0.007682
1.316470 0.268481 0.003291
1.336438 0.272799 0.006784
1.349728 0.375773 0.005830
1.366443 0.407514 0.006088
1.382760 0.407514 0.000000
1.399581 0.368900 0.007233
1.416217 0.376232 0.010034
1.432892 0.304768 0.004362
1.449661 0.367842 0.006833
1.466143 0.350482 0.005525
1.482875 0.389657 0.006829
1.499871 0.321523 0.004608
1.516305 0.296224 0.004951
1.533047 0.383363 0.007789
1.549635 0.296911 0.003874
1.566199 0.296911 0.000000
1.582922 0.293215 0.006149
1.599450 0.293215 0.000000
1.616241 0.331459 0.012207
1.632869 0.331459 0.000000
1.649516 0.301326 0.010422
1.666261 0.350534 0.011173
1.682930 0.366023 0.006104
1.699692 0.307100 0.004638
1.716409 0.344749 0.006124
1.733015 0.395594 0.007152
1.749594 0.318691 0.004382
1.766472 0.322763 0.005538
1.782793 0.322763 0.000000
1.799559 0.329058 0.006602
1.816021 0.309765 0.006498
1.833084 0.359416 0.010335
1.849493 0.392248 0.006844
1.866052 0.326378 0.004715
1.882851 0.353433 0.006706
1.899740 0.361348 0.005644
1.916088 0.331106 0.005232
1.932821 0.305905 0.005019
1.949420 0.332424 0.006372
1.966276 0.333779 0.005310
1.982900 0.331821 0.005828
1.999629 0.388948 0.006623
2.016045 0.356449 0.005432
2.032825 0.294071 0.004490
2.049509 0.341146 0.006072
2.066041 0.318909 0.005105
2.082802 0.383675 0.006915
2.099433 0.281525 0.003590
2.115969 0.338304 0.006372
2.133708 0.350969 0.006179
2.149229 0.334740 0.005144
2.166407 0.385172 0.006894
2.182685 0.336036 0.005095
2.199211 0.381887 0.006811
2.216028 0.313592 0.004506
2.232619 0.321329 0.005640
2.249145 0.389699 0.006879
2.265861 0.360274 0.005555
2.282701 0.318445 0.004993
2.299511 0.301504 0.004961
2.316070 0.374947 0.007115
2.332934 0.323602 0.004745
2.349310 0.306863 0.005341
2.366229 0.399537 0.007388
2.382719 0.330478 0.004816
2.403815 0.373006 0.006475
2.416040 0.326530 0.005462
2.433620 0.310485 0.004413
2.450225 0.370789 0.006884
2.467012 0.344099 0.005422
2.483641 0.316733 0.004996
2.500570 0.297532 0.004993
2.517140 0.309149 0.005393
2.533218 0.326441 0.005632
2.549354 0.344765 0.005986
2.567035 0.352376 0.005883
2.583694 0.341732 0.005473
2.600415 0.355946 0.006078
2.617010 0.316189 0.004861
2.633681 0.339475 0.005967
2.650250 0.356345 0.006087
2.665650 0.327589 0.005086
2.683416 0.372119 0.006648
2.700902 0.329170 0.005039
2.715826 0.327930 0.005519
2.732423 0.339907 0.005937
2.749279 0.302055 0.004925
2.765864 0.362563 0.006797
2.782555 0.360740 0.005767
2.799240 0.360740 0.000000
2.815769 0.367221 0.011887
2.832480 0.340936 0.005430
2.849076 0.315828 0.004861
2.865810 0.363931 0.006779
2.882432 0.273844 0.003871
2.899033 0.273844 0.000000
2.915860 0.297968 0.006671
2.932377 0.333621 0.010649
2.949037 0.354257 0.006153
2.965882 0.346426 0.005510
2.982741 0.373707 0.006451
2.998845 0.330041 0.005037
3.016984 0.349768 0.006086
3.036742 0.341898 0.005616
3.049093 0.369129 0.006469
3.065584 0.316242 0.004740
3.082413 0.341240 0.005969
3.099501 0.356555 0.006282
3.115720 0.366420 0.006160
3.133200 0.347181 0.005618
3.149003 0.298906 0.004507
3.166512 0.298906 0.000000
3.182396 0.291133 0.007001
3.203424 0.352146 0.011748
3.215711 0.364928 0.005428
3.232896 0.288106 0.004173
3.249064 0.354945 0.006561
3.266135 0.373563 0.006434
3.282258 0.374428 0.005984
3.299489 0.360625 0.005892
3.315667 0.361228 0.005877
3.332804 0.322914 0.005191
3.348995 0.303453 0.004892
3.366187 0.314128 0.005588
3.382198 0.350432 0.006203
3.399902 0.395921 0.006900
3.416189 0.342060 0.005021
3.432149 0.278721 0.004114
3.448802 0.365159 0.007110
3.468900 0.317894 0.004767
3.482989 0.389297 0.007225
3.502989 0.346606 0.005165
3.515689 0.312587 0.004898
3.533382 0.282354 0.004660
3.549581 0.371288 0.007209
3.566347 0.357264 0.006709
3.582402 0.320508 0.004042
3.600447 0.351175 0.006509
3.618105 0.358382 0.006058
3.632197 0.387019 0.006398
3.649925 0.319646 0.004574
3.665505 0.329235 0.005685
3.682222 0.318218 0.005327
3.698834 0.325634 0.005661
3.715548 0.330248 0.005520
3.734176 0.343663 0.005981
3.748935 0.307876 0.004731
3.767850 0.345244 0.006246
3.782098 0.339591 0.005656
3.802047 0.281100 0.004310
3.815444 0.269861 0.004519
3.832214 0.341338 0.006595
3.848939 0.339760 0.005465
3.865452 0.379656 0.006514
3.882194 0.322825 0.004658
3.898804 0.296804 0.004781
3.915609 0.362402 0.006908
3.932966 0.311610 0.004639
3.948731 0.371623 0.006701
3.966171 0.360777 0.005774
3.983268 0.314642 0.004831
3.998785 0.371218 0.006807
4.018262 0.307766 0.004419
4.031964 0.370391 0.006887
4.049772 0.329528 0.005006
4.065320 0.314301 0.005158
4.088449 0.320059 0.005536
4.098565 0.346926 0.006014
4.116475 0.342103 0.005599
4.133173 0.336719 0.005633
4.149112 0.336719 0.000000
4.166861 0.344163 0.011489
4.181990 0.319763 0.005167
4.198499 0.242582 0.003550
4.215285 0.339803 0.006766
4.231963 0.327708 0.005258
4.248583 0.357486 0.006144
4.265266 0.368179 0.006067
4.281854 0.304277 0.004361
4.298540 0.341592 0.006168
4.315192 0.361460 0.006115
4.331905 0.340055 0.005395
4.348531 0.318786 0.005115
4.365141 0.339699 0.005938
4.381921 0.324457 0.005378
4.398507 0.350626 0.006105
4.415138 0.268198 0.003672
4.431888 0.333950 0.006505
4.448504 0.387546 0.006903
4.465107 0.363523 0.005581
4.481742 0.357908 0.005932
4.498512 0.325609 0.005037
4.515159 0.296228 0.004790
4.531735 0.374341 0.007181
4.548536 0.299684 0.004253
4.565122 0.377859 0.007161
4.581728 0.376683 0.006090
4.598512 0.353971 0.005847
4.615118 0.334016 0.005097
4.631751 0.336028 0.005716
4.648533 0.374336 0.006595
4.665078 0.355738 0.005716
4.681733 0.300562 0.004517
4.698352 0.358126 0.006813
4.715160 0.362095 0.005972
4.731702 0.363886 0.006146
4.748371 0.357015 0.005720
4.765103 0.343778 0.005637
4.781698 0.348617 0.005889
4.798337 0.403499 0.007243
4.815097 0.329611 0.004660
4.831709 0.339331 0.006139
4.848372 0.300872 0.004770
4.865060 0.346920 0.006229
4.884642 0.371808 0.007034
4.901140 0.293201 0.003724
4.915050 0.354545 0.006733
4.931857 0.366186 0.006190
4.948396 0.306945 0.004545
4.965042 0.306945 0.000000
4.981861 0.302656 0.006249
4.998375 0.337959 0.011251
5.015992 0.386943 0.007195
Speed: 30
0.016566 0.024278 0.000674
0.033277 0.006257 0.000157
0.049946 0.005520 0.000197
0.066622 0.016579 0.000329
0.085864 0.015985 0.000401
0.100986 0.051450 0.001001
0.117473 0.140970 0.002916
0.134262 0.259224 0.004908
0.151702 0.354766 0.005861
0.167555 0.360443 0.004968
0.184361 0.397693 0.006123
0.201081 0.477774 0.007832
0.217605 0.495383 0.007477
0.234357 0.501715 0.007670
0.250957 0.492248 0.007499
0.271408 0.504518 0.008187
0.286012 0.532774 0.008815
0.301526 0.495398 0.007471
0.319917 0.473995 0.007534
0.333387 0.563130 0.011093
0.351023 0.512300 0.007157
0.370133 0.442757 0.009099
0.383155 0.688960 0.009600
0.399855 0.688960 0.000000
0.416325 0.610257 0.009837
0.433217 0.610257 0.000000
0.449761 0.682492 0.026787
0.466432 0.594280 0.008542
0.483042 0.580053 0.009559
0.499793 0.580053 0.000000
0.516322 0.555422 0.017838
0.532984 0.577172 0.009779
0.549691 0.591639 0.010165
0.566445 0.558947 0.009941
0.583068 0.503880 0.007811
0.599766 0.587259 0.009580
0.616363 0.587259 0.000000
0.633002 0.567886 0.018343
0.650840 0.615548 0.009782
0.667534 0.599730 0.009583
0.683012 0.580313 0.009433
0.699748 0.568350 0.009249
0.717502 0.593544 0.010171
0.734681 0.531670 0.008276
0.749727 0.587875 0.010512
0.766595 0.578022 0.009443
0.783270 0.557436 0.009159
0.802204 0.533021 0.008699
0.816341 0.577374 0.010187
0.833020 0.528411 0.009248
0.849522 0.513980 0.007644
0.869910 0.530481 0.010447
0.884018 0.633715 0.009800
0.900606 0.593295 0.009075
0.916302 0.569711 0.009152
0.933008 0.598857 0.010158
0.949515 0.530385 0.008108
0.966220 0.552710 0.009618
0.982932 0.637456 0.011358
0.999634 0.485194 0.006425
1.016143 0.534551 0.009812
1.032977 0.618925 0.011093
1.049531 0.592547 0.009324
1.066309 0.510590 0.008259
1.082918 0.569552 0.009653
1.099976 0.581612 0.009782
1.116352 0.531195 0.008128
1.133435 0.579227 0.010417
1.149689 0.622275 0.010408
1.166755 0.540730 0.008266
1.182948 0.540730 0.000000
1.199659 0.441456 0.008159
1.217412 0.535382 0.010758
1.232920 0.577745 0.017028
1.249679 0.642576 0.010928
1.266234 0.572910 0.008636
1.282914 0.504728 0.007888
1.299648 0.597918 0.011748
1.316306 0.554761 0.008243
1.332858 0.477170 0.007418
1.349501 0.559256 0.010264
1.366209 0.582182 0.009913
1.386130 0.566137 0.009141
1.400045 0.541062 0.008725
1.416590 0.569088 0.010070
1.432870 0.491844 0.008320
1.450556 0.577686 0.009194
1.466169 0.601239 0.009993
1.482722 0.602079 0.009885
1.499395 0.563201 0.008700
1.516148 0.533280 0.008724
1.532920 0.509372 0.009240
1.549463 0.509372 0.000000
1.566132 0.470303 0.009295
1.582753 0.606461 0.010020
1.599331 0.622704 0.018128
1.615918 0.591387 0.009387
1.632806 0.575854 0.008987
1.652898 0.565036 0.009394
1.665974 0.570013 0.009357
1.682825 0.572782 0.009793
1.699589 0.547121 0.008618
1.716551 0.584147 0.010394
1.732978 0.509151 0.008685
1.753381 0.565559 0.009702
1.766110 0.485321 0.006620
1.783320 0.485321 0.000000
1.799683 0.478721 0.011353
1.820102 0.536400 0.018155
1.832759 0.577041 0.008158
1.851325 0.566517 0.009357
1.867513 0.569745 0.010229
1.886607 0.597328 0.009331
1.902524 0.584989 0.009407
1.916059 0.540911 0.008482
1.935145 0.578294 0.010163
1.949474 0.533945 0.008805
1.966060 0.536858 0.008708
1.982712 0.537496 0.009073
1.999503 0.569000 0.009765
2.016084 0.569000 0.000000
2.032710 0.546788 0.018707
2.049345 0.626923 0.009520
2.066102 0.586671 0.009024
2.082556 0.594506 0.009826
2.099232 0.586636 0.009552
2.117000 0.535039 0.008411
2.132776 0.546288 0.009330
2.151747 0.540613 0.009019
2.166197 0.549231 0.009446
2.183613 0.550820 0.009184
2.199240 0.575209 0.009782
2.215899 0.554638 0.009054
2.232628 0.568745 0.009600
2.249747 0.593699 0.010281
2.265947 0.522740 0.007805
2.283058 0.547448 0.009721
2.299238 0.561379 0.009312
2.315921 0.524678 0.008454
2.332602 0.560310 0.009853
2.349270 0.595696 0.010107
2.365886 0.552606 0.008782
2.383054 0.524964 0.008579
2.399262 0.542735 0.009135
2.415862 0.543024 0.009146
2.432491 0.579939 0.009976
2.449675 0.561070 0.009237
2.465898 0.559090 0.009129
2.483042 0.559090 0.000000
2.499273 0.539283 0.017621
2.516364 0.480545 0.008680
2.532495 0.620706 0.009982
2.549555 0.573267 0.009204
2.565864 0.613406 0.009666
2.583227 0.565974 0.008930
2.599133 0.500067 0.007453
2.616510 0.500067 0.000000
2.632364 0.467971 0.011019
2.649181 0.467971 0.000000
2.665890 0.480746 0.016956
2.682974 0.566759 0.017586
2.699120 0.589945 0.009687
2.716346 0.525858 0.008296
2.732470 0.570019 0.009756
2.749571 0.540454 0.008866
2.765844 0.578517 0.009859
2.782944 0.586348 0.009910
2.799124 0.587039 0.009402
2.816325 0.528108 0.008439
2.832287 0.518511 0.008582
2.848986 0.496420 0.008163
2.865609 0.571354 0.010555
2.882904 0.580922 0.009755
2.899009 0.578769 0.009194
2.916143 0.533528 0.008614
2.932456 0.598700 0.010368
2.949597 0.580885 0.009567
2.965706 0.518667 0.007869
2.982868 0.542102 0.009634
2.999155 0.621078 0.010864
3.016172 0.607904 0.009939
3.032314 0.550077 0.008299
3.049520 0.531422 0.009057
3.065728 0.534504 0.008895
3.083031 0.602679 0.011145
3.099109 0.556805 0.008406
3.116208 0.556805 0.000000
3.132352 0.555917 0.018650
3.149730 0.587469 0.010473
3.165645 0.604566 0.009841
3.182824 0.561482 0.009081
3.199077 0.490238 0.007563
3.216137 0.562876 0.010510
3.232282 0.587675 0.009788
3.249513 0.576204 0.009670
3.265680 0.572344 0.009202
3.282778 0.584301 0.010052
3.298918 0.550780 0.008634
3.316127 0.541419 0.009229
3.332306 0.533024 0.008770
3.349420 0.506606 0.008491
3.365617 0.509139 0.008601
3.382829 0.563762 0.010000
3.398907 0.578378 0.009514
3.416186 0.553176 0.008987
3.432211 0.538000 0.008627
3.449414 0.546421 0.009497
3.465499 0.537769 0.008663
3.482865 0.550845 0.009621
3.498855 0.544253 0.008761
3.516109 0.543971 0.009249
3.532271 0.516304 0.008158
3.549360 0.565931 0.010286
3.565447 0.570948 0.009294
3.583101 0.536845 0.008653
3.598874 0.555494 0.009399
3.616097 0.567227 0.009805
3.632119 0.496219 0.007343
3.649808 0.523491 0.009442
3.665474 0.514170 0.008539
3.683374 0.572547 0.010334
3.698976 0.511033 0.008291
3.716704 0.552122 0.008925
3.732819 0.555630 0.009153
3.751903 0.614218 0.010840
3.768151 0.552187 0.008359
3.785661 0.521037 0.008341
3.800127 0.511096 0.008744
3.816781 0.619409 0.011260
3.835950 0.560679 0.008935
3.848824 0.543954 0.008542
3.865493 0.543127 0.009148
3.882202 0.557513 0.009246
3.900107 0.475007 0.007304
3.915608 0.530442 0.009450
3.933488 0.540755 0.009178
3.949592 0.532646 0.008784
3.966627 0.551453 0.009822
3.982213 0.531540 0.008617
3.998752 0.532269 0.008932
4.015525 0.526094 0.008664
4.032156 0.560850 0.009654
4.048768 0.555139 0.009081
4.066509 0.568955 0.009492
4.082155 0.518930 0.007872
4.099950 1.333514 0.037900
4.115468 1.005889 0.010606
4.133337 0.693796 0.009729
4.149478 0.693796 0.000000
4.166516 0.525635 0.016855
4.185158 0.441232 0.008137
4.198755 0.544754 0.008557
4.217831 0.488163 0.008707
4.232036 0.620974 0.010068
4.248822 0.587341 0.009055
4.265362 0.580604 0.009309
4.282339 0.555850 0.009061
4.298803 0.552426 0.009072
4.315430 0.529264 0.008616
4.332218 0.538309 0.009263
4.348825 0.545264 0.009190
4.365471 0.531065 0.008718
4.382003 0.547256 0.009239
4.398947 0.533017 0.008871
4.415404 0.520337 0.008489
4.433849 0.489105 0.008826
4.448740 0.611045 0.010216
4.467956 0.526505 0.008677
4.482004 0.569163 0.008317
4.501342 0.497405 0.008595
4.515360 0.608119 0.009389
4.532251 0.577397 0.008982
4.548598 0.563763 0.008915
4.565393 0.617226 0.010769
4.581914 0.536163 0.007853
4.598872 0.545420 0.009444
4.615320 0.515743 0.008316
4.632189 0.538022 0.009461
4.648502 0.545319 0.008991
4.665414 0.505608 0.008225
4.682679 0.510458 0.009034
4.698840 0.594586 0.010401
4.718079 0.526810 0.009092
4.731950 0.552207 0.007858
4.750872 0.506145 0.008971
4.765079 0.611223 0.009519
4.781803 0.595250 0.009374
4.798674 0.508257 0.007556
4.815142 0.551027 0.009584
4.832004 0.587160 0.010229
4.848516 0.509133 0.007655
4.865116 0.521554 0.008995
4.881642 0.483737 0.007752
4.898472 0.543679 0.009923
4.915173 0.504471 0.008002
4.931903 0.546509 0.009612
4.948387 0.544771 0.008866
4.966800 0.511985 0.009068
4.981654 0.517198 0.007798
5.000760 0.456945 0.008180
Speed: 40
0.016346 0.029789 0.000689
0.036553 0.029789 0.000000
0.052631 0.021471 0.000727
0.068675 0.017627 0.000199
0.081967 0.002378 0.000173
0.098595 0.071300 0.001589
0.115228 0.084180 0.001514
0.131933 0.084180 0.000000
0.149865 0.162794 0.003698
0.168181 0.162794 0.000000
0.183101 0.324660 0.012088
0.199591 0.535411 0.015656
0.215748 0.686316 0.011728
0.231833 0.665130 0.009386
0.248362 0.617543 0.008907
0.265184 0.624262 0.010011
0.281986 0.586359 0.010276
0.298700 0.795987 0.012771
0.315206 0.642946 0.008521
0.332025 0.610419 0.009185
0.348645 0.610419 0.000000
0.366735 0.574334 0.013727
0.383403 0.574334 0.000000
0.399702 0.631495 0.022734
0.418978 0.830278 0.022548
0.431787 0.781974 0.013158
0.449972 0.817264 0.012269
0.468162 0.746212 0.011626
0.481941 0.743269 0.012865
0.498652 0.836269 0.013077
0.515122 0.821438 0.013003
0.531858 0.751280 0.011647
0.548643 0.731728 0.012202
0.565252 0.701216 0.012725
0.581821 0.714641 0.011923
0.598471 0.714641 0.000000
0.615227 0.697064 0.013444
0.631845 0.697064 0.000000
0.648629 0.690861 0.025054
0.666967 0.827497 0.026159
0.681913 0.797332 0.012897
0.698562 0.744593 0.011761
0.715221 0.742991 0.012458
0.731907 0.768082 0.013207
0.748559 0.767591 0.012738
0.765272 0.724346 0.011690
0.782917 0.731675 0.012478
0.799667 0.743302 0.012782
0.816262 0.770113 0.012994
0.832886 0.770544 0.012781
0.851833 0.738312 0.013528
0.869212 0.829395 0.012866
0.883808 0.741803 0.012689
0.898357 0.827534 0.012320
0.914949 0.819466 0.013284
0.931695 0.799880 0.012792
0.948352 0.759915 0.012309
0.964828 0.780246 0.013107
0.981821 0.780246 0.000000
0.998394 0.675340 0.012874
1.014925 0.752928 0.024205
1.031832 0.796614 0.013667
1.048431 0.796614 0.000000
1.078348 0.755141 0.023913
1.082079 0.723435 0.011737
1.099181 0.793057 0.014039
1.113747 0.789283 0.012002
1.130374 0.784412 0.012975
1.147313 0.806991 0.013575
1.163770 0.805087 0.013141
1.180362 0.752948 0.012058
1.199426 0.724342 0.011960
1.213797 0.781845 0.013736
1.230424 0.805303 0.013686
1.247113 0.758535 0.012126
1.263946 0.757122 0.012598
1.282700 0.712733 0.012447
1.299417 0.722997 0.012320
1.315975 0.687400 0.011323
1.332736 0.780177 0.014098
1.348255 0.789378 0.013051
1.365881 0.801902 0.013141
1.382944 0.836286 0.014395
1.399208 0.799704 0.012405
1.418441 0.694519 0.012211
1.432531 0.744950 0.011112
1.451007 0.744950 0.000000
1.465992 0.791676 0.027157
1.482078 0.738048 0.012052
1.498337 0.729377 0.012323
1.514819 0.770473 0.012929
1.531782 0.788622 0.013319
1.548244 0.808871 0.013624
1.565022 0.774591 0.012455
1.581561 0.791400 0.013187
1.598440 0.790125 0.013224
1.614826 0.764262 0.012451
1.631498 0.764262 0.000000
1.648212 0.776277 0.026420
1.664883 0.686385 0.011988
1.681499 0.762014 0.011869
1.698327 0.762014 0.000000
1.714799 0.751613 0.014417
1.731336 0.782008 0.024288
1.748247 0.774360 0.012602
1.764793 0.814357 0.013836
1.781453 0.768532 0.012278
1.798131 0.728709 0.011870
1.814859 0.743980 0.012644
1.831393 0.760245 0.013019
1.848031 0.736313 0.012421
1.865452 0.735206 0.011969
1.881407 0.762556 0.013009
1.899090 0.770554 0.012819
1.917341 0.696766 0.011897
1.932404 0.783514 0.012729
1.948900 0.783514 0.000000
1.965674 0.811649 0.026485
1.984031 0.698833 0.012133
1.997964 0.774537 0.011560
2.014691 0.799129 0.013352
2.031609 0.771155 0.012396
2.047776 0.765230 0.012512
2.064603 0.766376 0.012776
2.081192 0.753147 0.012399
2.097923 0.746590 0.012435
2.114458 0.756925 0.012709
2.131312 0.661575 0.011632
2.147835 0.837591 0.013839
2.164638 0.723032 0.011205
2.181231 0.795978 0.012767
2.198005 0.795978 0.000000
2.214593 0.799513 0.025270
2.231399 0.799513 0.000000
2.247998 0.777226 0.024539
2.264575 0.787468 0.013017
2.281241 0.744210 0.011925
2.298444 0.783534 0.013769
2.314580 0.777988 0.012487
2.331260 0.750602 0.013145
2.347901 0.755857 0.011716
2.368709 0.747011 0.012422
2.381227 0.782949 0.013588
2.398114 0.780433 0.013292
2.414846 0.742005 0.012358
2.431305 0.758150 0.011992
2.448169 0.706109 0.013125
2.465996 0.833265 0.012732
2.481397 0.833265 0.000000
2.497925 0.824936 0.025391
2.514668 0.805111 0.012838
2.531354 0.780294 0.012614
2.547888 0.770219 0.012666
2.564721 0.769357 0.012871
2.583783 0.736906 0.012117
2.598609 0.798864 0.013989
2.614771 0.728817 0.012137
2.631517 0.782293 0.012648
2.647755 0.782293 0.000000
2.664515 0.800301 0.026377
2.681408 0.742212 0.012358
2.697951 0.742212 0.000000
2.714522 0.719387 0.023907
2.731306 0.719387 0.000000
2.747942 0.657006 0.013483
2.767304 0.718464 0.023540
2.788951 0.773385 0.013362
2.809479 0.625250 0.012255
2.815222 1.136684 0.012704
2.831332 1.067404 0.013369
2.847773 0.947075 0.012349
2.864493 0.877621 0.012618
2.881061 0.793474 0.011806
2.897906 0.765336 0.012296
2.914455 0.693800 0.011889
2.931116 0.790213 0.013254
2.947930 1.652343 0.041569
2.964554 1.268990 0.014696
2.982341 0.822431 0.010056
2.998057 0.690462 0.010684
3.014533 0.622325 0.010737
3.031161 0.641234 0.012055
3.048058 0.683772 0.012789
3.064608 0.674952 0.011456
3.081287 0.673626 0.011536
3.097812 0.700066 0.012075
3.114624 0.685473 0.011509
3.131197 0.685850 0.011473
3.147853 0.687669 0.011541
3.164483 0.718455 0.012322
3.181669 0.752188 0.013171
3.197737 0.785306 0.012739
3.214556 0.754780 0.012164
3.231069 0.750835 0.012274
3.247853 0.722494 0.011815
3.264474 0.697326 0.011482
3.281377 0.689931 0.011758
3.297697 0.730213 0.012444
3.314580 0.707183 0.011672
3.331073 0.722836 0.012187
3.348062 0.718847 0.012194
3.364339 0.754711 0.012590
3.382815 0.704899 0.012369
3.398543 0.754427 0.012345
3.415373 0.683740 0.010821
3.430944 0.688055 0.010910
3.450080 0.708455 0.013884
3.464401 0.771715 0.011574
3.484291 0.656665 0.011478
3.498372 0.791044 0.012240
3.518498 0.735810 0.013441
3.531321 0.854581 0.011627
3.547586 0.806617 0.011952
3.564310 0.777803 0.012354
3.580916 0.738840 0.011767
3.597765 0.719733 0.011994
3.614367 0.715849 0.011979
3.630965 0.726993 0.012257
3.647719 0.700602 0.011579
3.664287 0.670474 0.010954
3.680967 0.768732 0.014052
3.697959 0.773934 0.012936
3.714338 0.759679 0.012168
3.731048 0.714662 0.011434
3.748738 0.736653 0.013410
3.764156 0.725323 0.011095
3.780952 0.760104 0.013137
3.797482 0.752063 0.012315
3.814414 0.734871 0.012262
3.830921 0.665311 0.010424
3.847652 0.724515 0.012981
3.864206 0.745264 0.012503
3.880992 0.775558 0.013186
3.897463 0.790853 0.012991
3.914073 0.732967 0.011471
3.930819 0.731274 0.012368
3.947617 0.727025 0.012246
3.964095 0.721916 0.011935
3.980831 0.735596 0.012513
3.997465 0.798383 0.013856
4.014306 0.757634 0.012158
4.031002 0.747634 0.012364
4.047747 0.736144 0.012246
4.064230 0.762220 0.012846
4.081018 0.682835 0.010725
4.097599 0.764356 0.013672
4.114097 0.761356 0.012414
4.130761 0.731606 0.011846
4.147500 0.738269 0.012483
4.164142 0.727614 0.012034
4.180708 0.709146 0.011650
4.197493 0.718145 0.012256
4.214372 0.709342 0.011957
4.231093 0.731990 0.012512
4.247665 0.775031 0.013174
4.264342 0.774633 0.012702
4.281035 0.705371 0.011019
4.297749 0.739109 0.012823
4.313272 0.752735 0.011789
4.329667 0.755620 0.012367
4.346346 0.770355 0.012947
4.363007 0.783272 0.013051
4.379738 0.770871 0.012659
4.396313 0.732044 0.011779
4.413160 0.627868 0.009783
4.429704 0.679041 0.012196
4.446070 0.762981 0.013371
4.463062 0.791439 0.013464
4.479449 0.842519 0.013964
4.498268 0.657340 0.010028
4.513047 0.676320 0.010423
4.529748 0.749992 0.013341
4.546258 0.763627 0.012573
4.562800 0.788636 0.013108
4.579616 0.758881 0.012246
4.596790 0.700717 0.011469
4.612955 0.694049 0.011353
4.629777 0.738568 0.013056
4.646181 0.773376 0.012922
4.662775 0.716540 0.011220
4.679629 0.739905 0.012778
4.696170 0.740139 0.012214
4.714945 0.673971 0.012028
4.732482 0.713660 0.013138
4.748225 0.739639 0.011869
4.763784 0.728453 0.011153
4.780458 0.853399 0.015283
4.797166 0.732368 0.010656
4.815119 0.784738 0.014688
4.831277 0.784738 0.000000
4.847275 0.784738 0.000000
4.863875 0.784738 0.000000
4.880592 0.784738 0.000000
4.897241 0.777000 0.060405
4.913820 0.777000 0.000000
4.930567 0.749292 0.024112
4.947199 0.658659 0.010243
4.963936 0.748460 0.013825
4.980661 0.748460 0.000000
4.997146 0.748460 0.000000
5.014906 0.759400 0.038040
Speed: 50
0.016900 0.017968 0.000854
0.033397 0.061675 0.001273
0.050094 0.015688 0.001168
0.066812 0.024501 0.000364
0.083564 0.028804 0.000963
0.099971 0.029039 0.000553
0.116744 0.085418 0.001848
0.133420 0.240116 0.005036
0.150026 0.410587 0.007538
0.166606 0.525445 0.008262
0.183474 0.575213 0.008469
0.203865 0.600865 0.008842
0.216384 0.600865 0.000000
0.233133 0.658509 0.011809
0.249837 0.779461 0.022248
0.266465 0.786607 0.012463
0.283247 0.756576 0.011360
0.299746 0.778833 0.012661
0.316481 0.841347 0.014216
0.333038 0.855986 0.013542
0.349760 0.860761 0.013774
0.366352 0.868295 0.014324
0.382984 0.913923 0.015252
0.399744 0.911744 0.014594
0.416380 0.865752 0.013968
0.433003 0.844800 0.013719
0.449770 0.844800 0.000000
0.466376 0.816745 0.015862
0.483034 0.816745 0.000000
0.499708 0.820812 0.027737
0.516345 0.981822 0.032950
0.532980 0.995151 0.016226
0.549616 0.951912 0.015253
0.566330 0.901915 0.014972
0.582961 0.951076 0.015924
0.599635 0.906486 0.015570
0.616356 0.926871 0.014784
0.632943 0.948166 0.016831
0.649588 0.964809 0.015986
0.666347 0.899493 0.014910
0.682927 0.975648 0.015524
0.699557 0.980821 0.016688
0.716151 1.015835 0.016783
0.733078 0.986786 0.015951
0.749736 0.947186 0.015375
0.766309 0.947186 0.000000
0.783002 0.945940 0.031690
0.799684 0.945940 0.000000
0.816222 0.862707 0.016622
0.832974 0.947747 0.016849
0.849579 0.932090 0.015230
0.866200 0.912375 0.014737
0.882976 1.015655 0.032342
0.899577 1.003126 0.016383
0.916190 0.896573 0.013991
0.933379 0.985413 0.017533
0.951467 0.992201 0.016463
0.966831 1.059949 0.018275
0.987002 0.875731 0.014448
0.999980 1.032013 0.016007
1.019301 1.031807 0.016757
1.034256 0.836208 0.011995
1.051676 0.964320 0.017793
1.067128 1.028141 0.017355
1.083932 1.046738 0.017243
1.099563 0.971732 0.015419
1.116318 0.952839 0.015660
1.132829 0.982591 0.016661
1.149548 0.974811 0.016402
1.166206 0.951698 0.016844
1.185006 0.968119 0.015549
1.201001 0.968119 0.000000
1.216858 0.835826 0.015906
1.236860 0.876981 0.015822
1.252283 0.988684 0.032282
1.266571 1.010666 0.016328
1.283015 1.025162 0.015588
1.300633 1.046020 0.017315
1.317406 1.028198 0.016726
1.336917 0.952464 0.015024
1.350584 0.944080 0.015933
1.368528 0.948461 0.016193
1.382751 0.947899 0.015988
1.399443 1.010657 0.017225
1.416195 0.910585 0.015607
1.432825 1.025320 0.016537
1.449458 1.025320 0.000000
1.465998 1.006386 0.031906
1.482923 0.936652 0.015849
1.499465 1.007605 0.015953
1.516095 0.974649 0.015744
1.532794 0.991010 0.016478
1.549451 0.960611 0.015638
1.566033 0.946465 0.015783
1.582679 1.022483 0.017746
1.599423 1.025777 0.016880
1.616175 1.025777 0.000000
1.632791 0.981017 0.031219
1.649534 0.917547 0.015592
1.666141 0.913907 0.014302
1.682805 0.953656 0.016315
1.699499 0.953656 0.000000
1.716118 0.952259 0.032209
1.732727 1.047949 0.017516
1.749700 0.977635 0.015227
1.766165 0.984500 0.016547
1.782933 0.960391 0.015847
1.799414 0.995233 0.016691
1.816217 1.008038 0.017090
1.832670 0.984929 0.015970
1.849366 0.894243 0.015059
1.865920 0.949680 0.015597
1.882701 1.027536 0.018314
1.899304 1.036785 0.016605
1.916038 1.036785 0.000000
1.932624 0.970018 0.030184
1.949369 0.970018 0.000000
1.965924 0.986937 0.032646
1.982715 0.988864 0.016578
1.999343 0.972368 0.015930
2.015929 0.962804 0.016509
2.032659 1.030691 0.017278
2.049264 0.989324 0.016081
2.066091 0.942889 0.015247
2.082647 0.952173 0.016242
2.099263 0.954970 0.016009
2.115862 0.938672 0.015598
2.132667 0.943841 0.015912
2.149264 0.966397 0.016349
2.165757 0.966397 0.000000
2.184746 0.962229 0.034142
2.199946 0.902468 0.014631
2.215923 1.027741 0.015546
2.232453 0.996832 0.016048
2.249255 0.943237 0.015557
2.267408 1.004877 0.016770
2.282616 0.998333 0.016815
2.300554 0.999147 0.015817
2.317583 0.886515 0.013911
2.332414 0.961630 0.016298
2.349245 1.015443 0.017451
2.365917 0.983556 0.015941
2.382758 0.895674 0.014081
2.399155 0.907404 0.015626
2.416105 0.971369 0.016876
2.432610 0.958513 0.015747
2.450620 0.885240 0.014088
2.465858 0.955931 0.016757
2.482757 0.955931 0.000000
2.500579 1.273169 0.055115
2.517437 1.105208 0.016461
2.532594 1.021586 0.015266
2.549352 0.947698 0.015569
2.565882 0.926397 0.015589
2.583803 0.840947 0.014772
2.600210 0.872942 0.015210
2.617657 0.870139 0.015525
2.633646 0.865513 0.014080
2.650995 0.870065 0.015419
2.667537 0.881835 0.014839
2.684553 0.967069 0.017275
2.700754 0.954442 0.015071
2.716084 0.966431 0.014788
2.732626 0.916635 0.014577
2.749144 0.993307 0.017137
2.780559 0.723545 0.017375
2.783996 2.536136 0.011952
2.800222 3.099865 0.020039
2.817684 2.953538 0.017163
2.832363 2.377652 0.013471
2.850365 1.963598 0.015460
2.865852 1.575922 0.013835
2.882358 1.318591 0.014984
2.899179 1.131648 0.014904
2.915719 1.032075 0.015185
2.932289 0.998744 0.015909
2.948415 0.982081 0.015588
2.964625 0.964666 0.015470
2.982555 0.877706 0.014998
2.998014 0.944026 0.015452
3.016872 0.864987 0.015530
3.031235 0.943922 0.014356
3.047927 0.949329 0.015719
3.064623 0.972893 0.016307
3.081394 0.937412 0.015195
3.097787 0.946370 0.015596
3.114690 0.937133 0.015708
3.131198 0.914821 0.014924
3.147948 0.947571 0.016257
3.164608 0.951081 0.015810
3.181397 0.904487 0.014736
3.197870 0.985622 0.017077
3.214576 0.927587 0.014764
3.231165 0.932996 0.015588
3.247901 0.899220 0.014789
3.264497 0.957888 0.016567
3.281405 0.957075 0.016044
3.297748 0.914903 0.014523
3.314547 0.923180 0.015690
3.331161 0.960932 0.016336
3.347933 0.970356 0.016229
3.364368 0.915010 0.014443
3.381413 0.878821 0.014919
3.398332 0.909292 0.015953
3.415282 0.934700 0.016132
3.431144 0.932057 0.014737
3.448181 0.929530 0.015805
3.464543 0.907046 0.014676
3.482013 0.902307 0.015811
3.497920 0.979587 0.016343
3.517106 0.930244 0.017024
3.533068 0.935523 0.014949
3.550430 0.908849 0.015509
3.566535 0.933440 0.015327
3.583584 0.920533 0.015534
3.600017 0.887711 0.014321
3.616759 0.875417 0.014699
3.633305 0.946919 0.016444
3.650337 0.938490 0.015722
3.666625 0.940070 0.015238
3.683548 0.956595 0.016315
3.700038 0.971436 0.016034
3.716744 0.939217 0.015253
3.733001 0.940299 0.015317
3.750269 0.828671 0.013326
3.766710 0.895935 0.015758
3.783491 0.915374 0.015639
3.800056 0.941706 0.015806
3.818208 0.921327 0.016366
3.833111 0.969276 0.014792
3.850609 0.904550 0.014969
3.867911 0.905901 0.015767
3.882201 0.970100 0.014381
3.898699 0.926840 0.014655
3.915291 0.926840 0.000000
3.932106 0.928756 0.030950
3.949806 0.878862 0.015074
3.965475 0.878862 0.000000
3.982395 0.975645 0.034264
3.998764 0.975645 0.000000
4.018107 0.928117 0.031933
4.032200 1.036479 0.015442
4.049196 1.036479 0.000000
4.065579 1.012877 0.031341
4.082155 0.953283 0.015037
4.098794 0.969299 0.016298
4.115599 0.969266 0.016235
4.132048 0.862018 0.013272
4.151685 0.833886 0.016662
4.166273 1.043309 0.017165
4.183023 0.909276 0.013413
4.199586 0.947014 0.016059
4.216309 0.993468 0.016882
4.235541 0.926947 0.016785
4.248720 0.981018 0.013323
4.265356 1.007578 0.016791
4.282010 0.976825 0.015750
4.298575 0.976825 0.000000
4.315400 0.976825 0.000000
4.332096 0.992735 0.049150
4.348614 0.946081 0.015125
4.365394 0.978196 0.016829
4.381896 0.963105 0.015730
4.398599 0.988451 0.016759
4.416498 0.913550 0.015561
4.432449 0.975420 0.016282
4.449405 0.936801 0.015522
4.466038 0.855570 0.013636
4.483111 0.990925 0.018566
4.499238 0.990925 0.000000
4.515233 1.009434 0.031960
4.532008 0.877871 0.013402
4.548669 0.677783 0.010436
4.565068 0.870362 0.017328
4.582986 0.870362 0.000000
4.598438 0.870362 0.000000
4.616485 0.870362 0.000000
4.631782 0.870362 0.000000
4.650119 0.870362 0.000000
4.665012 0.870362 0.000000
4.683248 0.870362 0.000000
4.699419 0.870362 0.000000
4.715159 0.870362 0.000000
4.733066 0.870362 0.000000
4.749353 0.870362 0.000000
4.765080 0.870362 0.000000
4.781682 0.870362 0.000000
4.798469 0.870362 0.000000
4.815071 0.870362 0.000000
4.831699 0.870362 0.000000
4.848403 0.870362 0.000000
4.865236 0.870362 0.000000
4.883569 0.870362 0.000000
4.898406 0.870362 0.000000
4.915109 0.870362 0.000000
4.931698 0.870362 0.000000
4.948437 0.870362 0.000000
4.965142 0.870362 0.000000
4.981753 0.870362 0.000000
4.998352 0.870362 0.000000
5.015235 0.870362 0.000000
Speed: 60
0.015011 0.021178 0.000420
0.031951 0.010020 0.000230
0.048803 0.005827 0.000302
0.065129 0.073664 0.001877
0.079512 0.082313 0.003021
0.096119 0.013030 0.001266
0.112969 0.035063 0.001047
0.129469 0.255208 0.006075
0.148025 0.392284 0.006739
0.162652 0.474009 0.007227
0.181218 0.546359 0.008385
0.196001 0.630828 0.010430
0.214470 0.758487 0.012191
0.229284 0.758487 0.000000
0.248536 0.758037 0.012714
0.262614 0.758037 0.000000
0.281389 0.887746 0.026664
0.295891 0.957666 0.027859
0.314499 0.992496 0.014163
0.329239 0.985468 0.016328
0.348744 0.975005 0.014621
0.362713 1.097382 0.019902
0.381798 1.039892 0.015251
0.397934 0.946788 0.015421
0.412692 0.913792 0.015193
0.429264 1.045269 0.017413
0.445879 1.137341 0.019246
0.462981 1.077393 0.016672
0.479337 1.024964 0.016535
0.498345 1.180984 0.020902
0.512541 1.031717 0.016687
0.531911 1.143149 0.017975
0.545850 1.225985 0.020767
0.562540 1.116495 0.016906
0.579364 1.116495 0.000000
0.595955 1.013036 0.018958
0.612571 1.012889 0.018016
0.629308 1.149867 0.036595
0.646030 1.160580 0.019295
0.662621 1.191472 0.020116
0.679454 1.195403 0.019531
0.696114 1.145493 0.018620
0.712832 1.115448 0.018296
0.729280 1.181324 0.020469
0.747749 1.122101 0.018082
0.762690 1.080069 0.017811
0.781309 1.162621 0.020193
0.796618 1.132187 0.018590
0.813800 1.196010 0.020597
0.830248 1.162266 0.018625
0.847059 1.253720 0.021715
0.863585 1.123504 0.017161
0.880345 1.119629 0.018779
0.896978 1.180232 0.020554
0.913752 1.142358 0.018483
0.930176 1.197203 0.020473
0.947079 1.138497 0.018491
0.962679 1.151079 0.020658
0.980443 1.212845 0.019437
0.996984 1.213433 0.019881
1.013690 1.212308 0.020046
1.030411 1.156942 0.018631
1.047040 1.203598 0.020661
1.062504 1.188819 0.019475
1.080313 1.184418 0.019787
1.096857 1.126503 0.018177
1.113565 1.204601 0.020980
1.130247 1.174565 0.019270
1.146962 1.186400 0.020034
1.162476 1.233508 0.020741
1.179188 1.197466 0.019528
1.196788 1.152601 0.018758
1.213452 1.181390 0.020353
1.229028 1.186734 0.019627
1.249264 1.178006 0.019680
1.263233 1.178006 0.000000
1.282091 1.173496 0.039033
1.296718 1.228269 0.020937
1.316835 1.217412 0.019929
1.340221 1.145440 0.018500
1.366953 1.156090 0.039408
1.371793 1.156090 0.000000
1.379525 1.133915 0.019192
1.395772 1.171296 0.019727
1.412470 1.171296 0.000000
1.429089 1.185701 0.039641
1.445809 1.188423 0.019876
1.462513 1.177814 0.019384
1.479092 1.152912 0.019208
1.495810 1.153713 0.019165
1.512457 1.152131 0.019317
1.529882 1.185686 0.020226
1.545686 1.193942 0.019929
1.565081 1.189227 0.019516
1.579098 1.140812 0.018582
1.598154 1.112622 0.018458
1.612378 1.112622 0.000000
1.628988 1.078505 0.021827
1.645611 1.178596 0.037926
1.664860 1.117443 0.019336
1.680128 1.210020 0.019492
1.696561 1.261636 0.021024
1.713362 1.195499 0.018989
1.731258 1.193931 0.019960
1.747204 1.167631 0.020361
1.763676 1.179172 0.018600
1.780323 1.193756 0.020117
1.796808 1.238218 0.020838
1.813638 1.162926 0.018544
1.830292 1.201088 0.020556
1.850471 1.183406 0.019731
1.863513 1.216502 0.020433
1.886824 1.119788 0.018254
1.896542 1.153206 0.019076
1.912268 1.153206 0.000000
1.928884 1.144517 0.039170
1.945955 1.131451 0.021340
1.962298 1.238645 0.017893
1.978927 1.212150 0.019536
1.995682 1.162061 0.019146
2.012330 2.191222 0.052905
2.029184 1.812849 0.023636
2.045705 1.291610 0.016088
2.062222 1.142763 0.018850
2.078836 1.021119 0.017204
2.095576 1.012891 0.018394
2.112157 0.967209 0.016804
2.128924 0.982169 0.017711
2.148526 0.982407 0.020313
2.162173 1.182855 0.017932
2.178880 1.184415 0.019180
2.196516 1.155044 0.019587
2.213394 1.062822 0.016887
2.229860 1.078929 0.018159
2.246692 1.150004 0.020115
2.262138 1.230172 0.019450
2.278907 1.126537 0.017445
2.296501 1.032481 0.017351
2.313213 1.092197 0.019190
2.329976 1.097510 0.018490
2.346494 1.131023 0.018980
2.363231 1.078395 0.017468
2.378730 1.142377 0.018324
2.396699 1.115541 0.019560
2.413337 1.187687 0.020333
2.430851 1.057987 0.016977
2.449160 1.057987 0.000000
2.463704 1.051764 0.035470
2.480596 1.102105 0.019275
2.496616 1.182381 0.019553
2.514758 1.127088 0.019464
2.529374 1.196629 0.017954
2.547769 1.061867 0.017777
2.563208 1.219799 0.020288
2.579812 1.202542 0.019289
2.596467 1.142263 0.018195
2.614321 1.125354 0.019946
2.628557 1.164098 0.016950
2.645540 1.155826 0.019423
2.665097 1.079503 0.020236
2.678966 1.199262 0.017646
2.695363 1.158445 0.018238
2.712039 1.178604 0.019668
2.728866 1.130571 0.018400
2.745341 1.210150 0.020661
2.762128 1.088365 0.016905
2.778722 1.157441 0.020092
2.795422 1.096678 0.017796
2.812128 1.157032 0.020050
2.828800 1.180250 0.019769
2.845318 1.094224 0.017164
2.862293 1.108765 0.019191
2.878698 1.053126 0.016911
2.895650 1.144490 0.020563
2.913623 1.098589 0.019178
2.928557 1.197511 0.018708
2.945136 1.184933 0.019168
2.961840 1.145158 0.018538
2.979131 1.109376 0.018840
2.995244 1.143531 0.018829
3.012362 1.081593 0.017912
3.028661 1.179943 0.020258
3.046394 1.131598 0.019312
3.061847 1.200825 0.019134
3.078509 1.122484 0.017735
3.095185 1.109203 0.018496
3.111792 1.134391 0.019176
3.128507 1.157818 0.019561
3.145135 1.158120 0.019143
3.161744 1.139542 0.018670
3.178408 1.110620 0.018275
3.195103 1.102858 0.018470
3.211770 1.182596 0.020548
3.228376 1.165107 0.018956
3.245197 1.089123 0.017578
3.261747 1.104370 0.018640
3.278518 1.123868 0.019129
3.295112 1.123868 0.000000
3.311863 1.118509 0.037206
3.328397 1.118509 0.000000
3.345161 1.238394 0.043395
3.361758 1.082625 0.016441
3.378441 1.082625 0.000000
3.394992 1.089018 0.038197
3.411797 1.121191 0.019461
3.428406 1.165011 0.019864
3.445054 1.177722 0.019619
3.461763 1.170694 0.019396
3.478951 1.065037 0.017326
3.495013 1.090648 0.018118
3.511821 1.179613 0.020814
3.528418 1.154196 0.018698
3.546167 1.124684 0.019610
3.561787 1.219249 0.019863
3.578915 1.165739 0.019097
Speed: 70
0.016508 0.060268 0.001114
0.033111 0.030848 0.001507
0.049639 0.006307 0.000288
0.066583 0.083585 0.002053
0.083040 0.063796 0.002663
0.098393 0.054545 0.002091
0.116355 0.176528 0.003928
0.131863 0.394671 0.007857
0.149600 0.441109 0.006360
0.172470 0.561659 0.009210
0.182905 0.618738 0.009292
0.199737 0.760655 0.012689
0.220726 0.842626 0.013766
0.235163 0.802065 0.011948
0.251713 0.802065 0.000000
0.268483 0.785072 0.014870
0.285836 0.888262 0.016725
0.299563 1.179820 0.031117
0.315052 1.137200 0.017157
0.331696 1.178452 0.018922
0.348283 1.133598 0.017835
0.367720 1.113184 0.017635
0.382034 1.096488 0.020564
0.399767 1.170451 0.017009
0.415088 1.170451 0.000000
0.434749 1.235161 0.040278
0.448318 1.235161 0.000000
0.465027 1.239185 0.039684
0.481564 1.235949 0.021759
0.502010 1.192987 0.020410
0.516124 1.369425 0.020662
0.531562 1.255639 0.020461
0.548411 1.358433 0.021405
0.564927 1.373260 0.022435
0.581833 1.246130 0.020364
0.598305 1.291007 0.020766
0.614948 1.337431 0.022448
0.631642 1.295718 0.020793
0.648848 1.300643 0.021992
0.665030 1.300643 0.000000
0.681464 1.268020 0.043749
0.698211 1.268020 0.000000
0.714887 1.236443 0.022918
0.731435 1.378810 0.042749
0.748085 1.376913 0.022897
0.764818 1.355847 0.022020
0.781467 1.378798 0.023127
0.798035 1.315432 0.021377
0.814798 1.284163 0.021206
0.831450 1.370692 0.023884
0.848081 1.443298 0.024491
0.864692 1.443298 0.000000
0.881497 1.400792 0.044197
0.898165 1.387253 0.022771
0.914828 1.368749 0.022605
0.931593 1.370529 0.022675
0.948145 1.324742 0.021845
0.965993 1.403947 0.024276
0.982645 1.374558 0.022322
0.999320 1.353238 0.022462
1.016032 1.372194 0.023063
1.032504 1.446769 0.024524
1.049351 1.400192 0.022769
1.065850 1.370004 0.022409
1.082739 1.335084 0.022128
1.100852 1.318967 0.023928
1.114875 1.318967 0.000000
1.131417 1.229285 0.022928
1.148124 1.286172 0.022003
1.166030 1.436344 0.045490
1.182487 1.454758 0.023877
1.199380 1.431500 0.023526
1.215845 1.414746 0.023250
1.231363 1.377010 0.022532
1.248277 1.286796 0.023308
1.266303 1.404809 0.021937
1.281478 1.293137 0.023336
1.298080 1.472423 0.022421
1.314747 1.476950 0.023971
1.331323 1.385423 0.022292
1.348050 1.388256 0.022817
1.364846 1.319968 0.021321
1.381498 1.311907 0.024242
1.398020 1.446073 0.022699
1.414856 1.338796 0.023618
1.431583 1.382384 0.020922
1.448118 1.442372 0.023912
1.465903 1.451128 0.023938
1.482354 1.372523 0.021639
1.498292 1.372523 0.000000
1.516381 1.386419 0.047237
1.533403 1.351376 0.022506
1.550301 1.307945 0.021539
1.564890 1.380318 0.023465
1.581455 1.386734 0.022965
1.597920 1.386734 0.000000
1.614746 1.267154 0.024146
1.631394 1.269945 0.022228
1.649199 1.421408 0.045058
1.667076 1.302396 0.023018
1.681213 1.460920 0.022492
1.698026 1.460920 0.000000
1.714593 1.462383 0.046621
1.731272 1.450049 0.023694
1.747973 1.354950 0.021641
1.764659 1.375967 0.023686
1.781320 1.348585 0.021858
1.798081 1.398648 0.023991
1.814618 1.369705 0.022517
1.832478 1.298347 0.021293
1.848108 2.011996 0.047356
1.864734 1.703860 0.023201
1.882717 1.320471 0.020051
1.897873 1.304455 0.020790
1.914777 1.294965 0.022492
1.931259 1.273204 0.021315
1.947769 1.228257 0.020351
1.965720 1.173426 0.021184
1.983303 1.194430 0.021935
1.997699 1.349787 0.020882
2.014579 1.323924 0.021646
2.031123 1.335109 0.021944
2.047851 1.308175 0.021419
2.064456 1.286923 0.021128
2.081094 1.301311 0.021824
2.097736 1.236390 0.020072
2.114452 1.238372 0.020979
2.131082 1.314137 0.022686
2.147997 1.303111 0.021752
2.164555 1.307940 0.021606
2.181307 1.300901 0.021637
2.197867 1.278978 0.020951
2.214383 1.314499 0.022077
2.231124 1.312640 0.021852
2.247891 1.326915 0.022298
2.264389 1.337148 0.022055
2.281123 1.305115 0.021432
2.297753 1.290085 0.021362
2.314468 1.318619 0.022418
2.331128 1.301023 0.021489
2.347785 1.318612 0.022162
2.364391 1.316589 0.021809
2.381082 1.317339 0.021979
2.397720 1.321887 0.022005
2.414464 1.324566 0.022178
2.431004 1.326961 0.021928
2.447724 1.335244 0.022360
2.464599 1.262520 0.020603
2.480954 1.323032 0.022397
2.498009 1.311634 0.022196
2.514298 1.250387 0.019870
2.531123 1.296042 0.022491
2.547587 1.369294 0.023171
2.564664 1.286004 0.020903
2.580953 1.305907 0.021544
2.597767 1.358171 0.023283
2.614315 1.352454 0.022114
2.631133 1.331213 0.022058
2.647603 1.278637 0.020600
2.664809 1.257818 0.021679
2.680911 1.354345 0.022835
2.697798 1.332742 0.022068
2.714329 1.350407 0.022383
2.731120 1.300076 0.021244
2.747573 1.322511 0.022049
2.764295 1.240364 0.020003
2.780939 1.315505 0.022912
2.797641 1.413320 0.024378
2.814152 1.413320 0.000000
2.830919 1.338451 0.041509
2.847575 1.338451 0.000000
2.864405 1.394212 0.046881
2.880918 1.272743 0.019736
2.897655 1.304844 0.022563
2.914309 1.355832 0.023178
2.930858 1.381243 0.022939
2.947567 1.323140 0.021395
2.964272 1.360497 0.023147
2.980869 1.286976 0.020699
2.997621 1.337139 0.023071
3.014242 1.298475 0.021218
3.030873 1.276034 0.021166
3.047640 1.357714 0.023677
3.064417 1.377036 0.023074
3.080838 1.335413 0.021360
3.097794 1.335413 0.000000
3.114159 1.331423 0.044313
3.130775 1.405443 0.024010
3.147490 1.303192 0.020593
3.164461 1.303192 0.000000
3.181873 1.326954 0.046915
3.198748 1.347590 0.023029
Speed: 80
0.017034 0.022265 0.000974
0.033308 0.038829 0.000719
0.050111 0.042336 0.000571
0.066714 0.015366 0.000451
0.083491 0.000380 0.000170
0.100011 0.106594 0.002581
0.116561 0.171550 0.003035
0.133448 0.231186 0.003688
0.149844 0.393496 0.007267
0.166512 0.504811 0.008251
0.187926 0.559556 0.008359
0.200002 0.662005 0.010561
0.221205 0.745328 0.011734
0.233191 0.893458 0.014813
0.250942 0.878929 0.012846
0.266632 0.974763 0.015660
0.284174 1.032301 0.016626
0.299830 1.120451 0.018047
0.317571 1.120451 0.000000
0.333186 1.194845 0.035896
0.350642 1.158165 0.017985
0.366542 1.235174 0.020324
0.383192 1.200862 0.019020
0.399624 1.288833 0.021604
0.421239 1.260191 0.020242
0.433149 1.348741 0.022719
0.454598 1.325095 0.021251
0.466566 1.325127 0.021455
0.483073 1.382841 0.023547
0.499637 1.322510 0.020724
0.516395 1.342901 0.022449
0.532986 1.390670 0.023469
0.549819 1.445009 0.024202
0.566504 1.397197 0.022314
0.583173 1.456092 0.024812
0.599602 1.441915 0.023392
0.616284 1.438319 0.023728
0.632945 1.382153 0.022506
0.649773 1.438470 0.024588
0.666337 1.492600 0.025213
0.683197 1.469550 0.024011
0.699559 1.449860 0.023908
0.716242 1.481542 0.024765
0.732973 1.529598 0.025810
0.749806 1.504128 0.024556
0.766366 1.457491 0.023679
0.783143 1.513355 0.026006
0.799752 1.533555 0.025359
0.816254 1.538615 0.025493
0.832807 1.540745 0.025600
0.849765 1.531466 0.025329
0.866366 1.532974 0.025287
0.882996 1.508919 0.025080
0.899894 1.547096 0.026061
0.916231 1.532206 0.025301
0.932849 1.552894 0.026030
0.949585 1.499604 0.024610
0.966089 1.553858 0.026178
0.982821 1.552300 0.025955
0.999589 1.538775 0.025226
1.016219 1.528027 0.025371
1.032790 1.538992 0.025861
1.054542 1.513916 0.024989
1.066333 1.567519 0.026506
1.083023 1.576667 0.026365
1.099404 1.556594 0.025532
1.116196 1.531834 0.025280
1.132791 1.541789 0.025872
1.149458 1.564958 0.026301
1.166316 1.548201 0.025460
1.182979 1.553960 0.026150
1.199522 1.545281 0.025610
1.216222 1.554880 0.025876
1.232911 1.557719 0.026251
1.249550 1.524197 0.024913
1.266044 1.582738 0.026849
1.283009 1.511549 0.024587
1.299554 1.546967 0.026150
1.316040 1.543927 0.025682
1.332798 1.571734 0.026449
1.349472 1.528655 0.024999
1.366169 1.527327 0.025440
1.382970 1.545422 0.026160
1.399590 1.537701 0.025347
1.416067 1.540909 0.025769
1.432733 1.517063 0.025157
1.449593 1.563262 0.026564
1.466029 1.516082 0.024555
1.482814 1.502502 0.025404
1.499515 1.514486 0.025190
1.516165 1.532587 0.025956
1.532614 1.546151 0.025700
1.549456 1.522187 0.025047
1.566160 1.591928 0.027029
1.582783 1.541374 0.025196
1.599729 1.517165 0.024894
1.616072 1.477687 0.024363
1.632813 1.483663 0.025156
1.649303 1.524491 0.025899
1.666098 1.559889 0.026111
1.682697 1.471083 0.023942
1.699236 1.540717 0.026199
1.715975 1.542062 0.025603
1.732564 1.522559 0.025231
1.749233 1.560817 0.026213
1.766018 1.494926 0.024255
1.782693 1.503680 0.025376
1.799289 1.511724 0.025134
1.815983 1.535031 0.025812
1.832507 1.500649 0.024648
1.849268 1.971444 0.042848
1.865902 1.766063 0.026141
1.882663 1.560551 0.024131
1.899220 1.448255 0.023507
1.915907 1.384828 0.023382
1.932775 1.336367 0.023004
1.949363 1.417228 0.025069
1.965888 1.493463 0.025645
1.982718 1.398982 0.022622
1.999306 1.455395 0.024952
2.015910 1.462424 0.024340
2.032745 1.453732 0.024362
2.049406 1.456985 0.024310
2.066005 1.492578 0.025078
2.082586 1.500115 0.024792
2.099162 1.488207 0.024424
2.115929 1.419747 0.023156
2.132545 1.471978 0.025142
2.149314 1.475764 0.024730
2.165856 1.443951 0.023558
2.182513 1.548730 0.026790
2.199231 1.532470 0.025100
2.215949 1.507371 0.024761
2.232503 1.487919 0.024401
2.249316 1.471366 0.024626
2.266016 1.463114 0.024490
2.282839 1.538910 0.026658
2.299225 1.553768 0.025363
Speed: 90
0.016476 0.018008 0.000397
0.033246 0.013312 0.000553
0.049736 0.013312 0.000276
0.066400 0.023142 0.000679
0.083028 0.011267 0.000583
0.099950 0.124423 0.003005
0.116418 0.192000 0.003369
0.133008 0.264140 0.004467
0.149718 0.369613 0.006230
0.166398 0.458589 0.007341
0.183040 0.570623 0.009338
0.199848 0.763603 0.013102
0.216420 0.857538 0.013204
0.233050 0.899362 0.013664
0.249758 1.065558 0.017543
0.266477 0.981150 0.013903
0.283095 1.143437 0.019381
0.299618 1.164220 0.018183
0.316532 1.205640 0.018983
0.332980 1.280450 0.021275
0.349604 1.285106 0.020081
0.366382 1.304915 0.021063
0.383023 1.333893 0.021764
0.399724 1.389961 0.023066
0.416352 1.398109 0.022447
0.433008 1.404932 0.023030
0.449548 1.421165 0.023333
0.466326 1.442971 0.023627
0.482931 1.437559 0.023716
0.499707 1.476111 0.024645
0.516244 1.515282 0.024953
0.533025 1.552196 0.026213
0.549538 1.554669 0.025085
0.566229 1.378510 0.021196
0.582982 1.613519 0.029182
0.599712 1.621945 0.026565
0.616202 1.593803 0.025585
0.633031 1.628270 0.027441
0.649525 1.640681 0.026928
0.666198 1.588699 0.025747
0.682972 1.642011 0.027833
0.699692 1.624092 0.026684
0.716249 1.614850 0.026580
0.733078 1.657692 0.028235
0.749606 1.656901 0.027324
0.766506 1.678466 0.027954
0.782927 1.672072 0.027736
0.799998 1.679720 0.027771
0.816308 1.669001 0.027541
0.833247 1.683738 0.028193
0.849742 1.703540 0.028552
0.866399 1.702901 0.028085
0.883041 1.696952 0.028039
0.899987 1.722495 0.028914
0.916396 1.739022 0.028742
0.933048 1.730229 0.028753
0.949511 1.697557 0.027831
0.966244 1.658766 0.027631
0.982998 1.688635 0.028432
0.999376 1.704750 0.028778
1.016244 1.768728 0.029794
1.032777 1.731003 0.028262
1.049415 1.714401 0.028130
1.066170 1.732225 0.029424
1.082760 1.690375 0.027657
1.099380 1.718036 0.028817
1.116154 1.738715 0.029277
1.132754 1.780484 0.029900
1.149375 1.744860 0.028745
1.166036 1.726072 0.028617
1.182769 1.736536 0.028837
1.199356 1.755872 0.029042
1.216004 1.754757 0.029532
1.232754 1.772609 0.029234
1.249387 1.709536 0.028022
1.265974 1.729578 0.029295
1.282727 1.817860 0.030805
1.299354 1.802216 0.029623
1.315994 1.809907 0.030175
1.332592 1.712371 0.027519
1.349351 1.738338 0.029332
1.365983 1.833728 0.031412
1.382629 1.705743 0.027091
1.399328 1.633112 0.026717
1.416011 1.685989 0.029204
1.432610 1.783644 0.030654
1.449409 1.797803 0.029672
1.466020 1.766371 0.029043
1.482642 1.701794 0.027904
1.499403 1.728577 0.028928
1.514990 1.782107 0.030256
1.531578 1.718263 0.027863
1.548236 1.753295 0.029828
1.565037 1.683527 0.027253
1.581617 1.651572 0.027663
1.599297 1.658734 0.027706
1.616099 2.292383 0.051695
1.632706 2.012158 0.029004
1.649365 1.715519 0.025695
1.666049 1.531227 0.024835
1.682871 1.570415 0.028108
1.699411 1.577588 0.026946
1.716168 1.511189 0.025355
1.732669 1.555716 0.026756
1.749272 1.520342 0.025342
1.765943 1.573263 0.027090
1.782773 1.599668 0.027239
1.799469 1.605097 0.026824
1.815998 1.590313 0.026129
1.832719 1.604494 0.026964
1.849273 1.715819 0.029306
1.865903 1.628394 0.025850
1.882795 1.614826 0.027182
1.899474 1.581189 0.026122
1.916005 1.622935 0.027397
1.932813 1.622935 0.000000
1.949378 1.668897 0.056288
1.965939 1.676431 0.027676
1.982633 1.620061 0.026403
1.999400 1.612923 0.027099
2.016072 1.678526 0.028692
2.032687 1.669377 0.027473
2.049323 1.700155 0.028446
2.065869 1.692737 0.027737
2.082721 1.609869 0.026277
2.099433 1.675352 0.028863
2.116112 1.723092 0.029062
2.132497 1.721315 0.027976
2.149336 1.676910 0.027697
2.165950 1.671015 0.027748
2.182556 1.625588 0.026692
2.199195 1.642724 0.027686
2.215870 1.698773 0.028962
2.232564 1.749815 0.029493
2.249145 1.684330 0.027078
2.265899 1.693823 0.028479
2.282565 1.745341 0.029512
Speed: 100
0.016521 0.019039 0.000510
0.033247 0.028402 0.000947
0.049952 0.007458 0.000418
0.066597 0.068825 0.001655
0.083368 0.005729 0.000971
0.099915 0.133572 0.003265
0.116502 0.165429 0.002440
0.133115 0.367076 0.007256
0.150976 0.431460 0.006483
0.166550 0.584207 0.009783
0.185043 0.633324 0.009422
0.199724 0.785239 0.013451
0.216471 0.859184 0.012845
0.233104 0.931513 0.014575
0.249919 1.035037 0.016520
0.266373 1.095195 0.017431
0.283110 1.142960 0.017855
0.299916 1.238821 0.020125
0.316655 1.243232 0.019526
0.333086 1.331775 0.021825
0.349859 1.355821 0.021681
0.366476 1.419056 0.023238
0.383278 1.403419 0.022256
0.399701 1.536336 0.025959
0.416610 1.483364 0.023392
0.433073 1.462152 0.023330
0.449885 1.556938 0.026525
0.466433 1.649281 0.027697
0.483216 1.568689 0.024720
0.499728 1.594151 0.026079
0.516488 1.669781 0.028379
0.533058 1.657517 0.026804
0.549846 1.632454 0.026564
0.566334 1.628703 0.027051
0.583310 1.683873 0.028257
0.599694 1.646732 0.027159
0.616477 1.730314 0.029364
0.633235 1.755242 0.028657
0.651258 1.757049 0.029120
0.667568 1.732296 0.028490
0.683004 1.720164 0.028139
0.699564 1.736571 0.029214
0.716277 1.769578 0.029365
0.732886 1.775607 0.029648
0.749628 1.842270 0.030712
0.766240 1.822310 0.030270
0.782895 1.840632 0.030021
0.799578 1.845128 0.031098
0.816233 1.841485 0.030066
0.832827 1.774840 0.028652
0.849632 1.814643 0.030738
0.866213 1.816992 0.030715
0.882845 1.776496 0.029494
0.899622 1.821643 0.030086
0.916245 1.836221 0.030841
0.932792 1.810484 0.029749
0.949424 1.859266 0.031353
0.966256 1.869994 0.031197
0.982865 1.866324 0.030661
0.999457 1.857845 0.030763
1.016320 1.831966 0.030566
1.040603 1.814488 0.030051
1.049515 1.732707 0.031790
1.075212 1.917640 0.030275
1.083620 1.893766 0.030575
1.102773 1.793496 0.032147
1.120038 1.756471 0.029658
1.137390 2.039237 0.030943
1.150005 2.054622 0.033084
1.166306 1.946281 0.030766
1.183494 1.886054 0.030423
1.199664 1.854078 0.030744
1.216019 1.864447 0.031373
1.233126 1.876575 0.031347
1.250123 1.868194 0.030869
1.266763 1.874580 0.031873
1.283588 1.832778 0.029819
1.299874 1.866001 0.031633
1.316754 1.889129 0.031593
1.333418 1.763077 0.031146
1.350087 1.874622 0.029012
1.366804 1.773995 0.032735
1.383362 2.027313 0.030620
1.399769 1.933349 0.030298
1.416712 1.879957 0.030684
1.433167 1.892573 0.031392
1.450104 1.835721 0.029834
1.466426 1.836176 0.030958
1.483342 1.821855 0.030237
1.499719 1.825427 0.030371
1.516499 1.876491 0.032052
1.533093 1.890149 0.031468
1.549849 1.808872 0.029393
1.566470 1.828902 0.030721
1.583292 1.837281 0.030890
1.599719 1.830705 0.030166
1.616647 1.750324 0.032572
1.632928 1.902560 0.028898
1.649891 2.370123 0.050181
1.666366 2.087390 0.030016
1.683190 1.850261 0.028714
1.699897 1.772010 0.029711
1.716352 1.740169 0.029208
1.733272 1.610703 0.026924
Speed: 110
0.016693 0.008813 0.000347
0.033366 0.044567 0.001200
0.049985 0.049804 0.001150
0.066621 0.011757 0.000455
0.083401 0.050295 0.001369
0.099996 0.110062 0.002211
0.116621 0.171450 0.003022
0.133397 0.296283 0.005495
0.149899 0.416653 0.007004
0.166629 0.540732 0.008867
0.183424 0.571010 0.008374
0.200020 0.684163 0.011112
0.216539 0.860906 0.014600
0.233130 0.997139 0.015991
0.249921 1.033338 0.015521
0.266643 1.138013 0.018328
0.283257 1.215634 0.019291
0.299935 1.211495 0.018491
0.316530 1.281193 0.020914
0.333148 1.350292 0.021839
0.351199 1.438369 0.023704
0.366634 1.469715 0.023528
0.383285 1.524006 0.024723
0.400169 1.536628 0.024558
0.416596 1.509807 0.024468
0.433121 1.594505 0.026446
0.449780 1.636486 0.026981
0.466679 1.628421 0.026250
0.487173 1.667743 0.027778
0.499902 1.719908 0.028284
0.516444 1.769941 0.029632
0.533128 1.761964 0.028275
0.549962 1.744614 0.028507
0.566718 1.786539 0.029882
0.583140 1.795726 0.029590
0.599786 1.851690 0.030914
0.616399 1.783468 0.028884
0.632985 1.841792 0.030971
0.649648 1.861928 0.030887
0.666372 1.897201 0.031637
0.683107 1.902806 0.031457
0.699715 1.921794 0.031686
0.716278 1.932500 0.032233
0.733001 1.974531 0.032777
0.749619 1.951339 0.032001
0.766216 1.978773 0.033265
0.783143 2.000384 0.033040
0.799765 1.986638 0.032500
0.816258 1.955034 0.032437
0.832826 2.038878 0.034478
0.849620 2.037354 0.033548
0.866339 1.993899 0.032680
0.882918 2.026237 0.034052
0.899699 2.045028 0.033907
0.916241 2.010306 0.033240
0.932842 2.059316 0.034509
0.949583 2.055936 0.034041
0.966404 2.048183 0.034005
0.983016 2.034519 0.033582
0.999884 2.069628 0.034602
1.016416 2.076670 0.034941
1.033062 2.109428 0.034939
1.049754 2.033049 0.033150
1.066429 2.084480 0.035189
1.083097 2.090274 0.034825
1.099811 2.066840 0.033929
1.116464 2.082732 0.035021
1.132962 2.072610 0.034320
1.149457 2.102121 0.035187
1.166280 2.033614 0.033322
1.182960 2.039722 0.034398
1.199731 2.053767 0.034003
1.216337 2.068008 0.034839
1.232899 2.065091 0.034230
1.249477 2.011532 0.032936
1.266162 2.074159 0.035437
1.282943 2.033277 0.033410
1.299645 2.128672 0.036411
1.316233 2.059348 0.033367
1.333012 2.027717 0.033591
1.349500 2.096647 0.035414
1.366197 2.065710 0.034125
1.383011 2.023879 0.033251
1.399764 2.074951 0.035005
1.416243 1.989923 0.032681
1.432946 1.996605 0.033389
1.449519 2.023202 0.034404
1.466212 2.097354 0.035461
1.482750 2.072996 0.034046
1.499706 2.522204 0.052967
1.516128 2.202031 0.031740
1.533021 2.051776 0.033461
1.554389 1.665859 0.032334
1.566049 2.091089 0.027784
1.587175 1.859113 0.034680
1.599457 2.326677 0.031441
1.616091 2.218500 0.033147
1.632830 2.033132 0.030772
1.649576 1.983928 0.032353
1.666237 1.951521 0.032087
1.682798 1.961700 0.032597
1.699492 1.939723 0.032162
1.716239 1.900858 0.031563
1.732963 1.842960 0.030537
1.749458 1.932498 0.033009
1.766297 1.988117 0.033850
1.782858 1.966550 0.032063
1.799565 1.955371 0.032428
1.816198 2.031448 0.034374
1.832863 1.975456 0.032059
1.849463 1.976306 0.032765
Speed: 120
0.014097 0.008834 0.000373
0.030768 0.009297 0.000344
0.047373 0.009169 0.000223
0.064530 0.015331 0.000502
0.080814 0.014650 0.000534
0.097498 0.030008 0.000563
0.114124 0.154907 0.003528
0.130729 0.237104 0.004071
0.147339 0.432492 0.008078
0.164208 0.505324 0.007542
0.180794 0.607796 0.009736
0.197460 0.740845 0.012092
0.216222 0.846583 0.013304
0.230771 0.898098 0.013762
0.249789 0.996456 0.015897
0.264024 1.086733 0.017310
0.280863 1.213358 0.019905
0.297420 1.211791 0.018386
0.314017 1.294295 0.020980
0.330708 1.380302 0.022498
0.347338 1.406721 0.022288
0.364039 1.510015 0.024813
0.380663 1.550400 0.025054
0.397394 1.545543 0.024593
0.414068 1.608408 0.026382
0.430734 1.602560 0.025966
0.447358 1.678481 0.027748
0.464923 1.734079 0.028716
0.480704 1.766623 0.028847
0.499872 1.721496 0.027296
0.513999 1.787179 0.030291
0.533056 1.817058 0.029849
0.547337 1.857223 0.030685
0.564080 1.860277 0.030404
0.580675 1.860705 0.030535
0.597319 1.927862 0.032424
0.614008 1.956825 0.032597
0.630682 1.919217 0.031003
0.647238 1.964561 0.032837
0.663992 2.032086 0.033924
0.680577 2.014356 0.032985
0.697244 2.010406 0.032713
0.713950 1.947133 0.032707
0.730580 2.072115 0.034563
0.748936 2.069932 0.034103
0.763980 2.074022 0.035134
0.782971 2.098630 0.033816
0.797231 1.953383 0.033897
0.813803 2.062865 0.032442
0.830567 2.101113 0.034931
0.847238 2.219726 0.037488
0.863840 2.139597 0.036229
0.880611 2.108397 0.032696
0.897194 2.087589 0.034424
0.913868 2.142227 0.037903
0.930545 2.034986 0.035549
0.947192 2.201958 0.034075
0.963831 2.211233 0.036577
0.980657 2.178253 0.035975
0.998055 2.198423 0.035491
1.013880 2.051908 0.035810
1.033022 2.302188 0.036642
1.047182 2.239826 0.035816
1.066262 2.220994 0.036349
1.080405 2.169420 0.035481
1.097246 2.172774 0.036997
1.113855 2.114605 0.036492
1.130389 2.054394 0.035705
1.147152 2.077576 0.035717
1.163825 2.240083 0.037209
1.180461 2.230535 0.036643
1.197190 2.271951 0.034444
1.214009 2.253926 0.036771
1.230417 2.189066 0.035965
1.247538 2.239653 0.037682
1.263780 2.214980 0.036804
1.283017 2.107962 0.033689
1.297092 2.098737 0.035733
1.316184 2.232282 0.038267
1.330359 2.182081 0.036099
1.347070 2.096270 0.034585
1.363828 2.172240 0.037196
1.380656 2.014094 0.034492
1.397144 2.158671 0.035186
1.413899 2.169876 0.037037
1.430574 2.256896 0.036050
1.447117 2.149002 0.034629
1.463792 2.134026 0.035200
1.480515 2.117023 0.035502
1.497261 2.077798 0.034539
1.513900 2.112934 0.036310
Speed: 127
0.016624 0.020563 0.000355
0.033374 0.021374 0.000551
0.050079 0.028103 0.000533
0.066706 0.023702 0.000875
0.083212 0.026749 0.000524
0.099877 0.044349 0.001309
0.116650 0.144445 0.003108
0.133335 0.218035 0.003707
0.149884 0.441218 0.008472
0.166721 0.464534 0.006540
0.183221 0.655257 0.011265
0.199836 0.702312 0.010465
0.216601 0.813791 0.012944
0.233340 0.892616 0.013936
0.249889 0.924784 0.014206
0.266708 1.048107 0.017284
0.283189 1.187806 0.019423
0.299850 1.184498 0.018121
0.316489 1.356257 0.022652
0.333262 1.370098 0.021427
0.349919 1.413630 0.022564
0.366547 1.484190 0.024040
0.383212 1.595316 0.026394
0.399922 1.608919 0.025545
0.416471 1.622875 0.026165
0.433416 1.707672 0.028045
0.449874 1.723946 0.028126
0.466515 1.711211 0.027428
0.483181 1.672653 0.027085
0.499904 1.774857 0.030186
0.515381 1.982139 0.032006
0.531987 2.006186 0.031904
0.548853 1.910114 0.029940
0.565380 1.954045 0.032559
0.582137 1.946591 0.031646
0.598700 1.942362 0.032287
0.615452 2.070563 0.035163
0.632033 2.010763 0.031964
0.648896 2.048728 0.034309
0.665406 2.048796 0.033681
0.682110 2.047188 0.033706
0.698710 2.108302 0.035624
0.715487 2.129749 0.035119
0.731957 2.183143 0.036749
0.748690 2.162242 0.035133
0.765323 2.179834 0.036309
0.782113 2.175514 0.035513
0.798679 2.166196 0.036342
0.815456 2.225013 0.037003
0.831983 2.259491 0.037566
0.848742 2.257411 0.037286
0.865342 2.227113 0.036542
0.882105 2.225544 0.036878
0.898548 2.272354 0.038553
0.915329 2.303658 0.037927
0.931951 2.277059 0.037585
0.948589 2.278405 0.037775
0.965261 2.321447 0.038797
0.982070 2.321447 0.000000
0.999930 2.015629 0.037701
1.016438 2.213244 0.073755
1.033238 2.291856 0.039383
1.049773 2.393178 0.040196
1.066449 2.363524 0.038471
1.083207 2.268654 0.037089
1.099854 2.259380 0.037329
1.116463 2.342178 0.040172
1.133100 2.327704 0.038298
1.149742 2.228566 0.036457
1.166473 2.282284 0.038214
1.183054 2.366586 0.040519
1.199727 2.333159 0.038035
1.216328 2.307157 0.038006
1.233074 2.329558 0.038891
1.249830 2.304803 0.038156
1.266423 2.253857 0.038326
1.283044 2.311585 0.038211
1.299899 2.352319 0.039159
1.316425 2.249884 0.038629
1.336501 2.296157 0.037498
1.349607 2.324661 0.038036
1.367663 2.348290 0.039105
1.384819 2.156051 0.035264
1.400717 2.186306 0.038135
1.416304 2.202845 0.038221
1.432872 2.319442 0.037425
1.452408 2.265649 0.037235
1.468409 2.271620 0.036885
1.485383 2.415289 0.052448
1.501765 2.332377 0.036862
1.516613 2.334018 0.034758
1.533333 2.278368 0.037491
1.549669 2.198635 0.035383
1.566590 2.115007 0.035524
1.583105 2.139142 0.036244
1.599665 2.143220 0.035931
1.616189 2.144736 0.035736
1.633258 2.131300 0.036486
