  0 0.140472
  1 -0.153575
  2 0.073769
  3 0.282568
  4 11.594040
  5 29.416002
  6 44.962803
  7 57.754467
  8 72.256966
  9 86.315948
 10 98.254738
 11 113.360756
 12 127.387436
 13 141.311996
 14 153.236801
 15 168.581833
 16 182.133530
 17 194.833939
 18 208.508560
 19 222.744293
 20 237.338058
 21 248.369446
 22 264.088715
 23 278.327362
 24 291.968140
 25 303.652863
 26 316.763855
 27 333.595154
 28 346.968231
 29 361.282928
 30 371.960968
 31 387.784546
 32 402.415588
 33 416.029938
 34 426.187653
 35 439.955261
 36 457.034027
 37 470.836426
 38 484.310272
 39 497.960144
 40 512.056458
 41 520.172607
 42 532.593506
 43 553.357971
 44 562.481506
 45 570.559631
 46 587.347534
 47 600.424133
 48 612.565674
 49 627.887939
 50 635.729858
 51 649.473267
 52 668.009888
 53 680.697266
 54 691.692139
 55 702.727600
 56 720.009460
 57 734.901611
 58 743.469543
 59 754.968689
 60 775.912903
 61 787.205383
 62 797.332886
 63 806.954956
 64 825.182800
 65 837.263794
 66 844.582458
 67 868.451904
 68 875.293396
 69 882.145508
 70 902.618774
 71 915.836365
 72 928.632507
 73 943.598633
 74 955.392273
 75 960.022095
 76 980.236511
 77 993.393921
 78 997.860352
 79 1018.608948
 80 1031.544922
 81 1036.600708
 82 1057.729980
 83 1067.539551
 84 1071.979980
 85 1094.371704
 86 1102.134888
 87 1107.934937
 88 1124.720825
 89 1141.354370
 90 1153.685425
 91 1154.905884
 92 1178.216187
 93 1186.288940
 94 1190.408203
 95 1210.661987
 96 1222.560791
 97 1236.428223
 98 1238.506348
 99 1259.844360
100 1260.451782
101 1280.449219
102 1293.939941
103 1305.703491
104 1314.927490
105 1318.662720
106 1342.035645
107 1341.665283
108 1364.505493
109 1381.218628
110 1378.514160
111 1385.708252
112 1422.334839
113 1407.794800
114 1429.654175
115 1443.074097
116 1459.789673
117 1469.597656
118 1466.540649
119 1491.788818
120 1499.387939
121 1502.827637
122 1530.715454
123 1542.080688
124 1548.318481
125 1578.087891
126 1606.675659
127 1589.164795
