seed c89f0fe1a3525e51
Playbook: loading ../../gameplay/plays/test/kick_penalty.play
Playbook: loading ../../gameplay/plays/test/motion_challenge.play
Playbook: loading ../../gameplay/plays/test/their_kickoff.play
Playbook: loading ../../gameplay/plays/test/our_kickoff.play
Playbook: loading ../../gameplay/plays/test/test.play
Playbook: loading ../../gameplay/plays/test/defend_penalty.play
Playbook: loading ../../gameplay/plays/test/their_freekick.play
Playbook: loading ../../gameplay/plays/test/our_freekick.play
InputHandler Error: No such file or directory
Not using joystick controller
No controller: Auto/Running
Set trigger camera: 0
Switching to play "motion challenge"
Play "motion challenge" ended: completed 1/1
Speed: 0
0.016612 0.065365 0.001532
0.033370 0.051855 0.000467
0.049957 0.044138 0.000277
0.066767 0.055522 0.000673
0.083175 0.060514 0.000411
0.100016 0.032197 0.000437
0.116629 0.097269 0.000882
0.133383 0.019186 0.000091
0.150050 0.069311 0.000421
0.166740 0.068026 0.000450
0.185097 0.005721 0.000084
0.200156 0.043755 0.000828
0.219142 0.015646 0.000291
0.233422 0.051910 0.000864
0.249852 0.021296 0.000435
0.266622 0.029414 0.000792
0.283220 0.014751 0.000287
0.299834 0.043756 0.000766
0.316693 0.020594 0.000597
0.333245 0.040784 0.000176
0.349871 0.067866 0.001159
0.366596 0.059564 0.000289
0.383303 0.032807 0.000509
0.399838 0.071393 0.000647
0.416588 0.046872 0.000924
0.433659 0.068760 0.000195
0.449932 0.032509 0.000318
0.468989 0.032823 0.000428
0.483387 0.121022 0.001679
0.502395 0.062463 0.001783
0.516461 0.071807 0.000435
0.533214 0.048535 0.000646
0.549808 0.063510 0.000313
0.566453 0.052227 0.000616
0.583213 0.077708 0.001132
0.599815 0.080904 0.000587
0.616432 0.054235 0.001063
0.633275 0.021879 0.000707
0.649812 0.027321 0.000316
0.666468 0.051246 0.000623
0.683260 0.030881 0.000049
0.699811 0.068144 0.000937
0.717844 0.016606 0.000406
0.733051 0.000766 0.000529
0.752423 0.034463 0.000521
0.766440 0.047306 0.000623
0.784943 0.014379 0.000516
0.799691 0.071566 0.000692
0.816548 0.037196 0.000200
0.832997 0.015004 0.000094
0.849796 0.067109 0.000691
0.866425 0.065054 0.000684
0.882984 0.037292 0.000522
0.899647 0.083646 0.000500
0.916583 0.042483 0.000854
0.933006 0.118445 0.000671
0.949637 0.047703 0.001043
0.966671 0.073326 0.000692
0.983005 0.063870 0.000793
1.002020 0.034123 0.000489
1.016840 0.078151 0.000494
1.035210 0.014064 0.000398
1.049673 0.140041 0.001670
1.066416 0.026419 0.000967
1.082956 0.050374 0.001316
1.099816 0.091805 0.001330
1.116267 0.091805 0.000000
1.133032 0.055128 0.000616
1.149625 0.055128 0.000000
1.166259 0.061090 0.000752
1.182966 0.061090 0.000000
1.199641 0.023435 0.000683
1.216339 0.023435 0.000000
1.233025 0.036093 0.000507
1.251080 0.021311 0.000376
1.266165 0.059562 0.000766
1.282871 0.058073 0.001310
1.299595 0.047430 0.000873
1.317524 0.024872 0.000968
1.332755 0.016486 0.000284
1.349804 0.078473 0.001140
1.366232 0.003727 0.000923
1.383153 0.037059 0.000282
1.399620 0.039411 0.000944
1.416244 0.064264 0.000566
1.432701 0.048380 0.000566
1.449536 0.035434 0.000261
1.466355 0.036098 0.000293
1.482743 0.063909 0.000940
1.500035 0.046020 0.001039
1.516145 0.060194 0.000131
1.535484 0.029136 0.000551
1.549623 0.053211 0.000444
1.568864 0.025180 0.000262
1.582722 0.010772 0.000178
1.599608 0.017776 0.000190
1.616096 0.043678 0.000904
1.632764 0.011567 0.000340
1.649382 0.020039 0.000436
1.666142 0.043626 0.000715
1.682709 0.027950 0.000746
1.699360 0.039156 0.001142
1.718032 0.027159 0.000864
1.732738 0.075110 0.000754
1.750103 0.034300 0.000535
1.765960 0.056972 0.000565
1.784037 0.073521 0.001113
1.799361 0.035894 0.000371
1.819665 0.050849 0.000436
1.832703 0.016570 0.000542
1.851810 0.051187 0.000321
1.865970 0.051843 0.000881
1.882683 0.043288 0.000776
1.899338 0.009053 0.000409
1.915955 0.036414 0.000289
1.932611 0.006600 0.000425
1.949336 0.041158 0.000748
1.965942 0.029514 0.000308
1.982595 0.018825 0.000150
1.999371 0.021796 0.000066
2.016070 0.046883 0.000634
2.032761 0.024799 0.000401
2.049341 0.056717 0.000588
2.068208 0.033269 0.000615
2.082559 0.031626 0.000667
2.102154 0.081451 0.000910
2.115935 0.046500 0.000512
2.134637 0.098467 0.001459
2.149205 0.019375 0.000943
2.165915 0.060278 0.000493
2.182553 0.041360 0.000361
2.199204 0.097256 0.001376
2.215837 0.031190 0.000820
2.232554 0.047320 0.000337
2.249132 0.148665 0.002544
2.265971 0.034908 0.001559
2.283067 0.102266 0.000464
2.300379 0.021081 0.001389
2.315984 0.034090 0.000313
2.332521 0.075504 0.000957
2.349155 0.068690 0.000970
2.366065 0.046037 0.000528
2.384980 0.046857 0.000679
2.399456 0.021487 0.000700
2.415736 0.061211 0.000383
2.432639 0.042762 0.000883
2.449243 0.038009 0.001359
2.466479 0.054442 0.000645
2.482578 0.043975 0.000739
2.499409 0.067756 0.000734
2.515813 0.022985 0.000558
2.532573 0.058610 0.000510
2.549208 0.034872 0.000323
2.567687 0.038132 0.000402
2.582398 0.018646 0.000308
2.601502 0.034324 0.000467
2.615728 0.028992 0.000827
2.636440 0.032122 0.000101
2.649128 0.034454 0.000493
2.665775 0.035498 0.000729
2.682354 0.051467 0.001284
2.699133 0.027388 0.000626
2.715727 0.041621 0.000730
2.732399 0.035124 0.000470
2.749034 0.049473 0.000723
2.765727 0.070166 0.001260
2.784120 0.072684 0.001793
2.799039 0.061227 0.001179
2.817852 0.027766 0.000417
2.832528 0.024698 0.000542
2.849060 0.029167 0.000859
2.865735 0.040913 0.001061
2.882346 0.028760 0.000495
2.898956 0.033769 0.000548
2.915715 0.064966 0.000770
2.932469 0.015513 0.000405
2.949046 0.027733 0.000188
2.965541 0.067856 0.000969
2.982673 0.053770 0.001062
2.999073 0.061213 0.000315
3.015772 0.047201 0.000372
3.032915 0.065303 0.000700
3.049140 0.065303 0.000000
3.068007 0.053821 0.000264
3.082424 0.034300 0.000217
3.101915 0.033420 0.000217
3.116553 0.061083 0.000740
3.135176 0.055430 0.000840
3.149047 0.045056 0.000697
3.165630 0.052566 0.000112
3.182301 0.023498 0.000509
3.199031 0.025263 0.000302
3.215631 0.026052 0.000416
3.232238 0.009353 0.000523
3.249063 0.044097 0.000696
3.265984 0.022268 0.000523
3.283182 0.017297 0.000211
3.299263 0.026532 0.000221
3.317429 0.075494 0.001363
3.333451 0.055106 0.001490
3.351572 0.102423 0.000686
3.365811 0.030811 0.000434
3.385623 0.017089 0.001118
3.398856 0.141600 0.002377
3.422419 0.119980 0.000634
3.432321 0.097031 0.001461
3.449193 0.077667 0.000766
3.465592 0.009959 0.000299
3.482384 0.041911 0.001317
3.499587 0.072628 0.001463
3.516979 0.030118 0.000455
3.532936 0.017395 0.000282
3.549419 0.091615 0.001223
3.565643 0.049395 0.000549
3.583025 0.080763 0.000700
3.601928 0.099125 0.001128
3.616335 0.144182 0.000517
3.635140 0.014347 0.000593
3.649765 0.061811 0.000764
3.668289 0.031202 0.000194
3.682374 0.070484 0.001083
3.700511 0.112686 0.001320
3.715382 0.046633 0.001091
3.732158 0.163880 0.001470
3.748700 0.085231 0.000573
3.765350 0.052440 0.000657
3.782108 0.130590 0.001283
3.798775 0.060474 0.000290
3.815326 0.016026 0.001268
3.832056 0.044661 0.000463
3.848747 0.018543 0.000288
3.865374 0.004930 0.000484
3.882212 0.034981 0.000424
3.898848 0.047226 0.001032
3.915411 0.038855 0.000744
3.932005 0.050633 0.000413
3.948676 0.016009 0.000518
3.965569 0.119045 0.001731
3.982119 0.014954 0.001209
3.998873 0.092201 0.000479
4.015465 0.016784 0.000850
4.032256 0.064971 0.000335
4.048702 0.039852 0.000850
4.065611 0.161554 0.001869
4.082086 0.098303 0.001835
4.099013 0.176348 0.000851
4.115485 0.046516 0.000369
4.133967 0.063297 0.000099
4.148679 0.088107 0.000625
4.168090 0.025536 0.000724
4.182173 0.040329 0.001525
4.201197 0.057971 0.001414
4.215336 0.073869 0.000416
4.232263 0.023501 0.000430
4.248691 0.039100 0.000343
4.265466 0.074415 0.001334
4.282070 0.037537 0.001303
4.298952 0.047629 0.000357
4.317471 0.065561 0.000935
4.332064 0.071243 0.001100
4.350336 0.126922 0.001218
4.365462 0.018115 0.001202
4.382239 0.044075 0.000908
4.398667 0.034965 0.000202
4.417608 0.052930 0.000897
4.431922 0.067906 0.000900
4.450545 0.034089 0.001113
4.465328 0.011832 0.000688
4.482062 0.002722 0.000224
4.498680 0.009084 0.000204
4.515485 0.007236 0.000146
4.531964 0.058389 0.000885
4.548819 0.024378 0.000095
4.565322 0.079985 0.001193
4.582075 0.058020 0.000289
4.598651 0.008981 0.000196
4.615298 0.073829 0.000723
4.631929 0.076518 0.000620
4.648552 0.063171 0.001082
4.666299 0.041355 0.000588
4.682038 0.065124 0.001021
4.701112 0.038764 0.001510
4.715467 0.030512 0.000407
4.733675 0.009326 0.000115
4.748340 0.026189 0.000481
4.765139 0.036617 0.000436
4.781777 0.048397 0.000756
4.798442 0.086190 0.001087
4.815142 0.127145 0.001052
4.831724 0.066525 0.001096
4.848392 0.139197 0.000340
4.865016 0.023468 0.000898
4.881730 0.029744 0.001238
4.898388 0.093240 0.001211
4.916085 0.024896 0.000503
4.931781 0.071152 0.000533
4.950121 0.148958 0.001812
4.965193 0.051024 0.001374
4.984146 0.167849 0.001251
4.998411 0.114707 0.000734
5.015046 0.091159 0.000941
Speed: 10
0.016976 0.005812 0.000436
0.031420 0.047909 0.000714
0.048035 0.016414 0.000631
0.064688 0.009895 0.000332
0.081465 0.032203 0.000421
0.098217 0.018900 0.000550
0.119742 0.070746 0.000952
0.135226 0.073436 0.000799
0.148213 0.039247 0.000765
0.164807 0.033027 0.001428
0.181479 0.242739 0.003446
0.201947 0.226363 0.002060
0.215251 0.141444 0.002314
0.233073 0.056443 0.001286
0.248661 0.111553 0.002757
0.265697 0.160653 0.001995
0.281904 0.074063 0.000597
0.297814 0.117453 0.001981
0.317525 0.165965 0.003287
0.332676 0.146569 0.001416
0.348050 0.127026 0.001979
0.367024 0.092307 0.001830
0.381336 0.192523 0.003167
0.397910 0.080843 0.000517
0.419231 0.077676 0.002113
0.433962 0.155926 0.002711
0.450411 0.170883 0.002165
0.464632 0.097603 0.001492
0.486112 0.202200 0.003989
0.503437 0.099761 0.000785
0.517592 0.014283 0.000826
0.533422 0.054459 0.001579
0.549387 0.198247 0.002861
0.564750 0.175050 0.001762
0.582432 0.125449 0.002352
0.598791 0.155996 0.002649
0.617752 0.157073 0.002737
0.636542 0.066460 0.001023
0.647857 0.196957 0.003951
0.666405 0.203603 0.002268
0.684494 0.080964 0.001307
0.698791 0.052927 0.001882
0.714468 0.104583 0.002294
0.736415 0.115158 0.001238
0.749819 0.185732 0.003221
0.766026 0.112429 0.000905
0.784747 0.137279 0.002712
0.803203 0.112506 0.001713
0.814409 0.105026 0.001817
0.831052 0.118849 0.001847
0.847832 0.128849 0.002342
0.864517 0.224846 0.003370
0.883318 0.225251 0.002965
0.902412 0.051098 0.000882
0.915356 0.086636 0.003016
0.932370 0.075503 0.000647
0.947814 0.257167 0.004007
0.965257 0.199456 0.001661
0.985099 0.134746 0.002752
0.997793 0.084465 0.001829
1.014470 0.084891 0.001432
1.031041 0.095377 0.001672
1.048783 0.187975 0.002734
1.064458 0.284673 0.003920
1.081097 0.180664 0.002205
1.100097 0.058020 0.001400
1.117221 0.067625 0.002042
1.134546 0.163557 0.002557
1.148802 0.264184 0.003358
1.164328 0.270600 0.003670
1.184049 0.068942 0.001091
1.201438 0.104338 0.000267
1.217329 0.074703 0.002638
1.231103 0.234329 0.002523
1.250614 0.217638 0.002198
1.264606 0.204269 0.003725
1.281120 0.053765 0.000926
1.299586 0.030280 0.001068
1.314487 0.133444 0.002520
1.331051 0.204320 0.001927
1.347756 0.219771 0.003044
1.364317 0.183538 0.002935
1.381066 0.104113 0.002041
1.397962 0.063033 0.001547
1.414938 0.083793 0.001995
1.431058 0.226296 0.003488
1.447749 0.204134 0.002207
1.464522 0.113383 0.002138
1.481057 0.074600 0.001957
1.497974 0.068432 0.001470
1.514329 0.122779 0.002081
1.531025 0.193431 0.002788
1.547736 0.132110 0.001611
1.564496 0.144944 0.002858
1.580994 0.207119 0.003169
1.597820 0.022032 0.000193
1.614493 0.150847 0.003582
1.631312 0.244583 0.003150
1.647677 0.074913 0.000534
1.664625 0.088630 0.002684
1.681007 0.152889 0.002205
1.697864 0.191162 0.002772
1.714415 0.237563 0.003285
1.730977 0.140340 0.001838
1.747665 0.045748 0.000130
1.764637 0.110693 0.002948
1.781014 0.190382 0.002152
1.801477 0.208826 0.002640
1.814292 0.186529 0.002872
1.830909 0.136003 0.002503
1.847539 0.080623 0.001671
1.864221 0.098624 0.002071
1.880984 0.112771 0.001729
1.897660 0.159755 0.002533
1.914164 0.188914 0.002762
1.930961 0.151100 0.002300
1.949611 0.132704 0.002413
1.964189 0.045706 0.000650
1.980806 0.053737 0.001737
1.997469 0.125296 0.001820
2.014173 0.138199 0.001717
2.031112 0.224270 0.003653
2.047469 0.124166 0.001375
2.064533 0.047693 0.001482
2.080903 0.016619 0.001031
2.100678 0.149091 0.002648
2.114108 0.167418 0.001634
2.130822 0.190058 0.003105
2.147694 0.187501 0.002819
2.165610 0.095674 0.001584
2.180913 0.052676 0.001552
2.199179 0.127401 0.002310
2.214588 0.171672 0.002222
2.231470 0.231644 0.003373
2.247791 0.182652 0.002409
2.264705 0.118351 0.002463
2.283682 0.113064 0.001035
2.297902 0.022785 0.001870
2.316360 0.022785 0.000000
2.331126 0.234054 0.004847
2.347453 0.269824 0.003974
2.364060 0.174657 0.002479
2.381156 0.113252 0.001717
2.397627 0.035006 0.001628
2.414386 0.096844 0.002283
2.430967 0.113484 0.000955
2.447842 0.174791 0.002684
2.464256 0.287107 0.003968
2.481036 0.188172 0.002124
2.497555 0.093471 0.000906
2.514196 0.125895 0.003676
2.530950 0.230684 0.001962
2.547590 0.155223 0.001947
2.564222 0.207916 0.003562
2.580912 0.196691 0.002895
2.598467 0.030904 0.000513
2.615202 0.041660 0.002627
2.630760 0.190345 0.002619
2.647337 0.187564 0.001821
2.664017 0.141398 0.002620
2.680874 0.224257 0.003355
2.697374 0.140639 0.001738
2.714014 0.041537 0.000974
2.731279 0.084441 0.002110
2.747412 0.209588 0.003379
2.764288 0.187629 0.001822
2.780637 0.188749 0.003334
2.797240 0.098881 0.001627
2.813933 0.033175 0.000486
2.830665 0.107309 0.002840
2.847224 0.238039 0.002849
2.863897 0.197494 0.002271
2.880735 0.099461 0.002509
2.897133 0.111731 0.002148
2.914330 0.094099 0.001212
2.930468 0.129911 0.001696
2.947098 0.198156 0.002918
2.963845 0.228325 0.002966
2.980686 0.060540 0.000769
2.997143 0.199134 0.004725
3.018646 0.161691 0.001588
3.030461 0.133838 0.001306
3.048735 0.076604 0.002774
3.063674 0.116778 0.001781
3.081536 0.140002 0.001974
3.097121 0.208384 0.003234
3.113731 0.149638 0.001993
3.130493 0.109565 0.002078
3.147148 0.069890 0.001396
3.163642 0.118069 0.002342
3.180497 0.164606 0.002249
3.197076 0.081717 0.000964
3.213776 0.168299 0.003513
3.230345 0.212228 0.002857
3.247109 0.069104 0.000649
3.263897 0.084519 0.002389
3.280307 0.123589 0.002040
3.297247 0.138882 0.001835
3.313715 0.101781 0.001591
3.330339 0.199519 0.003693
3.347117 0.196642 0.002378
3.363654 0.070062 0.001172
3.380315 0.073533 0.001369
3.397043 0.088641 0.002070
3.413723 0.185846 0.002189
3.430923 0.161551 0.001863
3.447424 0.245163 0.004365
3.466118 0.122200 0.001063
3.480696 0.007663 0.000858
3.499377 0.025127 0.001490
3.514128 0.169070 0.002392
3.530323 0.164237 0.001565
3.548358 0.183629 0.003062
3.563725 0.168008 0.002603
3.582816 0.094790 0.001741
3.597043 0.110736 0.001781
3.616623 0.047417 0.001173
3.630285 0.112010 0.001870
3.646927 0.162050 0.002058
3.663496 0.222243 0.003263
3.680258 0.167428 0.002110
3.696813 0.096847 0.001979
3.713466 0.060201 0.001373
3.730488 0.026739 0.000587
3.746864 0.259412 0.003373
3.763498 0.313815 0.002016
3.780278 0.019387 0.000428
3.797178 0.054859 0.002416
3.813541 0.114597 0.002273
3.832022 0.252043 0.002803
3.847276 0.147347 0.001436
3.866213 0.088957 0.002333
3.880610 0.036672 0.000893
3.896838 0.087897 0.002086
3.913485 0.267776 0.003811
3.930136 0.238652 0.002534
3.946877 0.118705 0.002042
3.963478 0.043226 0.000408
3.980120 0.098075 0.002769
3.996860 0.214790 0.002472
4.013513 0.260133 0.003308
4.030094 0.150406 0.002108
4.046853 0.079078 0.002224
4.063643 0.017820 0.000328
4.080639 0.114374 0.002583
4.096699 0.143969 0.001584
4.116270 0.201478 0.002840
4.130401 0.223029 0.003320
4.149580 0.106246 0.001407
4.163448 0.099521 0.002606
4.180101 0.064216 0.001124
4.196699 0.069119 0.001534
4.213487 0.107445 0.001805
4.230075 0.156737 0.002312
4.246699 0.236780 0.003509
4.263464 0.150104 0.002000
4.280103 0.080226 0.000694
4.296650 0.048627 0.002310
4.313325 0.214554 0.002915
4.330134 0.348649 0.003244
4.346699 0.149296 0.001372
4.364576 0.034414 0.002185
4.380070 0.007378 0.001056
4.399451 0.054840 0.000989
4.413575 0.214353 0.003491
4.432737 0.179593 0.001566
4.446665 0.139935 0.002457
4.463354 0.115006 0.002247
4.480082 0.090811 0.001671
4.496666 0.130659 0.001824
4.513311 0.121862 0.002229
4.529934 0.160401 0.002122
4.546897 0.129048 0.002010
4.563281 0.151511 0.002004
4.579880 0.163743 0.002751
4.596667 0.129742 0.001765
4.614058 0.073887 0.002090
4.629910 0.075646 0.001465
4.648874 0.153276 0.002970
4.663313 0.146667 0.001346
4.682749 0.142013 0.002394
4.696513 0.116476 0.001928
4.713277 0.178674 0.003238
4.730246 0.114610 0.001459
4.746542 0.043599 0.001170
4.763241 0.106234 0.002547
4.779879 0.217572 0.002937
4.796546 0.177395 0.002127
4.813333 0.092111 0.002022
4.829892 0.058374 0.000992
4.846563 0.089804 0.002468
4.863814 0.258440 0.003152
4.880130 0.196297 0.001452
4.897756 0.057243 0.001210
4.913383 0.079484 0.002317
4.932914 0.111041 0.001759
4.946546 0.120695 0.001439
4.965951 0.171714 0.002808
4.979852 0.150530 0.002073
4.996737 0.113196 0.002072
5.013165 0.184532 0.003120
Speed: 20
0.016703 0.031273 0.000397
0.033390 0.108549 0.001751
0.050048 0.059651 0.001759
0.066764 0.067329 0.000295
0.083328 0.027170 0.000422
0.099898 0.032395 0.000203
0.116661 0.035832 0.000492
0.133257 0.175810 0.002911
0.149768 0.312497 0.004054
0.166641 0.428856 0.005945
0.183129 0.180513 0.002032
0.199775 0.065666 0.003156
0.216592 0.234640 0.004948
0.233185 0.384473 0.004970
0.249820 0.362609 0.004772
0.266522 0.449979 0.007666
0.283236 0.192788 0.002571
0.299802 0.090993 0.003734
0.316520 0.377397 0.007143
0.333170 0.482186 0.005713
0.349926 0.444444 0.006456
0.366445 0.270995 0.004774
0.383177 0.219430 0.005173
0.399740 0.355937 0.006254
0.416431 0.368644 0.005225
0.433161 0.309800 0.004874
0.449997 0.355823 0.006474
0.466377 0.204037 0.002833
0.483214 0.339831 0.006993
0.499797 0.346017 0.004549
0.516435 0.310218 0.005150
0.533050 0.372027 0.006503
0.549816 0.376907 0.005766
0.566446 0.308668 0.005073
0.583047 0.303476 0.005665
0.599765 0.232551 0.003911
0.616459 0.402359 0.007280
0.633065 0.339725 0.004236
0.649779 0.350779 0.006359
0.666403 0.269304 0.004379
0.683075 0.284284 0.005432
0.699738 0.392545 0.006399
0.716516 0.310650 0.004296
0.732961 0.384412 0.007176
0.749792 0.261316 0.003752
0.766365 0.335067 0.006445
0.783157 0.454118 0.006947
0.799632 0.292093 0.003912
0.816425 0.337154 0.006916
0.833030 0.222211 0.003349
0.849840 0.325000 0.006338
0.866301 0.386414 0.005564
0.883098 0.421100 0.006562
0.899555 0.420122 0.006641
0.916274 0.314557 0.005251
0.932885 0.286207 0.005663
0.949578 0.306855 0.005323
0.966186 0.300185 0.004802
0.983040 0.358076 0.006126
0.999527 0.372290 0.005735
1.016194 0.324449 0.005253
1.032940 0.415931 0.007371
1.049540 0.262451 0.003758
1.066133 0.322956 0.006587
1.083112 0.326559 0.004955
1.099590 0.374848 0.006055
1.116506 0.411901 0.006570
1.132828 0.250077 0.003683
1.149519 0.275255 0.005964
1.166134 0.296595 0.004681
1.182736 0.476468 0.007779
1.199470 0.327691 0.003980
1.216136 0.287821 0.005979
1.232753 0.347201 0.006159
1.249492 0.307275 0.004650
1.266101 0.344961 0.005993
1.282754 0.302760 0.004797
1.299490 0.338675 0.005861
1.316093 0.319836 0.005087
1.332710 0.359604 0.006125
1.349400 0.349561 0.005543
1.366119 0.287471 0.004818
1.382729 0.356260 0.006430
1.399347 0.297342 0.004405
1.416118 0.311443 0.005795
1.432740 0.349430 0.005654
1.449346 0.369565 0.005831
1.466086 0.361310 0.005926
1.482738 0.287533 0.004770
1.499364 0.314400 0.005775
1.516085 0.348930 0.005665
1.532772 0.336909 0.005461
1.549360 0.334203 0.005764
1.565981 0.394058 0.006720
1.582702 0.268487 0.004364
1.599312 0.276746 0.005340
1.615973 0.368833 0.005631
1.632816 0.412332 0.005967
1.649329 0.418818 0.006645
1.665943 0.224673 0.003875
1.682714 0.258706 0.005694
1.699341 0.223433 0.003463
1.715923 0.353044 0.006121
1.732689 0.530201 0.007741
1.749336 0.313612 0.003774
1.765988 0.260811 0.006106
1.782582 0.228154 0.004360
1.799326 0.403468 0.006852
1.815974 0.358541 0.004547
1.832596 0.289247 0.005137
1.849293 0.289429 0.005369
1.865948 0.323220 0.005419
1.882588 0.465674 0.007451
1.899339 0.349590 0.004638
1.915933 0.260036 0.005377
1.932562 0.325024 0.006198
1.949345 0.277438 0.003892
1.965959 0.394713 0.007183
1.982553 0.411243 0.005712
1.999156 0.329607 0.005356
2.015919 0.286306 0.005506
2.032553 0.411879 0.007234
2.049157 0.289000 0.003738
2.065887 0.194976 0.004907
2.082538 0.397864 0.006401
2.099166 0.442910 0.005441
2.115886 0.276419 0.004205
2.132525 0.324043 0.006791
2.149169 0.285049 0.004248
2.166001 0.379094 0.006729
2.182509 0.405208 0.005963
2.199136 0.290788 0.004618
2.215776 0.255886 0.005235
2.232537 0.343349 0.006074
2.249258 0.406756 0.005960
2.265768 0.247528 0.003766
2.282652 0.257614 0.005741
2.299145 0.413421 0.006587
2.315729 0.366662 0.004836
2.332488 0.367183 0.006593
2.349139 0.252410 0.004131
2.365780 0.274335 0.005616
2.382365 0.360737 0.005753
2.399104 0.363407 0.005395
2.415839 0.372036 0.006110
2.432384 0.321786 0.005260
2.449194 0.275298 0.005061
2.465727 0.324556 0.005947
2.482390 0.404568 0.006294
2.499118 0.370564 0.005571
2.515724 0.315154 0.005539
2.532345 0.196737 0.003872
2.549124 0.344425 0.006208
2.565742 0.467320 0.006445
2.582339 0.445137 0.006348
2.598950 0.261497 0.004520
2.615727 0.230634 0.005399
2.632373 0.295431 0.005185
2.648962 0.440159 0.006830
2.665708 0.341159 0.004826
2.682357 0.353356 0.006609
2.699077 0.394869 0.006486
2.715699 0.237629 0.003591
2.732452 0.264391 0.005780
2.748980 0.413935 0.006611
2.765736 0.300811 0.003814
2.782324 0.084354 0.001997
2.798931 0.428303 0.009257
2.815582 0.545146 0.005982
2.832339 0.397388 0.005667
2.849152 0.224467 0.004762
2.865549 0.184834 0.004569
2.882331 0.363944 0.006363
2.898950 0.465258 0.006197
2.915542 0.459854 0.006771
2.932299 0.228489 0.003951
2.949030 0.205326 0.005139
2.965575 0.311196 0.005400
2.982392 0.440917 0.006307
2.998914 0.391362 0.005524
3.015595 0.261393 0.004784
3.032185 0.295592 0.006428
3.048934 0.321541 0.004956
3.065551 0.387772 0.006341
3.082188 0.351776 0.005228
3.098925 0.210468 0.004035
3.115530 0.260630 0.005220
3.132162 0.428806 0.006752
3.148940 0.472513 0.006492
3.165556 0.358612 0.005738
3.182150 0.307070 0.006117
3.198897 0.147727 0.002860
3.215537 0.195421 0.004674
3.232261 0.512577 0.008177
3.248769 0.528082 0.005925
3.265518 0.314581 0.005344
3.282163 0.184129 0.004888
3.298794 0.350332 0.006510
3.315509 0.411390 0.005378
3.332129 0.359975 0.005352
3.348804 0.287688 0.005162
3.365522 0.286976 0.005193
3.382118 0.360032 0.006082
3.398745 0.319725 0.004495
3.415512 0.310721 0.005591
3.432131 0.373892 0.006267
3.448828 0.344773 0.005145
3.465357 0.363194 0.006454
3.482219 0.327164 0.005117
3.498752 0.277226 0.004954
3.515471 0.324390 0.005778
3.532110 0.380710 0.005952
3.548754 0.530255 0.008772
3.565367 0.251503 0.002905
3.582085 0.144154 0.004841
3.598714 0.320901 0.006262
3.615379 0.422726 0.005576
3.631991 0.407483 0.005933
3.648716 0.329212 0.005537
3.665329 0.238696 0.004726
3.682106 0.344323 0.006256
3.698740 0.391566 0.005799
3.715339 0.364821 0.005589
3.732048 0.322964 0.005918
3.748732 0.318646 0.005321
3.765472 0.368284 0.006240
3.781950 0.229427 0.003373
3.798710 0.364095 0.007644
3.815342 0.401317 0.005888
3.831974 0.357463 0.005140
3.848624 0.274444 0.005365
3.865314 0.315529 0.005424
3.881968 0.377612 0.005946
3.898579 0.375838 0.005752
3.915302 0.278347 0.004641
3.931923 0.299451 0.005778
3.948752 0.318728 0.005130
3.965319 0.283504 0.004577
3.982016 0.333855 0.005773
3.998539 0.344757 0.005399
4.015422 0.358247 0.005886
4.031932 0.373637 0.006041
4.048555 0.274075 0.004550
4.065173 0.289802 0.005499
4.081946 0.283684 0.004562
4.098568 0.399186 0.006772
4.115160 0.356596 0.005226
4.131904 0.283775 0.005085
4.148560 0.211762 0.003824
4.165187 0.384302 0.007016
4.181999 0.391531 0.005129
4.198532 0.274012 0.004526
4.215183 0.345389 0.006705
4.232022 0.366867 0.005738
4.248609 0.372728 0.005774
4.265148 0.303893 0.004954
4.281794 0.278494 0.005222
4.298548 0.313689 0.005441
4.315146 0.334120 0.005260
4.331757 0.300007 0.004983
4.348542 0.346664 0.006015
4.365152 0.402060 0.006048
4.381776 0.382591 0.006016
4.398498 0.269245 0.004562
4.415143 0.214478 0.004526
4.431766 0.300981 0.005432
4.448572 0.280379 0.003961
4.465129 0.344091 0.005868
4.481849 0.428268 0.006602
4.498395 0.329220 0.004780
4.515202 0.167362 0.003645
4.531747 0.363316 0.007367
4.548400 0.414203 0.005483
4.565129 0.290357 0.004177
4.581737 0.316035 0.006386
4.598371 0.323399 0.005177
4.615329 0.270915 0.004739
4.631783 0.302665 0.005935
4.648479 0.403802 0.006906
4.665116 0.439953 0.005467
4.681772 0.342134 0.005966
4.698392 0.437229 0.006803
4.714985 0.334054 0.005002
4.731716 0.338006 0.005458
4.748358 0.365477 0.006153
4.765129 0.296818 0.004629
4.781867 0.334298 0.006145
4.798476 0.312957 0.004872
4.815141 0.304982 0.005326
4.831761 0.478734 0.007867
4.848535 0.399050 0.005237
4.864977 0.303504 0.005691
4.881881 0.301547 0.005885
4.898379 0.337255 0.005583
4.914967 0.377463 0.005984
4.931594 0.428411 0.006793
4.948357 0.289316 0.004478
4.965005 0.279207 0.005653
4.981643 0.285930 0.004938
4.998342 0.249582 0.004336
5.014952 0.403779 0.008068
Speed: 30
0.016668 0.034129 0.000533
0.033234 0.032904 0.000789
0.050006 0.011388 0.000601
0.066621 0.019981 0.000202
0.083274 0.018060 0.000251
0.100010 0.058834 0.000999
0.116629 0.055888 0.001007
0.133193 0.283262 0.005192
0.150013 0.442236 0.005115
0.166634 0.438808 0.006013
0.183215 0.332370 0.005532
0.199955 0.295522 0.005772
0.216658 0.485592 0.008487
0.233327 0.432364 0.005593
0.249860 0.467103 0.008203
0.266460 0.483771 0.007862
0.283117 0.517282 0.008431
0.299724 0.517282 0.000000
0.316470 0.508236 0.015882
0.333072 0.389847 0.006510
0.349732 0.396747 0.007656
0.366468 0.544902 0.009060
0.383082 0.586887 0.008541
0.399693 0.585121 0.009356
0.416388 0.370428 0.006200
0.433086 0.413477 0.008867
0.449687 0.630466 0.009919
0.466307 0.614264 0.008466
0.483254 0.497601 0.008346
0.499729 0.421564 0.007961
0.516587 0.403346 0.008998
0.533214 0.714663 0.009611
0.549877 0.675338 0.008064
0.566601 0.552928 0.009497
0.583244 0.511608 0.009592
0.599944 0.443313 0.007680
0.616883 0.475268 0.008593
0.633145 0.625980 0.010102
0.649858 0.657552 0.009685
0.666565 0.408797 0.006604
0.683130 0.517489 0.010605
0.699958 0.460553 0.006739
0.716811 0.500515 0.008902
0.733110 0.730528 0.011757
0.749884 0.597771 0.008049
0.766578 0.391453 0.007610
0.783290 0.460355 0.009510
0.799938 0.592884 0.009252
0.816528 0.553240 0.008122
0.833132 0.503442 0.008631
0.849712 0.525731 0.009207
0.866547 0.548506 0.009001
0.883114 0.677080 0.011068
0.899815 0.555094 0.008186
0.916603 0.337984 0.006817
0.933098 0.587240 0.011376
0.949736 0.638130 0.008613
0.966564 0.530151 0.008333
0.983184 0.534958 0.009850
0.999779 0.612580 0.010083
1.016830 0.493294 0.007636
1.033102 0.499786 0.009226
1.049896 0.508587 0.008492
1.066411 0.490662 0.008067
1.083090 0.627519 0.010680
1.099788 0.608670 0.008982
1.116728 0.426535 0.007314
1.133072 0.479459 0.009406
1.149715 0.603810 0.009715
1.166412 0.572129 0.008413
1.183047 0.496491 0.008574
1.199752 0.425624 0.007707
1.216390 0.604897 0.010659
1.233006 0.631307 0.009056
1.249695 0.533417 0.008675
1.266361 0.523578 0.009529
1.282996 0.493205 0.008458
1.300087 0.551664 0.009319
1.316300 0.571901 0.008975
1.332943 0.613072 0.009973
1.349796 0.468735 0.007533
1.366359 0.486875 0.009162
1.382920 0.716192 0.011799
1.399765 0.470944 0.005973
1.416323 0.415903 0.008981
1.432977 0.583062 0.010060
1.449631 0.469163 0.006480
1.466376 0.462536 0.008549
1.482930 0.572823 0.009701
1.499616 0.476530 0.006971
1.516439 0.498978 0.009180
1.532951 0.572821 0.009277
1.549541 0.619430 0.009812
1.566382 0.519543 0.008184
1.583025 0.371218 0.007062
1.599645 0.607302 0.011350
1.616466 0.767443 0.010867
1.632958 0.623072 0.008938
1.649522 0.423894 0.008441
1.666126 0.437735 0.008885
1.682899 0.521067 0.008597
1.699594 0.546654 0.008426
1.715956 0.541690 0.009734
1.732749 0.465092 0.007784
1.749531 0.525387 0.009480
1.766001 0.585216 0.009186
1.782913 0.551789 0.008686
1.799365 0.508176 0.008776
1.816199 0.516740 0.008978
1.832766 0.488831 0.008012
1.849547 0.525076 0.009018
1.866167 0.558295 0.008987
1.882891 0.622499 0.010093
1.899632 0.526885 0.008232
1.916130 0.381222 0.007226
1.932870 0.574657 0.010678
1.949353 0.697464 0.009174
1.966137 0.589324 0.009422
1.982897 0.475549 0.007741
1.999532 0.531819 0.009861
2.016178 0.491880 0.007823
2.032802 0.493035 0.008361
2.049583 0.637554 0.010790
2.066085 0.546888 0.007838
2.082823 0.476840 0.008756
2.099324 0.501027 0.008934
2.116011 0.525624 0.009296
2.135949 0.628797 0.009326
2.150456 0.577872 0.008686
2.167264 0.482965 0.008449
2.184468 0.547899 0.009860
2.204127 0.522478 0.008207
2.216098 0.519458 0.008863
2.232558 0.535153 0.008767
2.252359 0.535757 0.008982
2.266027 0.619856 0.010145
2.282577 0.500947 0.007708
2.299190 0.479139 0.009078
2.317448 0.589520 0.009955
2.332631 0.601416 0.009092
2.349198 0.558430 0.009246
2.365892 0.550343 0.009267
2.382531 0.440863 0.007643
2.399235 0.529338 0.009341
2.418214 0.624531 0.009762
2.434387 0.565126 0.008490
2.450556 0.483803 0.008758
2.467272 0.512799 0.008947
2.482857 0.511684 0.009236
2.501144 0.504258 0.007429
2.519807 0.474092 0.008376
2.533464 0.648418 0.010399
2.549164 0.564971 0.009220
2.568899 0.561736 0.007577
2.584959 0.598310 0.009909
2.601120 0.518892 0.008324
2.616979 0.506831 0.009318
2.633576 0.604967 0.009807
2.649455 0.494717 0.008371
2.668949 0.667344 0.009920
2.683877 0.593960 0.008171
2.699081 0.509546 0.009121
2.715924 0.517918 0.009324
2.733377 0.442426 0.007284
2.749143 0.592329 0.010616
2.766273 0.613258 0.008890
2.782366 0.522129 0.008541
2.799473 0.487141 0.008936
2.815835 0.551521 0.009453
2.832865 0.571553 0.008949
2.849059 0.457389 0.007496
2.866325 0.466522 0.008693
2.882457 0.676294 0.011146
2.899593 0.617707 0.008555
2.915702 0.468439 0.008361
2.932730 0.465200 0.008993
2.949061 0.517292 0.008539
2.965948 0.671373 0.010673
2.982434 0.627376 0.009166
2.999338 0.532678 0.009272
3.015651 0.486349 0.009081
3.032729 0.512233 0.008995
3.049005 0.638367 0.010859
3.065932 0.600555 0.008391
3.082449 0.467819 0.008186
3.099589 0.516688 0.009581
3.115636 0.651065 0.010721
3.132338 0.630322 0.009198
3.149004 0.455672 0.007802
3.166187 0.419318 0.008341
3.182289 0.603955 0.010443
3.199544 0.579032 0.008107
3.215920 0.508183 0.009213
3.232885 0.565449 0.009243
3.249010 0.652594 0.010322
3.266145 0.571539 0.008737
3.282296 0.412730 0.007631
3.299215 0.588160 0.010817
3.315645 0.578851 0.008288
3.340264 0.589456 0.009876
3.348763 0.600046 0.009923
3.365583 0.509874 0.008340
3.382245 0.524983 0.009564
3.398785 0.477178 0.007820
3.415651 0.600441 0.010386
3.432317 0.616701 0.009265
3.448750 0.583583 0.009585
3.465634 0.529017 0.009045
3.482155 0.388130 0.006987
3.499000 0.556435 0.010356
3.515502 0.603935 0.008650
3.532213 0.562183 0.009017
3.548772 0.519421 0.009041
3.565452 0.554955 0.009492
3.582119 0.503040 0.008193
3.598816 0.477138 0.008318
3.615379 0.594453 0.010826
3.632163 0.510800 0.007118
3.648731 0.527016 0.010248
3.665400 0.605647 0.009240
3.682123 0.578239 0.009814
3.698992 0.487210 0.007381
3.715336 0.526122 0.009785
3.732004 0.590392 0.009573
3.749072 0.509240 0.007908
3.765417 0.540209 0.009627
3.782300 0.531343 0.008547
3.798758 0.612107 0.010312
3.815372 0.513671 0.007830
3.832243 0.541737 0.009882
3.848717 0.537333 0.008811
3.865579 0.554905 0.009153
3.881995 0.581134 0.009625
3.898985 0.529606 0.008577
3.915419 0.496618 0.008681
3.932215 0.466775 0.008093
3.948637 0.656196 0.011112
3.965621 0.589472 0.008189
3.981979 0.558127 0.010018
3.998649 0.389875 0.006714
4.015385 0.437372 0.009226
4.032265 0.454132 0.009257
4.048599 0.825322 0.010127
4.065470 0.875391 0.009490
4.082016 0.526562 0.008281
4.098683 0.303192 0.008038
4.115399 0.457930 0.009100
4.132017 0.597032 0.009143
4.148683 0.663879 0.009404
4.164317 0.584682 0.009115
4.180894 0.366012 0.006753
4.197564 1.532793 0.036042
4.214152 0.879618 0.009423
4.230951 0.795587 0.008433
4.247534 0.947626 0.010498
4.264169 0.386492 0.005741
4.280879 0.557553 0.010062
4.297558 0.472414 0.006434
4.315303 0.565505 0.010270
4.331970 0.608168 0.008736
4.348592 0.383749 0.006135
4.365236 0.522317 0.010275
4.381804 0.549056 0.007993
4.398579 0.637042 0.010379
4.415222 0.516997 0.007821
4.431864 0.446771 0.008420
4.448552 0.480238 0.008624
4.465315 0.532751 0.008577
4.481961 0.650448 0.010370
4.499102 0.472298 0.007067
4.515289 0.433537 0.008370
4.532117 0.511846 0.008944
4.548668 0.571467 0.008811
4.565513 0.624897 0.010024
4.581906 0.494078 0.007628
4.598897 0.431067 0.008482
4.615264 0.511966 0.008849
4.631965 0.550863 0.008477
4.648585 0.643703 0.010392
4.665325 0.457724 0.006848
4.681940 0.480742 0.009522
4.698629 0.571857 0.009354
4.715318 0.507941 0.007721
4.732035 0.522544 0.009279
4.748565 0.536161 0.008763
4.765345 0.567633 0.009402
4.781851 0.641260 0.010329
4.798556 0.482544 0.007453
4.815177 0.374256 0.007543
4.831918 0.547909 0.010105
4.848615 0.568894 0.008031
4.865200 0.549975 0.008957
4.881881 0.510951 0.008641
4.898581 0.417929 0.007331
4.915206 0.538463 0.009663
4.932102 0.589107 0.008936
4.948535 0.553060 0.008640
4.965229 0.515844 0.008997
4.981739 0.493961 0.008412
4.998535 0.494145 0.008503
5.015153 0.595694 0.009847
Speed: 40
0.016682 0.005117 0.000219
0.033309 0.018327 0.000345
0.049832 0.084521 0.001463
0.066657 0.064928 0.001806
0.083294 0.044108 0.000979
0.099864 0.009043 0.000285
0.116605 0.206628 0.003108
0.133214 0.352465 0.004361
0.149844 0.416023 0.005780
0.166511 0.378750 0.005623
0.183302 0.450782 0.007622
0.199829 0.518680 0.008157
0.216541 0.467993 0.007058
0.233240 0.549477 0.009648
0.249836 0.658935 0.010277
0.266490 0.591356 0.008899
0.283508 0.618605 0.010891
0.299830 0.605738 0.009844
0.316556 0.589688 0.009944
0.333213 0.582958 0.009829
0.349982 0.717771 0.012089
0.366498 0.864814 0.013150
0.383181 0.693828 0.010377
0.399786 0.546889 0.010449
0.416561 0.588982 0.011097
0.433115 0.695243 0.011269
0.449862 0.824038 0.012836
0.466457 0.821401 0.012601
0.483196 0.729536 0.012227
0.499817 0.771475 0.013492
0.516509 0.572389 0.009148
0.533078 0.599933 0.011738
0.549862 0.822712 0.013399
0.566635 0.774107 0.011141
0.583149 0.638969 0.010927
0.599664 0.746700 0.013497
0.616536 0.804506 0.012539
0.633080 0.836716 0.013409
0.649707 0.780808 0.012782
0.666438 0.649257 0.011192
0.683146 0.499548 0.009547
0.699656 0.850652 0.015263
0.716503 0.917113 0.012375
0.733053 0.749939 0.011889
0.749725 0.657234 0.012494
0.766450 0.707937 0.012357
0.783125 0.764831 0.012425
0.799612 0.857140 0.013731
0.816372 0.739201 0.011577
0.833062 0.680674 0.012303
0.850055 0.694947 0.012064
0.866284 0.666704 0.010943
0.882919 0.822736 0.014124
0.899508 0.844700 0.012650
0.916131 0.663299 0.010899
0.932859 0.590063 0.011363
0.949548 0.740025 0.012930
0.966128 0.788808 0.012763
0.982881 0.798197 0.011911
0.999469 0.826868 0.013746
1.016142 0.810480 0.013205
1.032737 0.665217 0.011387
1.049508 0.693272 0.012561
1.066090 0.768303 0.012529
1.082793 0.809461 0.012991
1.099495 0.714397 0.011506
1.116109 0.608482 0.010945
1.132806 0.705602 0.012744
1.149518 0.857043 0.013394
1.166122 0.813773 0.012565
1.182741 0.723670 0.012084
1.199320 0.647697 0.011449
1.216136 0.720685 0.012767
1.232721 0.797074 0.012818
1.249366 0.857937 0.013992
1.266085 0.821916 0.012908
1.282753 0.640036 0.011069
1.299348 0.614311 0.011691
1.316098 0.786003 0.013423
1.332701 0.772759 0.012412
1.349373 0.883274 0.012655
1.366114 0.665843 0.011010
1.382827 0.600841 0.011627
1.399331 0.784334 0.013568
1.416125 0.908314 0.013646
1.432724 0.759015 0.011555
1.449377 0.644839 0.011989
1.465971 0.718323 0.012881
1.482745 0.797765 0.012736
1.499343 0.800898 0.011231
1.515963 0.824555 0.013765
1.532673 0.666817 0.010872
1.549359 0.644041 0.011978
1.565965 0.756855 0.012879
1.582706 0.772714 0.013110
1.599330 0.808826 0.011951
1.615972 0.731650 0.011833
1.632560 0.765709 0.013327
1.649318 0.742940 0.012106
1.666026 0.733262 0.012452
1.682589 0.716401 0.012007
1.699320 0.796779 0.013343
1.715939 0.782098 0.012315
1.732532 0.741592 0.012421
1.749331 0.733596 0.012446
1.765950 0.700788 0.011817
1.782555 0.700417 0.011955
1.799277 0.732506 0.012180
1.815946 0.783263 0.012840
1.832549 0.842543 0.013518
1.849163 0.750206 0.012290
1.865880 0.572112 0.011416
1.882555 0.681718 0.011136
1.899173 0.772922 0.013585
1.915889 0.916903 0.012391
1.932491 0.786210 0.012645
1.949283 0.770735 0.012331
1.965885 0.630083 0.011679
1.982524 0.738999 0.011964
1.999105 0.743958 0.012460
2.015914 0.880870 0.013144
2.032527 0.899591 0.013551
2.049144 0.710837 0.011856
2.065744 0.539514 0.010920
2.082538 0.751506 0.013329
2.099117 0.736434 0.011405
2.115739 0.803312 0.011998
2.132457 0.736827 0.012758
2.149142 0.733788 0.012477
2.165756 0.753092 0.012328
2.182501 0.693093 0.010662
2.199078 0.781110 0.013440
2.215770 0.869505 0.013887
2.232578 0.803732 0.012656
2.249106 0.657596 0.012462
2.265709 0.733092 0.012088
2.282344 0.762573 0.012055
2.299146 0.793275 0.012841
2.315695 0.811052 0.013385
2.332347 0.819704 0.013419
2.349201 0.733191 0.012400
2.365763 0.568238 0.010075
2.382336 0.689786 0.012981
2.399107 0.899363 0.013761
2.415710 0.799455 0.012342
2.432390 0.543927 0.010934
2.449215 0.846296 0.013030
2.465668 0.964571 0.012874
2.482385 0.788322 0.012163
2.498952 0.664399 0.012382
2.515811 0.715628 0.013043
2.532290 0.749672 0.012022
2.548986 0.787924 0.012871
2.565700 0.833066 0.013743
2.582346 0.664261 0.010583
2.598915 0.632234 0.011861
2.615735 0.716928 0.012262
2.632328 0.850383 0.013609
2.648935 0.770347 0.012535
2.665536 0.801508 0.012879
2.682294 0.734863 0.011811
2.698972 0.720935 0.012465
2.715540 0.725038 0.012245
2.732312 0.822158 0.013623
2.748931 0.714719 0.011662
2.765681 0.633487 0.012623
2.782411 0.863026 0.012543
2.798979 0.917230 0.013411
2.815610 0.689847 0.010695
2.832333 0.623609 0.012248
2.849035 0.767449 0.013259
2.865570 0.827675 0.012700
2.882414 0.675580 0.010728
2.898988 0.601877 0.012599
2.915623 0.858915 0.013266
2.932209 0.914603 0.012836
2.949031 0.735275 0.011789
2.965612 0.654003 0.012432
2.982239 0.760221 0.013277
2.998953 0.731394 0.011235
3.015626 0.734105 0.012538
3.032206 0.823607 0.013694
3.049094 0.831757 0.013069
3.065574 0.718939 0.012002
3.082369 0.619313 0.011206
3.098838 0.618318 0.011034
3.115610 0.718554 0.012032
3.132178 1.551116 0.037924
3.148876 0.941670 0.012107
3.165592 0.921094 0.013442
3.182222 0.880908 0.009204
3.198809 0.678067 0.012825
3.215628 0.796984 0.012083
3.232199 0.815120 0.012340
3.248847 0.715865 0.011597
3.265556 0.688945 0.011553
3.282234 0.764285 0.013208
3.298826 0.664986 0.009998
3.315460 0.713736 0.012603
3.332261 0.816994 0.013308
3.348873 0.826297 0.012729
3.365445 0.719424 0.011873
3.382189 0.579302 0.010595
3.398813 0.641426 0.011817
3.415534 0.803926 0.012912
3.432235 0.780507 0.011672
3.448888 0.732615 0.012406
3.465432 0.679624 0.011583
3.482149 0.751878 0.013029
3.498830 0.787435 0.012511
3.515492 0.700542 0.011376
3.532048 0.659774 0.011626
3.548873 0.769153 0.013289
3.565465 0.788272 0.012177
3.582229 0.679664 0.011284
3.598792 0.620467 0.011176
3.615594 0.681018 0.011922
3.632060 0.773405 0.012254
3.648853 0.780244 0.012316
3.665349 0.786602 0.012934
3.682123 0.713986 0.011847
3.698611 0.655653 0.011510
3.715349 0.712859 0.012335
3.731957 0.675589 0.010758
3.748615 0.656977 0.011196
3.765361 0.687213 0.011641
3.782089 0.818084 0.013437
3.798583 0.837152 0.012605
3.815472 0.704010 0.011791
3.832064 0.578124 0.010539
3.848580 0.711373 0.012840
3.865434 0.758272 0.011578
3.882119 0.637819 0.010219
3.898596 0.680740 0.012209
3.915312 0.727713 0.011783
3.931936 0.768827 0.012363
3.948704 0.730512 0.011896
3.965210 0.743672 0.012583
3.982054 0.685005 0.011382
3.998549 0.682780 0.011716
4.015227 0.629236 0.010492
4.031956 0.708434 0.012196
4.048594 0.740278 0.011676
4.065208 0.734485 0.011849
4.082091 0.696720 0.011838
4.098573 0.650321 0.010990
4.115287 0.704989 0.012156
4.131795 0.780880 0.012459
4.148593 0.762532 0.012128
4.165190 0.690563 0.011623
4.181812 0.664316 0.011600
4.198540 0.656892 0.011274
4.215212 0.759932 0.012705
4.231813 0.770193 0.011935
4.248545 0.724463 0.011992
4.265161 0.718858 0.012378
4.281821 0.667593 0.011171
4.298562 0.660520 0.011470
4.315172 0.709744 0.011848
4.331777 0.781471 0.012560
4.348440 0.749824 0.011907
4.365250 0.650077 0.011209
4.381794 0.662029 0.011788
4.398403 0.718542 0.011762
4.415185 0.755426 0.012288
4.431778 0.684002 0.011018
4.448397 0.699823 0.012220
4.465133 0.737893 0.012189
4.481801 0.755179 0.012280
4.498406 0.705902 0.011565
4.515151 0.672132 0.011673
4.531751 0.689613 0.011721
4.548484 0.757838 0.012534
4.565036 0.688755 0.010853
4.581759 0.611312 0.010804
4.598389 0.726851 0.012701
4.615145 0.751092 0.011540
4.631784 0.776845 0.012748
4.648493 0.782400 0.012760
4.665092 0.661571 0.010963
4.681780 0.577568 0.010622
4.698394 0.674822 0.011895
4.715069 0.786168 0.012297
4.731733 0.727133 0.011190
4.748386 0.727222 0.012601
4.765016 0.713968 0.011878
4.781615 0.683409 0.011440
4.798367 0.671165 0.011501
4.815009 0.719304 0.012071
4.831642 0.651604 0.010432
4.848361 0.675874 0.011886
4.864990 0.712244 0.011653
4.881623 0.728925 0.011811
4.898453 0.780212 0.012993
4.914973 0.687359 0.010930
4.931597 0.656583 0.011716
4.948241 0.664115 0.011290
4.965002 0.719780 0.012001
4.981589 0.698289 0.011120
4.998210 0.697931 0.011780
5.014994 0.765044 0.012842
Speed: 50
0.013039 0.021294 0.000906
0.028216 0.009614 0.000467
0.044808 0.047034 0.000665
0.061645 0.053213 0.001285
0.078040 0.059904 0.000183
0.094779 0.032027 0.000540
0.111249 0.133475 0.002713
0.128127 0.397267 0.005479
0.144633 0.458896 0.005443
0.161251 0.589563 0.009331
0.177997 0.454429 0.006957
0.194618 0.525286 0.009125
0.211218 0.680828 0.010209
0.228003 0.700641 0.010286
0.244567 0.636033 0.010485
0.261209 0.741585 0.012942
0.277838 0.734314 0.012489
0.294603 0.868998 0.012969
0.311186 0.767898 0.011508
0.327836 0.768531 0.013610
0.344611 0.805922 0.013683
0.361227 0.801612 0.012838
0.377887 0.752590 0.013738
0.394570 0.945738 0.014671
0.411206 0.935503 0.014903
0.427840 0.839933 0.013032
0.444538 0.746340 0.014437
0.461179 0.899031 0.014044
0.477810 0.972355 0.014839
0.494481 0.936564 0.015022
0.511158 0.900089 0.015270
0.527943 0.896060 0.015191
0.544415 0.847392 0.014246
0.561323 0.925557 0.015621
0.577768 0.884818 0.014186
0.594541 0.931964 0.015852
0.611176 0.926497 0.017382
0.627945 0.782588 0.013979
0.644396 1.022803 0.014116
0.661241 1.122613 0.015915
0.677838 1.002374 0.015703
0.694458 0.869434 0.015624
0.711049 0.771292 0.013894
0.727795 0.774797 0.014495
0.744463 1.111653 0.017320
0.761203 1.167960 0.016387
0.777812 0.909382 0.014674
0.794431 0.839712 0.016198
0.811085 0.909210 0.015730
0.827823 0.899921 0.014341
0.844423 0.900471 0.015177
0.861179 0.953672 0.015819
0.877700 1.056773 0.017109
0.894436 0.959309 0.015157
0.911111 0.836887 0.014672
0.927651 0.632151 0.015569
0.944391 1.206455 0.014618
0.961140 1.367893 0.015867
0.977612 1.027474 0.015805
0.994503 0.808040 0.016323
1.011007 0.868052 0.016351
1.027671 0.948300 0.015059
1.044343 0.945433 0.015205
1.060999 0.917748 0.015242
1.077666 0.925105 0.015450
1.094302 0.963646 0.016179
1.111025 1.027719 0.016629
1.127648 0.932102 0.014999
1.144281 0.908354 0.015981
1.161178 0.868805 0.014621
1.177642 0.936616 0.015847
1.194341 0.919466 0.014812
1.211039 0.977697 0.016438
1.227654 0.917247 0.014748
1.244238 0.924695 0.015902
1.261021 0.968317 0.016219
1.277640 1.050245 0.017041
1.294335 0.949620 0.015107
1.310875 0.852399 0.015085
1.327613 0.855194 0.015061
1.344482 0.986514 0.016472
1.361084 1.053204 0.016412
1.377848 0.982560 0.015674
1.394401 0.884094 0.015536
1.411113 0.885844 0.015520
1.427800 0.858304 0.015439
1.444574 0.866370 0.016453
1.461189 1.136410 0.015191
1.477944 1.176771 0.016710
1.494371 0.960145 0.015848
1.510964 0.755247 0.014286
1.527646 0.822306 0.015377
1.544274 1.029488 0.016659
1.560950 0.997467 0.014823
1.577512 0.982856 0.016638
1.594604 0.934396 0.015721
1.610895 0.870874 0.015060
1.627859 0.945400 0.016081
1.644228 0.969452 0.015910
1.660981 1.015291 0.016421
1.677571 0.968269 0.015567
1.694360 0.890534 0.015281
1.710788 0.875703 0.015176
1.727471 0.942955 0.015693
1.744073 1.006900 0.016311
1.760900 0.979800 0.015729
1.777407 0.878103 0.015104
1.794070 0.810155 0.016431
1.810785 1.066439 0.015521
1.827437 1.025647 0.015243
1.844046 1.018664 0.016196
1.860864 0.958265 0.016300
1.877442 1.043029 0.017563
1.894050 1.033118 0.016541
1.910672 0.815996 0.013576
1.927411 0.844478 0.016094
1.944198 0.998517 0.017115
1.960875 1.029509 0.015112
1.977554 0.831880 0.013624
1.994041 0.903578 0.016722
2.010711 1.014069 0.016249
2.027463 0.955157 0.015068
2.044027 0.931739 0.015890
2.060676 0.916892 0.015526
2.077416 0.950352 0.015950
2.094037 0.843850 0.016436
2.110662 1.065367 0.014665
2.127298 0.955757 0.015974
2.144053 1.220468 0.016163
2.160680 1.000125 0.015581
2.177248 1.102350 0.016213
2.194018 0.984126 0.015403
2.210687 0.856392 0.015594
2.227405 0.891194 0.015600
2.244013 1.004996 0.016728
2.260670 0.989006 0.015164
2.277266 0.943078 0.015884
2.294040 0.891555 0.015279
2.310669 0.986844 0.016764
2.327291 0.991535 0.015833
2.343951 0.924068 0.015348
2.360720 1.013903 0.017383
2.377288 1.051942 0.016859
2.393951 0.928747 0.015203
2.410683 0.826694 0.014609
2.427315 0.683075 0.016161
2.443867 1.312448 0.015779
2.460754 1.375957 0.015305
2.477370 0.993013 0.016273
2.493955 0.774246 0.016230
2.510767 0.762386 0.014120
2.527381 0.843489 0.014164
2.543896 1.645804 0.039083
2.560650 1.073832 0.015476
2.577225 1.011542 0.013866
2.593993 1.115113 0.014160
2.610497 0.893215 0.015023
2.627390 1.009202 0.015518
2.643846 1.029956 0.015872
2.660591 0.925776 0.014902
2.677258 0.867715 0.014803
2.694075 0.862997 0.015101
2.710471 0.877219 0.014225
2.727485 0.885239 0.014969
2.744034 0.923475 0.015180
2.760841 0.916230 0.015094
2.777211 0.934517 0.015333
2.794046 0.922005 0.015360
2.810694 0.855206 0.014342
2.827561 0.826590 0.014497
2.844014 0.956827 0.015973
2.860810 1.006341 0.015783
2.877235 0.921529 0.014780
2.894029 0.869868 0.015228
2.910616 0.886329 0.015225
2.927631 0.885478 0.014710
2.944010 0.843071 0.013975
2.961018 0.903040 0.015532
2.977192 1.022773 0.016128
2.993875 0.986404 0.015386
3.010724 0.802215 0.013825
3.027412 0.839860 0.015538
3.043861 0.963163 0.015531
3.060740 0.952508 0.014996
3.077418 0.906627 0.015198
3.095748 0.672194 0.012800
3.110766 0.999427 0.016424
3.127528 1.080229 0.015069
3.144116 0.927503 0.014723
3.160741 0.797841 0.014539
3.177367 0.828982 0.014869
3.194478 0.895879 0.015046
3.217102 0.732420 0.015574
3.227302 1.350497 0.014153
3.244250 1.451627 0.015962
3.261392 0.876216 0.014122
3.278028 0.580320 0.014292
3.293941 0.756745 0.014291
3.310445 1.061085 0.016007
3.327592 1.055857 0.015368
3.344454 0.921637 0.015671
3.361770 0.805139 0.015189
3.376960 0.940408 0.015012
3.393664 0.957516 0.014824
3.410299 0.796649 0.013044
3.427005 0.860583 0.015744
3.443649 0.956294 0.015333
3.460320 0.927588 0.014671
3.477010 0.888465 0.015035
3.493678 0.799495 0.013686
3.510287 0.831619 0.014571
3.527176 0.992666 0.016497
3.543926 1.002384 0.015443
3.561412 0.868771 0.015114
3.578131 0.786874 0.014233
3.594962 0.779630 0.013805
3.611261 0.890277 0.014573
3.628084 0.924743 0.014583
3.643568 1.020124 0.015546
3.660326 0.990965 0.015743
3.676896 0.893069 0.015022
3.693586 0.817945 0.014483
3.710294 0.824894 0.014327
3.726942 0.905065 0.015075
3.743530 0.983496 0.015614
3.760364 0.903004 0.014539
3.776915 0.859490 0.014903
3.793561 0.915099 0.015549
3.810181 0.933381 0.015100
3.827054 0.841826 0.014033
3.843477 0.898942 0.015495
3.860192 0.987070 0.016009
3.876880 0.949118 0.015106
3.894696 0.836314 0.015253
3.911251 0.833283 0.014662
3.928031 0.869403 0.014628
3.944074 0.999849 0.015763
3.960126 0.991458 0.014878
3.977028 0.914866 0.015509
3.994929 0.718757 0.013606
4.011357 0.842801 0.015272
4.028094 0.974482 0.015275
4.044628 1.047706 0.016228
4.060236 0.922918 0.013860
4.077576 0.810514 0.015271
4.093597 0.920298 0.015503
4.112863 0.903675 0.016244
4.126843 1.031587 0.014457
4.146116 0.869268 0.015116
4.160185 1.044717 0.015531
4.176952 1.001418 0.015012
4.194502 0.800947 0.014444
4.211451 0.770719 0.014694
4.227685 0.964110 0.015821
4.243551 1.049914 0.015226
4.261102 0.912719 0.015137
4.278541 0.741696 0.014129
4.294344 0.812710 0.014040
4.311142 0.968046 0.015650
4.327859 1.070966 0.016580
4.344471 0.963580 0.015191
4.360405 0.802043 0.013506
4.376976 0.882485 0.016109
4.393512 0.988771 0.015606
4.410126 0.920395 0.014421
4.426908 0.911768 0.015825
4.443537 0.872763 0.014622
4.460099 0.873398 0.014730
4.476932 0.880089 0.014879
4.493531 0.938473 0.015573
4.510315 1.129828 0.018483
4.526873 0.902980 0.013363
4.544228 0.522604 0.010968
4.560121 0.962170 0.018286
4.577028 0.962170 0.000000
4.593515 1.435866 0.031084
4.610313 0.875619 0.012911
4.626987 0.875619 0.000000
4.643405 0.875619 0.000000
4.660949 0.875619 0.000000
4.676986 0.875619 0.000000
4.692545 1.166819 0.072810
4.708890 0.865938 0.016303
4.725762 1.983668 0.020266
Speed: 60
0.016780 0.054503 0.000348
0.033448 0.125963 0.001685
0.050048 0.050749 0.001459
0.066580 0.043660 0.001575
0.083205 0.097378 0.001998
0.100025 0.063950 0.001224
0.116566 0.200774 0.002837
0.133238 0.360781 0.004240
0.149954 0.547995 0.007808
0.166597 0.504363 0.006927
0.183293 0.516046 0.008767
0.199975 0.755566 0.012606
0.216633 0.675663 0.009194
0.233242 0.635746 0.011208
0.250076 0.760361 0.013065
0.266712 0.862328 0.013226
0.283320 0.897097 0.014308
0.299884 0.895489 0.014449
0.316629 0.864159 0.014599
0.333221 0.955627 0.015907
0.349784 1.055782 0.017290
0.366584 0.931277 0.014336
0.383224 0.903154 0.016244
0.399850 0.955449 0.016035
0.416607 0.963348 0.015758
0.433223 0.978637 0.016015
0.450054 1.127833 0.018787
0.466460 1.101815 0.017020
0.483312 0.997088 0.016903
0.499847 0.993377 0.017398
0.516757 1.081315 0.018076
0.533194 1.071621 0.016968
0.550022 1.073181 0.018172
0.566452 1.121796 0.018536
0.583350 1.022392 0.016603
0.599774 0.931737 0.016388
0.616470 1.123224 0.019492
0.633213 1.263918 0.019415
0.649917 1.141442 0.017903
0.666431 1.011941 0.017903
0.683134 1.042755 0.018347
0.699829 1.117101 0.018542
0.716496 1.133842 0.018130
0.733029 1.079344 0.017771
0.749878 1.087575 0.018730
0.766512 1.165172 0.019190
0.783154 1.162338 0.018768
0.799997 1.053550 0.017549
0.816534 1.120359 0.019823
0.833080 1.144516 0.018245
0.850052 1.149252 0.019678
0.866415 1.123465 0.017988
0.883164 1.023504 0.017484
0.899611 1.113266 0.019216
0.916559 1.212277 0.019623
0.933023 1.274051 0.020077
0.949780 1.010026 0.016612
0.966408 1.034131 0.019057
0.983308 1.215696 0.020174
0.999596 1.127303 0.017213
1.016676 1.053899 0.018392
1.033025 1.143490 0.019492
1.049890 1.213021 0.019575
1.066373 1.073648 0.017206
1.083326 1.106604 0.019699
1.099544 1.161131 0.019070
1.116255 1.090839 0.017669
1.132950 1.111498 0.019036
1.149519 1.171695 0.019427
1.166213 1.135495 0.018370
1.183046 1.131256 0.019067
1.199518 1.137438 0.019282
1.216298 1.134722 0.018569
1.232985 1.087635 0.019461
1.249455 1.262530 0.019865
1.266076 1.086759 0.018663
1.282780 1.234305 0.018382
1.299383 1.109540 0.019383
1.316683 1.287899 0.018835
1.332890 1.216451 0.018458
1.351328 1.124710 0.019488
1.366293 1.025642 0.017752
1.383816 1.097934 0.019078
1.400910 1.186533 0.019230
1.416208 1.296883 0.020828
1.432681 1.114266 0.017587
1.449457 1.020222 0.018559
1.466185 1.113873 0.019314
1.482635 1.172259 0.018857
1.499542 1.105756 0.017880
1.516245 1.022064 0.019531
1.534040 1.258309 0.019034
1.551519 1.165920 0.019304
1.568669 1.367804 0.019909
1.582646 1.271708 0.018957
1.604972 1.042899 0.018357
1.617676 1.090524 0.020226
1.637606 1.175652 0.018876
1.649232 1.091892 0.017486
1.665920 1.139884 0.019607
1.682627 1.151093 0.019068
1.699192 1.114490 0.018306
1.715894 1.070361 0.018304
1.732535 1.183386 0.020220
1.749162 1.228630 0.019457
1.765784 1.190341 0.019361
1.782734 1.028811 0.017361
1.799251 1.055918 0.019099
1.815780 1.160743 0.018889
1.832602 1.181983 0.019046
1.849250 1.088627 0.017720
1.865857 1.119583 0.019383
1.882485 1.238644 0.020580
1.899157 1.198601 0.018968
1.915757 1.181010 0.019906
1.932381 1.063218 0.017957
1.949151 1.105413 0.019377
1.965787 1.145366 0.018697
1.982413 1.192467 0.019598
1.999158 1.111008 0.018064
2.015787 1.127418 0.019553
2.032450 1.141258 0.018887
2.049185 1.190161 0.019756
2.065792 1.174509 0.019003
2.082411 1.168287 0.019701
2.099178 1.086457 0.018106
2.115834 1.078090 0.018544
2.132406 1.204517 0.020324
2.149065 1.137835 0.017780
2.165820 1.568933 0.039410
2.182442 1.128909 0.017215
2.199051 1.301290 0.019230
2.215771 1.398493 0.017798
2.232417 1.122313 0.018326
2.249029 1.050975 0.018116
2.265788 1.043187 0.017599
2.282395 1.125904 0.018816
2.299052 1.199049 0.018761
2.315797 1.131873 0.018427
2.332422 1.029446 0.017559
2.349009 0.975131 0.017000
2.365691 1.092457 0.018683
2.382413 1.080304 0.017068
2.399036 1.156170 0.019321
2.415621 1.183987 0.019001
2.432434 1.052906 0.017455
2.449048 1.014264 0.017927
2.465647 1.080459 0.018247
2.482388 1.130014 0.018347
2.499023 1.046127 0.016985
2.515618 1.070002 0.018417
2.532374 1.057378 0.017597
2.548975 1.059423 0.017622
2.565644 1.130456 0.018818
2.582279 1.170764 0.018886
2.598981 1.091050 0.017885
2.615597 1.020513 0.017617
2.632247 1.061648 0.018272
2.649167 1.105746 0.018352
2.665605 1.099035 0.017710
2.682239 1.020149 0.017039
2.698986 1.074662 0.018655
2.715638 1.080163 0.017529
2.732236 1.104271 0.018313
2.748990 1.068038 0.017696
2.765611 1.076467 0.018206
2.782214 1.039158 0.017153
2.798828 1.060809 0.017957
2.815557 1.102330 0.018200
2.832259 1.095655 0.017987
2.848890 1.126327 0.018687
2.865600 1.024464 0.016929
2.882223 0.944145 0.016429
2.898999 1.161382 0.020204
2.915605 1.169301 0.017550
2.932234 1.069480 0.017735
2.948839 0.995976 0.017343
2.965500 1.072960 0.018503
2.982199 1.173762 0.018954
2.998849 1.078979 0.017128
3.015448 0.972355 0.016921
3.032278 1.060654 0.018760
3.048843 1.095592 0.017430
3.065455 1.143600 0.018711
3.082175 1.148736 0.018799
3.098888 1.042369 0.017378
3.115470 0.986249 0.017229
3.132212 1.013971 0.017454
3.148823 1.090243 0.017815
3.165474 1.123830 0.018133
3.182098 1.070178 0.017498
3.198820 1.067311 0.018291
3.215426 1.191470 0.019778
3.232090 1.134959 0.017923
3.248827 0.967191 0.016566
3.265446 1.050562 0.018916
3.282054 1.133639 0.018077
3.298803 1.123484 0.018146
3.315414 0.998396 0.016781
3.332026 1.070996 0.018822
3.348771 1.088574 0.017596
3.365429 1.071750 0.017733
3.382064 1.136191 0.019002
3.398648 1.204147 0.019424
3.415377 1.045122 0.016917
3.432045 0.943983 0.017066
3.448651 1.057138 0.018386
3.465490 1.134860 0.018150
3.481993 1.107959 0.017682
3.498696 1.061562 0.017942
3.515391 1.001547 0.017108
3.532014 1.139361 0.019433
3.548625 1.237648 0.019427
3.565404 1.093446 0.017506
3.582016 0.993980 0.017699
3.598649 1.076498 0.018737
3.615231 1.119971 0.017898
3.632010 1.080819 0.017773
3.648659 1.091367 0.018491
3.665268 1.094553 0.018092
3.682000 1.133568 0.018940
3.698628 1.158377 0.018941
3.715262 1.161371 0.019094
3.731982 1.083335 0.018096
3.748710 0.948279 0.016497
3.765253 1.032051 0.018211
3.782012 1.227505 0.019847
3.798655 1.160820 0.017703
3.815226 0.972626 0.016693
3.831874 1.314541 0.023473
3.848619 1.179351 0.016838
3.865221 0.977825 0.017397
3.881849 1.004747 0.018290
3.898608 1.075606 0.017814
3.915204 1.075606 0.000000
3.931830 1.194648 0.037245
3.948597 1.109192 0.018090
3.965237 1.003862 0.017410
3.981824 0.963123 0.016846
3.998680 1.193786 0.020467
Speed: 70
0.016754 0.051757 0.000765
0.033374 0.069081 0.000554
0.049935 0.051669 0.000860
0.066751 0.078307 0.000470
0.084967 0.035830 0.000651
0.100102 0.053352 0.001616
0.117863 0.106813 0.001331
0.135534 0.302240 0.004551
0.149897 0.571382 0.008113
0.166551 0.717843 0.009508
0.183219 0.445836 0.006794
0.199827 0.610003 0.010131
0.216637 0.760392 0.012438
0.237041 1.035972 0.013785
0.253012 0.992066 0.013904
0.266478 0.794482 0.013539
0.283316 0.762673 0.014353
0.300080 0.882448 0.015011
0.316594 1.167784 0.018559
0.333534 1.182772 0.017198
0.349887 0.926676 0.015377
0.367443 0.905804 0.017158
0.383055 1.061368 0.017784
0.403826 1.201730 0.018865
0.416456 1.153418 0.018039
0.433319 1.025414 0.019177
0.449790 1.216726 0.019112
0.466651 1.137220 0.019354
0.483065 1.340896 0.019382
0.499927 1.156581 0.019552
0.517659 1.296820 0.019254
0.533443 1.467286 0.022990
0.553276 1.249316 0.019509
0.566838 1.021155 0.018778
0.583078 1.090139 0.019884
0.599706 1.303168 0.021279
0.616625 1.357362 0.020800
0.633090 1.290875 0.021039
0.649723 1.167616 0.020024
0.666463 1.233287 0.021501
0.683237 1.293954 0.021163
0.699716 1.224910 0.019943
0.716473 1.221031 0.020763
0.733058 1.270704 0.021202
0.752239 1.360229 0.022389
0.766394 1.308372 0.021227
0.783492 1.312570 0.021869
0.799690 1.220617 0.020600
0.816404 1.207236 0.020641
0.833078 1.359936 0.022679
0.849698 1.315101 0.020735
0.866305 1.268697 0.021537
0.883091 1.259801 0.021320
0.899712 1.440182 0.024371
0.916324 1.406647 0.021747
0.933024 1.165424 0.019749
0.949713 1.220231 0.022326
0.966332 1.361263 0.022282
0.986407 1.489862 0.023425
0.999681 1.251065 0.019910
1.016337 1.224301 0.022307
1.035334 1.376112 0.023062
1.056600 1.362938 0.021528
1.066305 1.334734 0.022356
1.082894 1.291079 0.021692
1.099820 1.317106 0.022549
1.116386 1.375798 0.022452
1.132963 1.337411 0.021857
1.149782 1.187422 0.020754
1.166390 1.348523 0.023340
1.182970 1.453661 0.023084
1.199604 1.310125 0.020380
1.216408 1.149626 0.020694
1.232967 1.256224 0.022431
1.249629 1.438309 0.023015
1.266354 1.432307 0.021990
1.283134 1.254688 0.020858
1.299617 1.363880 0.024181
1.316551 1.401697 0.022387
1.332927 1.248217 0.020899
1.349881 1.253372 0.021938
1.366369 1.314025 0.021962
1.382973 1.355276 0.021987
1.399593 1.413569 0.023365
1.416259 1.303620 0.021179
1.432952 1.301803 0.022703
1.449604 1.380488 0.023051
1.466214 1.339622 0.022736
1.482956 1.388534 0.022286
1.499606 1.292529 0.021023
1.516253 0.970255 0.023919
1.532877 1.707170 0.022702
1.549452 2.006166 0.022490
1.566103 1.484296 0.021579
1.582825 0.989240 0.021741
1.599601 1.202538 0.023712
1.616120 1.368307 0.021793
1.632739 1.457442 0.022034
1.649466 1.327449 0.022012
1.666038 1.383087 0.023615
1.682797 1.037953 0.023411
1.699426 2.143196 0.020530
1.716170 2.501291 0.025133
1.732656 1.488252 0.021829
1.749499 0.940868 0.024232
1.766219 0.883764 0.019126
1.783077 1.331787 0.022657
1.799591 1.638220 0.023585
1.816319 1.614913 0.024568
1.832867 1.322861 0.021830
1.849734 1.149535 0.021936
1.866257 1.390842 0.024339
1.884930 1.493648 0.022955
1.899535 1.747762 0.043726
1.916362 1.282639 0.020978
1.932851 1.321536 0.020695
1.949615 1.452848 0.021091
1.966313 1.418970 0.022894
1.982852 1.283277 0.020182
1.999512 1.234635 0.021414
2.016258 1.296583 0.022154
2.032808 1.359476 0.021542
2.049436 1.248573 0.020249
2.066110 1.263389 0.021909
2.082812 1.348509 0.022221
2.099726 1.348203 0.022173
2.116166 1.234440 0.020152
2.136087 0.999792 0.021278
2.149909 1.477408 0.021544
2.169169 1.514745 0.022784
2.182860 1.566951 0.021274
2.202194 1.080579 0.020174
2.216083 1.325451 0.020835
2.232806 1.494205 0.022511
2.249494 1.368324 0.021424
2.266207 1.170859 0.020631
2.282705 1.172547 0.020953
2.299567 1.312471 0.022115
2.316054 1.290264 0.020143
2.332768 1.227518 0.020708
2.349458 1.231495 0.021058
2.366812 1.314636 0.022782
2.383433 1.315106 0.021174
2.399572 1.245385 0.020106
2.418778 1.042676 0.020825
2.432768 1.538296 0.022552
2.451693 1.485333 0.021774
2.466100 1.424910 0.020806
2.482780 1.187914 0.020401
2.499324 1.208846 0.021925
2.516131 1.298977 0.021620
2.532711 1.246006 0.019934
2.549450 1.229543 0.020964
2.566092 1.276488 0.021359
2.582760 1.361654 0.022311
2.599313 1.271518 0.020316
2.616133 1.198647 0.020942
2.633163 1.176198 0.020632
2.649372 1.268529 0.020734
2.668167 1.215916 0.021848
2.683053 1.381659 0.020880
2.703013 1.180640 0.021347
2.716222 1.593213 0.021923
2.732694 1.527020 0.020919
2.749199 1.147909 0.019482
2.765900 1.101805 0.021597
2.782542 1.242040 0.021061
2.799257 1.311380 0.020740
2.815792 1.306515 0.021036
2.832653 1.264129 0.021360
2.849159 1.256425 0.021098
2.865859 1.246928 0.020884
2.882449 1.178534 0.019630
2.899269 1.186810 0.020551
2.916898 1.187814 0.020848
2.932482 1.423885 0.022238
2.951883 1.220081 0.020729
2.965910 1.309712 0.019411
2.985369 1.226736 0.022511
2.999143 1.448522 0.020370
3.015858 1.410189 0.021271
3.032422 1.234227 0.020750
3.049213 1.200897 0.021662
3.065822 1.180315 0.019875
3.082519 1.276500 0.021489
3.099096 1.291527 0.020614
3.115875 1.342612 0.022404
3.132386 1.265460 0.020474
3.149041 1.198385 0.020595
3.165893 1.218789 0.021171
3.182500 1.309682 0.021575
3.201211 1.192359 0.021345
3.215941 1.330775 0.020302
3.234979 1.204427 0.021155
3.248990 1.475061 0.021328
3.265625 1.531040 0.022756
3.282390 1.268655 0.020826
3.299037 1.082829 0.020160
3.315625 1.210574 0.021579
3.333716 1.193841 0.020351
3.358030 0.901107 0.022085
3.365679 2.814627 0.021871
3.382335 3.593699 0.025196
Speed: 80
0.016494 0.048939 0.000655
0.033290 0.005463 0.000599
0.049833 0.014902 0.000637
0.066599 0.016974 0.000352
0.083242 0.035572 0.000789
0.099812 0.041352 0.000520
0.116454 0.209869 0.003183
0.133313 0.444880 0.005876
0.149854 0.499307 0.006308
0.166430 0.635949 0.010218
0.183200 0.725965 0.011037
0.199816 0.549760 0.008337
0.216472 0.657081 0.012341
0.233062 0.771619 0.014007
0.249827 1.176252 0.015231
0.266551 1.193027 0.015876
0.283258 0.890624 0.015438
0.299840 0.965567 0.017564
0.316526 1.211964 0.019288
0.333068 1.116863 0.016603
0.349789 1.063580 0.018334
0.366479 1.034306 0.017786
0.383020 1.273481 0.021629
0.399972 1.337242 0.020192
0.416406 1.226463 0.019916
0.433048 1.189666 0.020712
0.449632 1.343916 0.022755
0.466538 1.240578 0.020876
0.483025 1.314345 0.020470
0.499642 1.412483 0.022940
0.516408 1.450225 0.023355
0.533124 1.203805 0.021009
0.549666 1.180319 0.022511
0.566643 1.448173 0.021754
0.582996 1.635346 0.024635
0.599677 1.432546 0.022468
0.616387 1.252936 0.022520
0.633019 1.297224 0.023165
0.649615 1.403514 0.023608
0.666318 1.432241 0.024121
0.683012 1.473863 0.022758
0.699755 1.489547 0.024610
0.716232 1.482863 0.024363
0.732996 1.313877 0.023833
0.749626 1.493809 0.023893
0.766217 1.544009 0.025474
0.782987 1.584419 0.023907
0.799622 1.390455 0.023402
0.816349 1.405470 0.024504
0.832838 1.457512 0.025358
0.849705 1.365907 0.023816
0.866237 1.510194 0.022610
0.882857 1.699990 0.026763
0.899707 1.583567 0.024709
0.916192 1.274212 0.022374
0.932848 1.216207 0.023081
0.949578 1.603940 0.026723
0.966295 1.760869 0.026506
0.982817 1.426092 0.023412
0.999708 1.410671 0.024694
1.016204 1.520010 0.025253
1.032927 1.574140 0.025338
1.049434 1.438496 0.023491
1.066296 1.358091 0.025195
1.082835 1.402063 0.026004
1.099681 1.350410 0.024289
1.116163 1.896797 0.024277
1.132866 1.929756 0.026328
1.149441 1.576538 0.025858
1.166212 0.933025 0.023150
1.182816 1.623447 0.023924
1.199532 2.091472 0.027663
1.216208 1.733307 0.024991
1.232804 1.227399 0.023253
1.249421 1.283824 0.025865
1.266086 1.546416 0.025187
1.282832 1.708086 0.026178
1.299550 1.586494 0.025195
1.316055 1.496208 0.025772
1.332830 1.526027 0.026177
1.349542 1.479271 0.024463
1.366038 1.436210 0.024331
1.382907 1.582382 0.026747
1.399428 1.644529 0.026252
1.416077 1.526260 0.024784
1.432865 1.457120 0.025223
1.449569 1.467490 0.025152
1.466225 1.550120 0.025731
1.482797 1.485318 0.024004
1.499549 1.585890 0.027442
1.516169 1.583915 0.025212
1.532788 1.500975 0.025066
1.549597 1.462114 0.024931
1.566194 1.563328 0.026380
1.582789 1.704219 0.027468
1.599667 1.516644 0.024202
1.616244 1.422425 0.025124
1.633036 1.615562 0.027601
1.649602 1.573126 0.024837
1.666275 1.530380 0.025712
1.682826 1.396816 0.025248
1.699961 1.349318 0.026137
1.716293 1.530237 0.022762
1.732854 1.996562 0.044463
1.749548 1.684925 0.026255
1.766342 1.602435 0.024772
1.782799 1.679747 0.024511
1.799560 1.400925 0.023586
1.816232 1.527925 0.025742
1.832867 1.445021 0.023029
1.849463 1.382135 0.023253
1.866218 1.562821 0.026607
1.882961 1.547771 0.024362
1.899529 1.456598 0.024214
1.916202 1.394342 0.024015
1.932884 1.469741 0.025037
1.949526 1.563621 0.025392
1.966171 1.437163 0.023145
1.982760 1.377487 0.023883
1.999537 1.462318 0.025037
2.016101 1.499696 0.024145
2.033136 1.333288 0.022389
2.049447 1.496622 0.025695
2.066428 1.621194 0.026076
2.082663 1.418751 0.022066
2.099748 1.294685 0.023932
2.116169 1.470732 0.025210
2.132776 1.534798 0.023932
2.149574 1.427377 0.023484
2.166417 1.328534 0.023235
2.182671 1.516830 0.025435
2.199984 1.506101 0.024307
2.216180 1.392870 0.022663
2.233021 1.445285 0.025319
2.249532 1.538067 0.024970
2.266180 1.495429 0.024123
2.287820 1.049120 0.023274
2.299323 1.970876 0.024046
2.316054 2.232732 0.026094
2.332629 1.474367 0.022319
2.350476 0.920803 0.023630
2.365898 1.327700 0.024179
2.382555 1.648314 0.023846
2.399179 1.614481 0.024181
2.415965 1.488417 0.025266
2.432552 1.338372 0.023222
2.449648 1.272801 0.023113
2.466031 1.430572 0.023884
2.482997 1.501539 0.024129
2.499236 1.499442 0.023753
2.515853 1.392479 0.023180
2.532638 1.381612 0.024053
2.549297 1.525357 0.025514
2.565831 1.485413 0.023372
2.582635 1.408283 0.024010
2.599127 1.396424 0.023668
2.615803 1.425600 0.023876
2.640111 1.028883 0.024468
2.649371 2.422002 0.023119
2.665749 2.853455 0.026561
2.682598 1.652541 0.024099
2.699593 0.689183 0.022016
2.720960 0.486181 0.023323
2.736583 1.451525 0.023836
2.754306 2.013343 0.025978
2.765705 2.195492 0.022968
2.782376 1.576741 0.024076
2.799171 1.117469 0.023997
2.815874 1.202060 0.023896
2.832436 1.545997 0.024912
2.849155 1.656698 0.024781
2.865675 1.507215 0.024008
2.882799 1.317622 0.023861
2.899139 1.409752 0.024486
2.915784 1.569695 0.025354
2.932437 1.522326 0.024017
2.949345 1.381203 0.023759
2.965791 1.401605 0.024195
2.982747 1.344785 0.022603
2.999110 1.571854 0.026166
3.015935 1.840387 0.029002
3.032460 1.840387 0.000000
3.048953 1.644827 0.045736
3.065755 1.298247 0.022588
3.082351 1.253741 0.023658
3.098910 1.253741 0.000000
3.115682 1.451658 0.049742
Speed: 90
0.016751 0.066498 0.000340
0.033217 0.019697 0.000582
0.050225 0.027387 0.000773
0.066550 0.043501 0.000803
0.083215 0.076766 0.001616
0.099931 0.038167 0.000896
0.120792 0.315935 0.004796
0.133146 0.423067 0.004504
0.149977 0.604544 0.009184
0.166554 0.567682 0.007963
0.186472 0.439814 0.007655
0.199798 0.481273 0.009050
0.216567 0.743417 0.012147
0.233164 1.009093 0.014643
0.249837 1.228026 0.018352
0.267240 0.927291 0.016649
0.283197 0.886358 0.015344
0.299962 1.176459 0.018983
0.316519 1.399078 0.017921
0.333198 1.285512 0.019133
0.350062 1.131965 0.019825
0.366569 1.136758 0.020158
0.383413 1.260213 0.020995
0.399848 1.442940 0.022898
0.416665 1.430178 0.022478
0.433204 1.298741 0.021580
0.450014 1.255655 0.022033
0.466410 1.451644 0.024632
0.483413 1.361544 0.024632
0.499791 1.591259 0.021796
0.516675 1.569701 0.023951
0.533172 1.489290 0.024861
0.550673 1.504069 0.025758
0.566419 1.461152 0.024196
0.583183 1.465596 0.024834
0.599756 1.582173 0.026211
0.616415 1.498997 0.024178
0.633161 1.464670 0.024889
0.649719 1.579765 0.026649
0.666392 1.659118 0.026736
0.683008 1.559415 0.025360
0.699926 1.517469 0.025919
0.716363 1.571752 0.026767
0.733100 1.639366 0.026760
0.750084 1.667537 0.027193
0.766404 1.626181 0.026900
0.783285 1.588657 0.026831
0.800198 1.522244 0.025593
0.817397 1.547558 0.026519
0.833402 1.547558 0.000000
0.849844 1.645063 0.053874
0.866762 1.666128 0.027416
0.884173 1.669582 0.027624
0.899990 1.684211 0.027820
0.916876 1.643745 0.027538
0.933302 1.650993 0.027910
0.950757 1.370615 0.027791
0.966942 1.984427 0.026709
0.983268 1.993975 0.028685
1.000083 1.839627 0.027198
1.017654 1.530837 0.027173
1.033612 1.468309 0.026765
1.050293 1.637033 0.027791
1.066865 1.830539 0.029201
1.083133 1.730439 0.027199
1.100760 1.611435 0.027431
1.116976 1.615475 0.028253
1.134130 1.712673 0.028300
1.151294 1.734069 0.028163
1.167573 1.575965 0.026080
1.184788 1.514901 0.028886
1.200481 1.895105 0.029102
1.217152 1.898025 0.028413
1.232846 1.681594 0.027792
1.250008 1.707391 0.030229
1.267662 1.628879 0.027596
1.282724 1.546497 0.025864
1.300523 1.517244 0.029938
1.316080 2.009512 0.028751
1.334087 1.924639 0.030460
1.349479 1.749028 0.025170
1.367492 1.647159 0.029319
1.383774 1.704585 0.029089
1.400715 1.680221 0.027580
1.416904 1.714531 0.028862
1.433801 1.817840 0.029874
1.450247 1.658206 0.026745
1.466955 1.675852 0.029374
1.483734 1.691293 0.028019
1.500231 1.767966 0.029158
1.517099 1.738908 0.028521
1.533571 1.745359 0.029276
1.550213 1.611505 0.029627
1.567260 1.741043 0.026680
1.583591 1.592607 0.028709
1.600600 2.010047 0.047276
1.616163 1.685858 0.025572
1.633543 1.878475 0.029033
1.651423 1.913213 0.028954
1.667044 1.628021 0.025655
1.683886 1.575427 0.026609
1.700450 1.541446 0.026044
1.716709 1.698260 0.027355
1.733775 1.808945 0.028906
1.750327 1.665873 0.026763
1.767107 1.553408 0.027049
1.783680 1.596290 0.027350
1.800100 1.675395 0.027186
1.817245 1.672379 0.027779
1.833550 1.652871 0.027017
1.850577 1.544634 0.026460
1.867102 1.592983 0.027191
1.883867 1.571492 0.025981
1.900440 1.751681 0.029131
1.917214 1.606835 0.025476
1.933801 1.529562 0.026494
1.950416 1.587633 0.027038
1.966990 1.691236 0.027550
1.983470 1.717118 0.027451
1.999961 1.623203 0.026553
2.017316 1.500809 0.026906
2.033791 1.627699 0.027770
2.049173 1.728381 0.025675
2.065942 1.752185 0.028462
2.082695 1.618515 0.026911
2.099607 1.549971 0.027367
2.116210 1.580149 0.026803
2.132773 1.576795 0.025863
2.149578 1.592791 0.026796
2.166227 1.635266 0.027089
2.182990 1.665616 0.027549
2.199463 1.676239 0.027365
2.216276 1.599724 0.026800
2.232842 1.595636 0.027050
2.249490 1.529956 0.025495
2.266063 1.625433 0.027448
2.282879 1.609050 0.026244
2.299469 1.648969 0.027489
2.316106 1.713582 0.028165
2.332760 1.592746 0.026009
2.349497 1.536860 0.026720
2.366075 1.559916 0.026324
2.382841 1.594225 0.026541
2.399425 1.702975 0.027944
2.416131 1.708248 0.027622
2.432954 1.585195 0.026625
2.449481 1.542598 0.026496
2.466232 1.643656 0.027890
2.482712 1.623923 0.025953
2.499473 1.624436 0.027387
2.516107 1.625839 0.027040
2.532657 1.676145 0.027735
2.549533 1.654395 0.027485
2.566052 1.580584 0.026285
2.582678 1.652817 0.028089
2.599389 1.632371 0.026670
2.616134 1.503067 0.025340
2.632653 1.646662 0.028255
2.649605 1.762384 0.028629
2.666002 1.658319 0.026270
2.683078 1.612906 0.028477
2.699324 1.600053 0.026328
2.716252 1.627741 0.027670
2.732616 1.721734 0.027976
2.749390 1.712388 0.027910
2.766019 1.752697 0.029221
2.782650 1.752697 0.000000
2.799240 1.657388 0.053785
2.816064 1.657388 0.000000
2.832629 1.577201 0.054227
Speed: 100
0.016616 0.071298 0.001707
0.033475 0.033503 0.000409
0.049984 0.078349 0.001637
0.066632 0.160073 0.003038
0.083504 0.110259 0.000140
0.100054 0.081702 0.000995
0.116714 0.205545 0.001957
0.133466 0.368807 0.005072
0.149988 0.519183 0.007247
0.166594 0.493535 0.007012
0.183191 0.579005 0.009651
0.200080 0.707638 0.011094
0.217329 0.869658 0.013341
0.233227 0.872750 0.013088
0.249937 1.048094 0.017312
0.266674 1.017431 0.015686
0.283198 1.022285 0.017039
0.300088 1.231722 0.020470
0.316566 1.272224 0.019595
0.335184 1.191938 0.019445
0.349960 1.224802 0.021292
0.366786 1.361954 0.022195
0.383157 1.334102 0.021057
0.400080 1.445987 0.024237
0.416588 1.437550 0.023197
0.433162 1.383887 0.023010
0.449807 1.475786 0.025054
0.466740 1.560598 0.025334
0.483168 1.511691 0.024626
0.499822 1.478591 0.024719
0.516538 1.589535 0.027139
0.533385 1.509720 0.024027
0.549875 1.611085 0.027745
0.566426 1.654771 0.026543
0.583174 1.676593 0.027585
0.601528 1.626302 0.026803
0.617484 1.628746 0.028032
0.633137 1.663275 0.027208
0.649892 1.672533 0.027588
0.666458 1.684036 0.028056
0.683156 1.686032 0.028090
0.699867 1.734809 0.028653
0.716383 1.714389 0.028280
0.733271 1.745705 0.029282
0.749788 1.782060 0.029261
0.766498 1.713680 0.028600
0.782986 1.726693 0.029017
0.799879 1.706676 0.028583
0.816394 1.598054 0.026645
0.832937 1.886627 0.032323
0.849751 1.882023 0.028876
0.866509 1.788155 0.029968
0.882937 1.744324 0.029758
0.899932 1.757788 0.029557
0.916283 1.831928 0.030829
0.932965 1.944659 0.031463
0.949687 1.808141 0.029078
0.966313 1.712583 0.029797
0.982902 1.775916 0.030420
0.999596 1.864739 0.030442
1.016311 1.813656 0.029792
1.032898 1.800054 0.030089
1.049528 1.826753 0.030709
1.066316 1.852934 0.030623
1.082923 1.747759 0.028973
1.102764 1.836721 0.031173
1.117431 1.953940 0.032073
1.133022 1.899029 0.030634
1.149786 1.868923 0.031508
1.168106 1.750441 0.029535
1.183143 1.791823 0.031195
1.199687 1.899917 0.030822
1.216212 1.930690 0.031447
1.232890 1.921626 0.031608
1.249532 1.842737 0.030713
1.266177 1.788839 0.030665
1.282893 1.798673 0.030160
1.299591 1.862293 0.031371
1.316144 2.017463 0.033040
1.332911 1.902175 0.030363
1.350780 1.768915 0.030271
1.366346 1.856569 0.032152
1.384101 1.933446 0.031288
1.400154 1.840163 0.030119
1.416168 1.789843 0.030464
1.432926 1.898099 0.031846
1.449697 2.002666 0.032755
1.471164 2.056617 0.033245
1.482786 1.882104 0.030923
1.499539 1.552976 0.027332
1.516229 1.972360 0.051896
1.532791 1.970333 0.031432
1.549522 1.879455 0.027829
1.566141 1.857218 0.029641
1.582852 1.786885 0.030329
1.599407 1.689101 0.027654
1.616141 1.667621 0.028480
1.632755 1.804087 0.030114
1.649364 1.992863 0.031731
1.666159 1.820227 0.028970
1.682760 1.648627 0.028782
1.699378 1.599372 0.027997
1.716112 1.849450 0.031374
1.732775 1.904701 0.029642
1.749507 1.767989 0.029124
1.766349 1.646824 0.028894
1.782876 1.695396 0.029001
1.799514 1.905982 0.031307
1.816100 1.817773 0.028410
1.832852 1.736276 0.029830
1.849431 1.777252 0.030132
1.866131 1.912276 0.031589
1.882748 1.796026 0.028728
1.899483 1.611156 0.027942
1.916064 1.705741 0.029801
1.932871 1.940694 0.031810
1.949459 1.791820 0.027803
1.966084 1.702877 0.029554
1.982701 1.816929 0.030917
1.999495 1.748552 0.028423
2.016074 1.793188 0.030310
2.032717 1.776617 0.029171
2.049410 1.773559 0.029758
2.066117 1.717261 0.028721
2.082692 1.736888 0.029254
2.099439 1.825883 0.030420
2.116043 1.917098 0.031123
2.132726 1.670158 0.027134
2.149420 1.681509 0.030117
2.171004 1.428192 0.030666
2.182611 2.511081 0.029937
2.199356 2.575346 0.030054
2.216095 1.778349 0.029246
2.232581 1.280605 0.027601
2.249278 1.500812 0.029210
2.265990 1.878797 0.029606
2.282696 1.983742 0.030000
2.299201 1.864194 0.029901
2.315932 1.723898 0.029860
2.332566 1.670842 0.028969
2.349169 1.749580 0.029463
2.365897 1.846445 0.030226
2.382515 1.789300 0.028945
2.399182 1.698071 0.028756
2.415901 1.711619 0.029364
2.432968 1.866539 0.031742
2.449112 1.811937 0.028071
2.465799 1.720695 0.029195
2.482524 1.679948 0.028932
2.499145 1.899469 0.031814
2.515731 1.890707 0.029555
2.532580 1.704795 0.028798
2.549128 1.736953 0.030255
2.565767 1.848212 0.030493
Speed: 110
0.016739 0.051882 0.000633
0.033419 0.028084 0.000271
0.050040 0.071367 0.001237
0.066671 0.016808 0.001035
0.083410 0.050084 0.000948
0.100021 0.072696 0.000834
0.116682 0.258903 0.004263
0.133989 0.341173 0.004565
0.150096 0.377979 0.006497
0.166811 0.529074 0.008387
0.183175 0.626505 0.009169
0.200011 0.613193 0.009360
0.216659 0.817976 0.013903
0.233425 1.033418 0.015408
0.249992 1.019331 0.015240
0.268952 0.904917 0.015373
0.283081 1.046987 0.018257
0.300045 1.184592 0.018425
0.316449 1.354257 0.021619
0.333202 1.301814 0.020226
0.352989 1.297391 0.022025
0.366912 1.359080 0.022740
0.383102 1.465025 0.021873
0.399803 1.550852 0.024382
0.416624 1.495924 0.024303
0.433162 1.539464 0.026068
0.449725 1.508837 0.024684
0.466533 1.558535 0.026420
0.483090 1.588003 0.025894
0.499817 1.616372 0.026664
0.516447 1.686890 0.027933
0.533336 1.715464 0.028010
0.549706 1.706958 0.028250
0.566623 1.650391 0.027786
0.583045 1.664195 0.028196
0.599931 1.759587 0.028932
0.616332 1.789612 0.029303
0.633476 1.835598 0.030083
0.649683 1.787761 0.029844
0.667014 1.716824 0.028674
0.683067 1.735544 0.030751
0.700032 1.984747 0.031796
0.716297 1.933046 0.029757
0.733134 1.782875 0.030197
0.749704 1.848351 0.032261
0.766428 1.426554 0.030460
0.782888 2.193995 0.030049
0.799666 2.501243 0.033269
0.816313 2.001485 0.030861
0.833131 1.668591 0.031944
0.849759 1.639683 0.029888
0.866564 1.892873 0.032021
0.882982 1.989509 0.030852
0.899968 2.089028 0.033928
0.916371 1.943707 0.031637
0.933097 1.843649 0.032027
0.950084 1.790925 0.030506
0.966443 1.895316 0.033128
0.982948 2.119805 0.033826
0.999657 2.016110 0.030992
1.016396 1.966787 0.030534
1.033137 2.048456 0.034509
1.049574 2.020602 0.032980
1.066454 1.969137 0.033407
1.082959 1.932488 0.032254
1.099762 1.929471 0.032672
1.116329 1.995218 0.033082
1.133113 1.982608 0.032637
1.149598 1.963725 0.032541
1.166329 1.909300 0.033923
1.182995 2.168943 0.034406
1.199826 2.159872 0.033859
1.216188 1.923464 0.032058
1.233139 1.817371 0.032270
1.249560 2.084957 0.035435
1.266159 2.101718 0.034499
1.282934 1.908624 0.031865
1.299798 1.966831 0.032441
1.316102 2.129619 0.034803
1.332964 2.109473 0.034123
1.349556 2.040477 0.034524
1.366371 2.834008 0.067714
1.382967 2.182720 0.032470
1.399522 1.879003 0.033104
1.416167 1.811948 0.031065
1.432806 1.670384 0.028559
1.449623 1.749129 0.029867
1.466110 2.024288 0.032712
1.482922 2.067882 0.032428
1.499636 1.863383 0.030529
1.516136 1.744086 0.030512
1.532854 1.901449 0.032636
1.549517 1.992084 0.031929
1.566236 1.809649 0.029478
1.582720 1.733407 0.030047
1.599371 1.926467 0.032722
1.616085 2.056976 0.032754
1.632855 1.932945 0.031315
1.649297 1.766850 0.030050
1.666196 1.965690 0.034630
1.682695 2.024745 0.031838
1.699535 1.824576 0.030240
1.716038 1.872561 0.032487
1.732890 1.964946 0.032697
1.749316 2.016296 0.032391
1.766261 1.889310 0.031588
1.782664 1.835613 0.031061
1.799442 2.022243 0.034485
1.815937 2.063400 0.032419
1.832835 1.977020 0.033051
1.849294 1.871705 0.031489
1.866049 1.843009 0.031766
1.882696 1.956723 0.032812
1.899455 1.945764 0.031627
1.915915 1.964462 0.032409
1.932808 1.928272 0.032410
1.949325 1.899216 0.031661
1.966078 1.966358 0.033188
1.982773 2.024866 0.033246
1.999317 2.027305 0.033048
2.016130 1.918390 0.032240
2.032718 1.820035 0.031079
2.049307 1.888669 0.032145
2.065922 2.051253 0.033523
2.082556 2.041263 0.032573
2.099328 1.968166 0.033135
2.115879 1.968166 0.000000
2.132544 1.881285 0.064629
2.149288 1.995872 0.033795
2.165926 1.995872 0.000000
2.182525 1.984401 0.062036
2.199171 1.991243 0.033195
2.215909 2.223987 0.037163
2.232578 1.796422 0.028010
2.249146 1.803275 0.033323
2.265998 1.990368 0.033531
2.282539 2.148039 0.034009
2.299356 1.951919 0.031485
2.315894 1.895234 0.032975
2.332538 2.005412 0.033815
2.349159 1.970075 0.031836
2.365998 1.932655 0.032859
2.382509 1.856482 0.030956
2.399144 1.818586 0.030893
Speed: 120
0.016613 0.110709 0.000168
0.036950 0.038135 0.000040
0.052862 0.102695 0.001032
0.066895 0.021444 0.000805
0.087567 0.063890 0.000341
0.100481 0.039779 0.000016
0.119276 0.266309 0.004609
0.133321 0.444947 0.004973
0.149900 0.602142 0.008756
0.166561 0.782521 0.010961
0.183313 0.619985 0.008668
0.199954 0.485549 0.009478
0.216714 0.747495 0.013512
0.233215 1.001446 0.015547
0.250071 1.183147 0.016491
0.266540 1.064022 0.018038
0.283234 1.317458 0.019539
0.299971 1.201819 0.019557
0.316535 1.393882 0.020426
0.337404 1.392407 0.022159
0.352835 1.376019 0.023329
0.366487 1.324386 0.022161
0.383028 1.528657 0.025667
0.399693 1.663341 0.025930
0.420724 1.546557 0.024753
0.433113 1.465518 0.026390
0.449643 1.624646 0.027305
0.466438 1.727915 0.026964
0.483053 1.765714 0.028639
0.499729 1.656767 0.027419
0.516778 1.716449 0.028824
0.533079 1.929384 0.031123
0.549992 1.988814 0.030581
0.566448 1.756139 0.028754
0.583304 1.721622 0.030417
0.599692 1.762797 0.029861
0.616348 1.951555 0.032095
0.633083 2.004883 0.031784
0.649807 1.894958 0.031157
0.666290 1.886341 0.032641
0.683090 1.974300 0.032650
0.699718 1.958084 0.032505
0.716292 2.028049 0.033287
0.733052 1.968542 0.032458
0.749704 1.967581 0.033172
0.766315 2.064874 0.034371
0.783044 2.079268 0.033671
0.799689 2.021993 0.033686
0.816467 1.904058 0.032114
0.833075 2.084254 0.035719
0.849671 2.185782 0.034963
0.866298 2.069769 0.033509
0.882942 1.990437 0.034198
0.899694 2.119772 0.035982
0.916413 2.136656 0.034436
0.932906 2.119454 0.035255
0.949683 2.057423 0.034577
0.966278 2.130569 0.035857
0.982899 2.130911 0.035097
0.999495 2.196210 0.036334
1.016296 2.143906 0.035603
1.032916 2.125900 0.035178
1.049515 2.198149 0.037063
1.066243 2.159119 0.035295
1.083037 2.184441 0.036590
1.099516 2.176933 0.036160
1.116392 2.137163 0.035630
1.132880 2.150817 0.036083
1.149540 2.158826 0.036084
1.166262 2.259196 0.037346
1.182878 2.187561 0.035620
1.199468 2.120374 0.036135
1.216155 2.114065 0.035705
1.232901 2.197346 0.036548
1.249480 2.243832 0.036823
1.266124 2.251661 0.037290
1.282920 2.241463 0.037014
1.299543 2.065864 0.034635
1.316167 2.066108 0.035807
1.332941 2.227304 0.036985
1.349556 2.172893 0.038711
1.366398 2.521870 0.037447
1.382914 2.385806 0.036416
1.399556 1.895003 0.036331
1.416371 2.241963 0.056033
1.432802 2.211074 0.035049
1.449519 2.240419 0.034927
1.466146 2.211840 0.035256
1.482817 1.969205 0.033229
1.499524 2.041541 0.035597
1.516270 2.139070 0.035276
1.532774 2.005664 0.032275
1.549552 1.888168 0.032806
1.566175 2.210297 0.037691
1.582788 2.260803 0.034883
1.599504 1.930135 0.031820
1.616402 1.943943 0.035677
1.632797 2.240013 0.036612
1.649695 2.172537 0.034129
1.666143 2.031190 0.033935
1.682831 2.038629 0.035220
1.699395 2.121117 0.035084
1.716144 2.182917 0.035850
1.732769 2.143337 0.035124
1.749418 2.188087 0.036760
1.766182 2.086113 0.034591
1.782767 2.087927 0.035460
1.799359 2.123692 0.035224
1.816034 2.155135 0.035644
1.832768 2.036027 0.033815
1.849369 2.113237 0.036065
1.866027 2.110256 0.034508
1.882791 2.131023 0.035749
1.899688 2.060805 0.034648
1.916015 2.258110 0.037436
1.933058 2.095510 0.033901
1.949401 1.912838 0.032634
1.966031 2.231775 0.038530
1.982759 2.244275 0.034823
1.999338 2.003642 0.033123
2.016030 2.048510 0.036207
2.032648 2.092865 0.034402
2.049349 2.092865 0.000000
2.065988 2.171963 0.070873
2.082642 2.087200 0.034447
2.099356 2.126309 0.036127
2.115993 2.182020 0.035992
2.132616 2.058712 0.033738
2.149586 2.058712 0.000000
2.165988 2.001375 0.070845
2.182855 2.036747 0.034625
2.199400 2.088188 0.034139
2.216047 2.210530 0.036404
2.232700 2.272801 0.036838
2.249237 2.059111 0.033520
2.266024 2.097311 0.037021
2.282610 2.047803 0.033651
Speed: 127
0.016607 0.015060 0.000091
0.033395 0.014788 0.000138
0.049906 0.006510 0.000353
0.066660 0.028935 0.000570
0.083339 0.012486 0.000452
0.100015 0.040775 0.000486
0.116564 0.148348 0.002307
0.133403 0.455816 0.006870
0.149923 0.628170 0.007846
0.166641 0.502832 0.006908
0.183186 0.358325 0.007066
0.199994 0.652671 0.012206
0.216580 0.938649 0.013138
0.233279 1.050232 0.015078
0.249893 0.812718 0.012711
0.266651 0.990200 0.018642
0.283203 1.217416 0.018379
0.299956 1.402010 0.021576
0.316577 1.274131 0.019563
0.333288 1.356143 0.023772
0.349940 1.303076 0.020920
0.366621 1.430097 0.024340
0.383196 1.568486 0.024912
0.399845 1.572585 0.025291
0.416562 1.668716 0.027486
0.433622 1.668851 0.027024
0.449712 1.614431 0.027025
0.466489 1.747675 0.029545
0.483096 1.759695 0.028074
0.499664 1.719943 0.029010
0.516424 1.890186 0.031438
0.533084 1.926146 0.030619
0.549685 1.799167 0.029738
0.566441 1.740084 0.030142
0.583034 1.820696 0.030442
0.599725 1.982082 0.032922
0.616306 2.045042 0.033010
0.633075 2.045042 0.000000
0.649625 2.062733 0.065965
0.666321 2.010655 0.033728
0.683014 1.994420 0.033518
0.699661 2.083414 0.035066
0.716239 2.032286 0.032918
0.733617 2.096132 0.035417
0.749690 2.176391 0.035790
0.766339 2.115284 0.034358
0.782916 2.026200 0.034587
0.799727 2.215938 0.037586
0.816315 2.243439 0.035554
0.833504 2.078084 0.034299
0.849709 2.088113 0.036898
0.866878 2.231307 0.036496
0.882939 2.246393 0.036470
0.901754 2.357551 0.036064
0.915191 2.279686 0.036957
0.932743 2.196783 0.037177
0.950804 2.198496 0.037465
0.970552 2.265499 0.037570
0.983380 2.242256 0.036870
0.998472 2.260235 0.037988
1.017982 2.302344 0.038074
1.031823 2.268142 0.037782
1.049501 2.219626 0.037168
1.066357 2.173383 0.039100
1.082958 2.363621 0.039436
1.099632 2.370026 0.038121
1.116442 2.173063 0.036437
1.132995 2.276889 0.038978
1.149779 2.451413 0.040266
1.166479 2.382456 0.037918
1.183069 2.224265 0.037817
1.200653 2.279868 0.039343
1.216413 2.350570 0.038856
1.233021 2.384896 0.038634
1.249615 2.392604 0.039863
1.266362 2.408017 0.040275
1.282971 2.288496 0.037820
1.299694 2.101341 0.036175
1.316242 2.363698 0.059395
1.333055 2.380834 0.039672
1.349641 2.228371 0.033819
1.366332 2.078068 0.034686
1.382939 2.168271 0.037434
1.399722 2.301347 0.037270
1.416385 2.273357 0.036805
1.432913 2.154602 0.035702
1.449637 2.198210 0.037608
1.466330 2.227148 0.036824
1.482873 2.306357 0.037881
1.499680 2.229590 0.036822
1.516249 2.099115 0.035359
1.532900 2.078438 0.035661
1.549621 2.218598 0.037284
1.566460 2.315804 0.037766
1.582799 2.203809 0.035260
1.599696 2.270784 0.039298
1.616242 2.340238 0.038177
1.633096 2.090608 0.034641
1.649466 2.303133 0.039681
1.666974 2.107974 0.034958
1.682765 2.103610 0.034657
1.699396 2.158845 0.035873
1.716095 2.363841 0.039035
1.733670 2.075809 0.034595
1.752555 1.693605 0.034889
1.769671 2.017314 0.037506
1.782754 3.043727 0.038221
1.799384 2.885243 0.037155
1.816029 2.025576 0.035039
1.839483 0.944530 0.036360
1.849243 3.600841 0.037344
1.866121 4.801465 0.042207
1.882804 2.725223 0.035607
1.899448 0.918626 0.032500
1.916075 0.918626 0.000000
1.932799 0.284921 0.069897
1.949587 2.264705 0.040667
1.966084 3.343501 0.039126
1.982890 2.720797 0.036463
1.999466 1.837717 0.035585
2.016090 1.705401 0.035652
2.032682 2.059182 0.035271
2.049408 2.510150 0.038994
2.066236 2.500893 0.038275
2.082687 2.263956 0.037301
2.099601 1.985972 0.035622
2.115984 2.089054 0.036431
2.132684 2.375457 0.038783
2.149408 2.327053 0.036547
