seed 01fdaa37c4295026
Playbook: loading ../../gameplay/plays/test/kick_penalty.play
Playbook: loading ../../gameplay/plays/test/motion_challenge.play
Playbook: loading ../../gameplay/plays/test/their_kickoff.play
Playbook: loading ../../gameplay/plays/test/our_kickoff.play
Playbook: loading ../../gameplay/plays/test/test.play
Playbook: loading ../../gameplay/plays/test/defend_penalty.play
Playbook: loading ../../gameplay/plays/test/their_freekick.play
Playbook: loading ../../gameplay/plays/test/our_freekick.play
InputHandler Error: No such file or directory
Not using joystick controller
No controller: Auto/Running
Set trigger camera: 0
Switching to play "motion challenge"
Play "motion challenge" ended: completed 1/1
Speed: 0
0.033604 0.014503 0.000426
0.066738 0.006788 0.000052
0.099985 0.015850 0.000735
0.133372 0.011946 0.000520
0.166780 0.030195 0.000971
0.200213 0.007508 0.000803
0.233580 0.022045 0.001117
0.266750 0.023398 0.000933
0.300120 0.036446 0.001019
0.333703 0.025976 0.001371
0.366713 0.015773 0.001477
0.400194 0.019055 0.001159
0.433554 0.024996 0.001093
0.466764 0.010303 0.000876
0.500052 0.010597 0.000871
0.533462 0.005728 0.000320
0.566714 0.006268 0.000382
0.599895 0.011192 0.000454
0.633232 0.015271 0.000705
0.666606 0.011295 0.000510
0.699839 0.018647 0.000499
0.733235 0.004935 0.000468
0.766573 0.011425 0.000663
0.799796 0.020081 0.000777
0.833184 0.009050 0.000275
0.866580 0.012632 0.000232
0.899756 0.032628 0.000818
0.933123 0.008972 0.000611
0.966537 0.031233 0.000487
0.999762 0.008926 0.000266
1.033103 0.035135 0.001088
1.066515 0.039423 0.001683
1.099733 0.010479 0.001289
1.133081 0.020949 0.000700
1.166456 0.014370 0.000547
1.199707 0.007100 0.000157
1.232956 0.015643 0.000316
1.266509 0.014778 0.000454
1.299588 0.025959 0.001007
1.332989 0.011408 0.000948
1.367463 0.009522 0.000334
1.401689 0.016795 0.000626
1.432921 0.014001 0.000623
1.466273 0.028292 0.000580
1.499649 0.045950 0.001665
1.532924 0.029866 0.001508
1.566232 0.033252 0.001443
1.599606 0.021564 0.000785
1.632875 0.008373 0.000608
1.666240 0.030639 0.001089
1.699598 0.002754 0.000709
1.732843 0.013231 0.000950
1.766206 0.027672 0.001119
1.799582 0.020288 0.001306
1.832806 0.006303 0.000726
1.866135 0.029983 0.000968
1.899660 0.002746 0.000549
1.933092 0.017296 0.000194
1.966309 0.022921 0.000833
1.999655 0.020764 0.001140
2.033051 0.007191 0.000953
2.066276 0.043996 0.001199
2.099670 0.012132 0.001092
2.133042 0.028789 0.000494
2.166306 0.018232 0.000675
2.199642 0.036841 0.001065
2.233017 0.008756 0.000650
2.266268 0.025252 0.000641
2.299418 0.044622 0.000926
2.332796 0.033554 0.001455
2.366034 0.032206 0.000771
2.399380 0.010796 0.000560
2.432864 0.029311 0.001502
2.466053 0.024041 0.001282
2.499357 0.027961 0.000637
2.532927 0.039564 0.000970
2.566035 0.022807 0.001070
2.599334 0.007729 0.000743
2.632692 0.017500 0.000807
2.665989 0.036355 0.001417
2.699288 0.021774 0.001411
2.732817 0.014011 0.000662
2.766020 0.024224 0.001228
2.799271 0.029656 0.001351
2.832657 0.012587 0.001025
2.866269 0.029148 0.000822
2.899233 0.033757 0.000813
2.932722 0.044226 0.001562
2.966437 0.016806 0.000791
2.999255 0.043382 0.000980
3.032605 0.013786 0.001076
3.065970 0.022825 0.000211
3.099220 0.022264 0.000893
3.132569 0.002557 0.000678
3.165923 0.044366 0.001647
3.199232 0.021681 0.001492
3.232515 0.049119 0.000552
3.265914 0.017677 0.000158
3.299142 0.056170 0.001367
3.332468 0.034857 0.000226
3.366109 0.017616 0.000445
3.399279 0.023051 0.001006
3.432643 0.025914 0.000627
3.466019 0.008713 0.000141
3.499364 0.047284 0.001154
3.532643 0.014920 0.001194
3.565960 0.017286 0.000794
3.599205 0.006121 0.000394
3.632458 0.006699 0.000583
3.665793 0.026490 0.001091
3.699153 0.019618 0.000267
3.732445 0.051509 0.001639
3.765750 0.027889 0.000928
3.799267 0.031144 0.000648
3.832372 0.016286 0.000350
3.865721 0.018128 0.000823
3.899123 0.021691 0.000735
3.932383 0.016890 0.000230
3.965679 0.027483 0.000901
3.999079 0.020548 0.001229
4.032343 0.027646 0.000232
4.065722 0.038653 0.001206
4.099048 0.018357 0.001270
4.132356 0.003265 0.000920
4.165780 0.014313 0.000827
4.199259 0.010245 0.000317
4.232449 0.026795 0.000806
4.265785 0.035437 0.001305
4.298976 0.005221 0.000707
4.332341 0.007515 0.000496
4.365576 0.040958 0.001255
4.398925 0.011275 0.000794
4.432327 0.030826 0.000496
4.465580 0.011444 0.000176
4.498886 0.032075 0.001111
4.532287 0.007209 0.000881
4.565545 0.029712 0.000419
4.598891 0.027672 0.000772
4.632244 0.026741 0.001187
4.665525 0.030950 0.000614
4.698857 0.013856 0.000083
4.732255 0.040662 0.000906
4.765584 0.010158 0.000456
4.798973 0.031704 0.000501
4.832254 0.056084 0.001497
4.865608 0.021968 0.001373
4.898781 0.026966 0.000838
4.932182 0.000980 0.000176
4.965551 0.023064 0.000524
4.998822 0.010821 0.000536
5.032161 0.011347 0.000690

Speed: 10
0.033384 0.053921 0.000297
0.066764 0.004578 0.000078
0.099943 0.037681 0.000496
0.133427 0.024210 0.001354
0.166749 0.031568 0.001054
0.199896 0.047468 0.001960
0.233301 0.168552 0.004351
0.266710 0.146561 0.002932
0.299904 0.087908 0.003174
0.333279 0.028894 0.001986
0.366644 0.034188 0.002114
0.399878 0.103376 0.003332
0.433240 0.128613 0.003179
0.466659 0.126175 0.003786
0.499845 0.056632 0.001933
0.533221 0.139391 0.005872
0.566626 0.117405 0.002537
0.599887 0.077854 0.002967
0.633127 0.056832 0.002556
0.666582 0.085819 0.003231
0.699865 0.137040 0.004117
0.733239 0.090920 0.002142
0.766552 0.098571 0.004054
0.799875 0.085299 0.002698
0.833147 0.080231 0.002645
0.866562 0.137216 0.004979
0.899840 0.097525 0.001821
0.933080 0.150200 0.005772
0.966467 0.024185 0.000764
0.999852 0.057983 0.004002
1.033040 0.067064 0.001558
1.066418 0.130001 0.004312
1.099825 0.062218 0.001342
1.133010 0.082579 0.003521
1.166273 0.084289 0.002791
1.199977 0.120548 0.003615
1.232947 0.133283 0.003737
1.268970 0.054765 0.001819
1.301739 0.117914 0.004410
1.332975 0.132696 0.003602
1.366307 0.098372 0.002389
1.399618 0.063291 0.002848
1.432993 0.116875 0.004392
1.466234 0.117146 0.003001
1.499584 0.009965 0.000385
1.533007 0.113096 0.005451
1.566198 0.107509 0.001936
1.599539 0.141161 0.004634
1.632953 0.052379 0.001718
1.666207 0.057588 0.003096
1.699573 0.109966 0.003695
1.732880 0.150559 0.003967
1.766196 0.111658 0.003180
1.799658 0.057567 0.002585
1.832959 0.075255 0.003403
1.866279 0.134065 0.004183
1.899587 0.113024 0.002782
1.932948 0.078564 0.002944
1.966144 0.092860 0.003571
1.999429 0.180815 0.005831
2.032843 0.087317 0.001360
2.066228 0.012813 0.001994
2.099417 0.121808 0.005221
2.132807 0.184456 0.004365
2.166148 0.065915 0.001089
2.199539 0.054528 0.003829
2.232731 0.128566 0.004439
2.272205 0.052414 0.000443
2.299354 0.166889 0.005250
2.333048 0.116844 0.001679
2.366081 0.045173 0.002343
2.399351 0.106574 0.004768
2.432715 0.169095 0.004692
2.466108 0.076848 0.001537
2.499236 0.053490 0.003272
2.532625 0.058376 0.002390
2.566017 0.140108 0.004592
2.599465 0.104411 0.002144
2.632757 0.049009 0.002245
2.666097 0.067371 0.003194
2.699544 0.121484 0.003781
2.732765 0.163847 0.004632
2.769570 0.078986 0.001905
2.800318 0.043420 0.002464
2.832731 0.119098 0.004403
2.866051 0.173644 0.004494
2.899432 0.084751 0.001992
2.932707 0.025709 0.002351
2.966044 0.091750 0.004131
2.999485 0.098109 0.002229
3.032616 0.080093 0.002628
3.065973 0.099967 0.003641
3.106707 0.080605 0.002772
3.139006 0.099977 0.003448
3.165945 0.202410 0.005228
3.199351 0.102644 0.001430
3.232709 0.069767 0.003636
3.266015 0.076853 0.003326
3.299484 0.140170 0.004440
3.332682 0.105432 0.002465
3.366008 0.067513 0.002817
3.400428 0.076281 0.003320
3.432757 0.153771 0.004826
3.466004 0.100981 0.002043
3.500307 0.079547 0.003724
3.532770 0.070106 0.002313
3.565977 0.113852 0.004193
3.599331 0.150137 0.003902
3.632739 0.084497 0.002589
3.665979 0.061886 0.002885
3.699296 0.123928 0.004568
3.733514 0.109812 0.002600
3.765913 0.105974 0.003675
3.799303 0.084903 0.002937
3.832647 0.126882 0.004527
3.865963 0.084425 0.002142
3.900463 0.037867 0.002008
3.932715 0.102430 0.003944
3.965847 0.078186 0.001584
4.000276 0.122586 0.004598
4.032611 0.106633 0.002844
4.065791 0.095950 0.003545
4.099037 0.070611 0.002383
4.132482 0.072511 0.002907
4.165874 0.138325 0.004498
4.199074 0.079757 0.001645
4.232471 0.086231 0.003698
4.265873 0.106119 0.003462
4.299041 0.109894 0.003231
4.332427 0.123778 0.004107
4.365791 0.072271 0.002012
4.398991 0.096818 0.004012
4.432501 0.146924 0.004490
4.466025 0.113517 0.003039
4.498958 0.057535 0.002188
4.532357 0.046046 0.002525
4.565763 0.173153 0.005960
4.598984 0.097176 0.001372
4.632113 0.069913 0.003281
4.665610 0.061115 0.002448
4.698870 0.116381 0.004007
4.732285 0.113890 0.002587
4.765507 0.089761 0.003080
4.798833 0.059636 0.002146
4.832121 0.041466 0.001870
4.865493 0.112434 0.004032
4.898759 0.124069 0.002852
4.932102 0.128327 0.004118
4.965532 0.048651 0.001433
4.998883 0.052089 0.003022
5.032018 0.195208 0.006395

Speed: 20
0.033210 0.053722 0.001458
0.066691 0.029530 0.000879
0.099973 0.008461 0.000793
0.133377 0.036803 0.000984
0.166558 0.077496 0.001933
0.199932 0.171914 0.005033
0.233319 0.334027 0.009515
0.266557 0.234648 0.005118
0.299850 0.206292 0.008525
0.333276 0.232177 0.008233
0.366523 0.271097 0.008600
0.399874 0.296943 0.009379
0.433382 0.265032 0.008220
0.466645 0.225759 0.008249
0.499831 0.233070 0.008288
0.533432 0.239858 0.007929
0.566618 0.062424 0.002032
0.599995 0.057023 0.001943
0.633400 0.149574 0.006902
0.666636 0.219250 0.004001
0.699955 0.249611 0.007157
0.733358 0.166437 0.005007
0.766543 0.336108 0.012530
0.799761 0.309091 0.007443
0.833117 0.191399 0.006834
0.866497 0.213787 0.009100
0.899755 0.247353 0.007854
0.933137 0.288050 0.009077
0.966603 0.271728 0.008460
0.999752 0.182545 0.006223
1.033091 0.279969 0.010914
1.066533 0.340134 0.009840
1.099666 0.262702 0.007752
1.133121 0.239891 0.009300
1.166406 0.177722 0.006252
1.199665 0.286877 0.010622
1.232979 0.272780 0.007152
1.266347 0.229921 0.008004
1.299640 0.312041 0.010890
1.332965 0.247460 0.007074
1.366303 0.217258 0.008107
1.399571 0.252677 0.008966
1.432926 0.234202 0.007134
1.466312 0.306698 0.010494
1.499780 0.276732 0.008121
1.532927 0.227536 0.007816
1.566278 0.322004 0.011665
1.599661 0.260406 0.007010
1.632872 0.198292 0.007614
1.666225 0.305185 0.011213
1.699628 0.254320 0.006721
1.732866 0.263894 0.009656
1.766214 0.291814 0.009625
1.799575 0.233330 0.007266
1.832847 0.227231 0.008547
1.866199 0.252464 0.008495
1.899538 0.260902 0.008280
1.932790 0.292509 0.009580
1.966141 0.265688 0.008323
1.999552 0.256063 0.009003
2.032900 0.245412 0.008345
2.066264 0.217992 0.007451
2.099523 0.316235 0.010971
2.132957 0.259783 0.007058
2.166122 0.228254 0.008468
2.199492 0.241246 0.008601
2.232881 0.303332 0.009933
2.266154 0.255060 0.007440
2.299449 0.286007 0.010337
2.332820 0.227839 0.007115
2.366123 0.271731 0.010000
2.399458 0.253296 0.007715
2.432779 0.231046 0.007975
2.466229 0.242085 0.008517
2.499591 0.236424 0.007600
2.532823 0.264438 0.008850
2.566038 0.286461 0.009040
2.599359 0.249937 0.007786
2.632763 0.197541 0.007346
2.666025 0.239739 0.008839
2.699292 0.285618 0.008850
2.732689 0.276908 0.008391
2.765996 0.267457 0.009094
2.799312 0.268950 0.009037
2.832669 0.236036 0.007825
2.866075 0.265288 0.009421
2.899302 0.256878 0.008055
2.932631 0.246127 0.008345
2.966202 0.220206 0.007559
2.999301 0.306359 0.010591
3.032840 0.306907 0.008841
3.066122 0.218784 0.007319
3.099244 0.222238 0.008839
3.132642 0.270439 0.008964
3.165965 0.249783 0.007524
3.199257 0.266197 0.009245
3.232528 0.237128 0.007602
3.265944 0.258886 0.009127
3.299229 0.280297 0.008925
3.332542 0.288942 0.009274
3.365916 0.241008 0.007838
3.399156 0.245148 0.008953
3.432518 0.266715 0.008844
3.465933 0.302992 0.009763
3.499261 0.268714 0.008345
3.532530 0.197510 0.007074
3.565993 0.225998 0.008775
3.599445 0.274667 0.008649
3.632493 0.353453 0.010906
3.665874 0.282662 0.008046
3.699277 0.176147 0.007074
3.732567 0.222684 0.009096
3.765929 0.291695 0.008914
3.799363 0.313941 0.009360
3.832598 0.230705 0.007240
3.872465 0.190306 0.009517
3.899291 0.311011 0.008733
3.932592 0.344211 0.008917
3.966016 0.251778 0.007862
3.999424 0.212856 0.008607
4.032672 0.260121 0.009308
4.066013 0.237431 0.007271
4.099465 0.287166 0.010037
4.132673 0.250341 0.007348
4.165886 0.289380 0.010374
4.199319 0.225128 0.006838
4.234414 0.260768 0.010328
4.265897 0.234199 0.006927
4.304057 0.231984 0.009443
4.332564 0.289801 0.008285
4.365824 0.573415 0.018066
4.399203 0.124022 0.002223
4.432934 0.035211 0.008710
4.465748 0.250411 0.009357
4.499113 0.373889 0.008766
4.532514 0.281899 0.007241
4.565687 0.307224 0.011708
4.599047 0.243474 0.007687
4.632472 0.500106 0.017773
4.667582 0.325539 0.006701
4.699105 0.069440 0.001292
4.735248 0.042600 0.008889
4.765856 0.271243 0.007535
4.799139 0.389352 0.008513
4.832406 0.360551 0.010041
4.865690 0.171481 0.006206
4.899012 0.203622 0.009925
4.933202 0.267051 0.008522
4.965747 0.511057 0.015683
4.999006 0.098175 0.001261
5.032301 0.120888 0.010917

Speed: 30
0.033311 0.017643 0.000740
0.066674 0.028902 0.000144
0.099982 0.032491 0.000779
0.133307 0.022122 0.001013
0.166634 0.095865 0.002943
0.199922 0.276586 0.007756
0.233568 0.411123 0.010773
0.267082 0.355160 0.009690
0.300200 0.366709 0.013079
0.333420 0.388697 0.012707
0.366732 0.439931 0.014276
0.400188 0.424842 0.013438
0.433420 0.380918 0.012872
0.466682 0.365059 0.012864
0.500131 0.428311 0.014549
0.533393 0.440682 0.013674
0.566665 0.399451 0.012987
0.600103 0.368169 0.013015
0.633405 0.427602 0.014717
0.666704 0.428370 0.013293
0.700116 0.413725 0.013793
0.733322 0.421215 0.014231
0.766863 0.439932 0.014637
0.800086 0.440216 0.014348
0.833244 0.411022 0.013544
0.866611 0.418832 0.014475
0.900085 0.435665 0.014419
0.933420 0.381228 0.012443
0.966595 0.413836 0.014614
0.999999 0.401342 0.012839
1.033332 0.432871 0.014648
1.066656 0.426907 0.013664
1.099949 0.384962 0.012907
1.133338 0.410743 0.014387
1.166616 0.414287 0.013426
1.200127 0.439060 0.014609
1.233322 0.441497 0.014283
1.266477 0.407640 0.013462
1.299806 0.378510 0.013176
1.333152 0.389986 0.013504
1.366388 0.397207 0.013018
1.399766 0.401202 0.013259
1.433129 0.408980 0.013578
1.466402 0.410546 0.013528
1.499710 0.436454 0.014519
1.533111 0.447868 0.014536
1.566414 0.441750 0.014495
1.599800 0.371229 0.012497
1.632994 0.405199 0.014585
1.666482 0.375667 0.012070
1.700037 0.389054 0.013436
1.735388 0.415869 0.014489
1.766442 0.445122 0.013402
1.799685 0.424705 0.013700
1.833145 0.406192 0.013883
1.866523 0.367322 0.012582
1.899711 0.417849 0.014480
1.933095 0.459332 0.014488
1.966477 0.432534 0.013739
1.999680 0.369137 0.012683
2.033837 0.370163 0.013748
2.066459 0.439055 0.014333
2.099674 0.425013 0.012901
2.133057 0.444676 0.015086
2.166395 0.406421 0.013186
2.199629 0.443502 0.015380
2.233059 0.434179 0.013916
2.268466 0.420454 0.015080
2.299573 0.424680 0.013414
2.333670 0.372969 0.012634
2.366387 0.398017 0.013832
2.399668 0.412983 0.013333
2.433034 0.468231 0.015424
2.466300 0.470472 0.014624
2.499627 0.396986 0.013251
2.533116 0.417142 0.015145
2.566276 0.413123 0.013338
2.605335 0.351093 0.013781
2.632883 0.502766 0.014459
2.666235 0.504067 0.013704
2.699565 0.435668 0.014517
2.732848 0.359706 0.013081
2.766194 0.387418 0.014209
2.799544 0.418738 0.013434
2.832797 0.464078 0.014949
2.866118 0.445338 0.014012
2.899517 0.428676 0.014587
2.932761 0.415276 0.014086
2.966065 0.443244 0.014963
2.999453 0.398092 0.012743
3.032823 0.428946 0.015121
3.066043 0.405927 0.012942
3.099419 0.389730 0.013393
3.132789 0.416877 0.014176
3.166050 0.659713 0.021491
3.199452 0.315285 0.006488
3.232752 0.477106 0.021635
3.266001 0.477470 0.013143
3.299528 0.414925 0.013945
3.332803 0.129106 0.005037
3.365998 0.225702 0.012440
3.399430 0.468095 0.013918
3.432755 0.511419 0.013046
3.466059 0.691932 0.022273
3.499418 0.269029 0.006157
3.532733 0.151214 0.011750
3.566067 0.415084 0.015894
3.599372 0.505742 0.012335
3.632679 0.445437 0.013207
3.665918 0.356903 0.012983
3.699335 0.356604 0.013312
3.732707 0.393304 0.013147
3.766001 0.411858 0.013058
3.799286 0.389993 0.012672
3.832645 0.369003 0.012679
3.866039 0.380857 0.013075
3.899252 0.416350 0.013609
3.932609 0.430860 0.013747
3.966039 0.409596 0.013466
3.999310 0.460061 0.015624
4.032548 0.422713 0.013205
4.065919 0.371932 0.013034
4.099196 0.343468 0.012158
4.132531 0.402401 0.013994
4.165877 0.444380 0.013731
4.199163 0.438640 0.013897
4.232492 0.419074 0.014065
4.265905 0.396236 0.013543
4.299326 0.342718 0.011788
4.332533 0.397963 0.014135
4.365942 0.410599 0.012792
4.399154 0.424294 0.013871
4.432429 0.419573 0.013731
4.465800 0.419573 0.000000
4.499189 0.406959 0.027482
4.532441 0.383229 0.012842
4.565780 0.411345 0.014124
4.599145 0.393146 0.012616
4.632483 0.412387 0.014070
4.665797 0.380930 0.012364
4.699116 0.346951 0.012085
4.732339 0.359934 0.012509
4.765750 0.444808 0.014661
4.799121 0.396538 0.011797
4.832387 0.350412 0.012474
4.865776 0.431629 0.015385
4.899157 0.454651 0.013617
4.932445 0.426702 0.013950
4.965690 0.413277 0.014127
4.999073 0.392177 0.013319
5.032341 0.427048 0.014557

Speed: 40
0.033413 0.046776 0.001175
0.066617 0.053548 0.000860
0.099990 0.054115 0.000951
0.133369 0.025959 0.000124
0.172607 0.061496 0.003224
0.200213 0.348160 0.009207
0.233730 0.590924 0.013616
0.266995 0.529404 0.013639
0.300244 0.443605 0.015733
0.333600 0.524561 0.018937
0.367011 0.541439 0.016721
0.406839 0.444907 0.017430
0.433459 0.675766 0.018804
0.466709 0.672210 0.017591
0.506781 0.472713 0.019000
0.533418 0.650669 0.019098
0.566817 0.653899 0.018112
0.600003 0.575015 0.019009
0.633379 0.556244 0.019902
0.666786 0.547244 0.018563
0.700050 0.576668 0.019347
0.733363 0.594789 0.019304
0.766754 0.537567 0.017649
0.800145 0.576096 0.020192
0.833545 0.533356 0.017167
0.866737 0.580544 0.019982
0.900095 0.597279 0.019132
0.933365 0.510039 0.016690
0.966743 0.559719 0.020145
1.000044 0.542616 0.017237
1.033407 0.613549 0.020769
1.066799 0.545948 0.017044
1.100185 0.482578 0.017241
1.133360 0.617578 0.021537
1.166785 0.637647 0.019026
1.200097 0.566375 0.018552
1.233369 0.539144 0.019121
1.266744 0.572240 0.019551
1.300062 0.584850 0.018966
1.333328 0.550233 0.018123
1.367016 0.539174 0.018752
1.400324 0.559082 0.018807
1.433277 0.587309 0.019039
1.466647 0.617786 0.020132
1.500030 0.572566 0.018611
1.533309 0.623184 0.021471
1.566605 0.577889 0.018399
1.600010 0.584805 0.020285
1.633172 0.552553 0.018191
1.666447 0.544467 0.018655
1.706414 0.516309 0.020868
1.739128 0.623230 0.020780
1.766547 0.800390 0.020685
1.799901 0.650605 0.018109
1.833218 0.590422 0.022158
1.866415 0.531213 0.018623
1.899865 0.593362 0.020850
1.933396 0.596177 0.018926
1.966429 0.678801 0.022403
1.999821 0.627949 0.019542
2.033198 0.597920 0.020809
2.066396 0.571364 0.019459
2.099861 0.615440 0.021026
2.133236 0.670455 0.021695
2.166443 0.571241 0.018037
2.199728 0.653829 0.023420
2.233083 0.549290 0.016940
2.266344 0.642627 0.023106
2.306390 0.534845 0.019211
2.333136 0.714000 0.020082
2.366374 0.679494 0.018896
2.399791 0.565229 0.019447
2.433166 0.499622 0.018595
2.466610 0.574814 0.020321
2.499851 0.676616 0.021254
2.538016 0.509833 0.017257
2.566432 0.718089 0.022164
2.599586 0.668721 0.018142
2.633200 0.668721 0.000000
2.666372 0.573960 0.041638
2.699616 0.521618 0.018114
2.732974 0.517866 0.018169
2.766326 0.664124 0.022159
2.799585 0.640519 0.018885
2.832961 0.597088 0.020321
2.866275 0.602342 0.020786
2.899598 0.623144 0.020698
2.933008 0.635195 0.020852
2.966464 0.690726 0.022910
2.999787 0.557110 0.017632
3.035827 0.485083 0.020032
3.066074 0.624520 0.019828
3.099456 0.686965 0.020325
3.132656 0.627693 0.019793
3.165999 0.535184 0.018903
3.199407 0.593264 0.021301
3.232647 0.618053 0.019611
3.266002 0.511177 0.016520
3.299365 0.599503 0.021841
3.332617 0.693214 0.021452
3.366009 0.604222 0.018626
3.400045 0.604222 0.000000
3.432576 0.510320 0.039739
3.465846 0.553172 0.019186
3.499330 0.622594 0.020125
3.532538 0.564533 0.017602
3.565914 0.615812 0.021517
3.599322 0.586373 0.018799
3.632590 0.527276 0.017935
3.665789 0.471388 0.016650
3.699151 0.588150 0.020532
3.732552 0.652053 0.019834
3.765885 0.596152 0.018814
3.799074 1.748231 0.048438
3.832502 1.144167 0.017657
3.865730 0.510691 0.017503
3.899094 1.657147 0.041099
3.932459 0.704048 0.016427
3.967208 2.026137 0.043484
3.999731 1.700443 0.018213
4.033450 0.570628 0.018480
4.065835 0.868013 0.017082
4.099275 0.588586 0.019518
4.135425 0.694517 0.019469
4.165728 0.699727 0.018542
4.198971 0.545654 0.018447
4.232367 0.524933 0.018795
4.265663 0.595337 0.020196
4.298987 0.613481 0.019222
4.332310 0.552582 0.017833
4.365656 0.552324 0.019495
4.398933 0.579358 0.019280
4.432316 0.632439 0.020560
4.465632 0.591100 0.018884
4.498903 0.557241 0.019235
4.532272 0.548194 0.018786
4.565629 0.568491 0.019141
4.598849 0.558382 0.018310
4.632227 0.559393 0.018809
4.665581 0.531885 0.017652
4.698993 0.544038 0.018621
4.732186 0.595132 0.019672
4.765748 0.619182 0.019726
4.798828 0.519298 0.016941
4.832171 0.523232 0.019105
4.865521 0.559042 0.018559
4.898804 0.581368 0.018793
4.932136 0.592502 0.019378
4.965530 0.561529 0.018517
4.998737 0.552780 0.018915
5.032102 0.536700 0.018062

Speed: 50
0.031612 0.040411 0.002210
0.065000 0.029565 0.001523
0.098265 0.050532 0.002263
0.131617 0.058819 0.001904
0.165046 0.134177 0.003477
0.198216 0.423153 0.012819
0.231694 0.582750 0.014547
0.265097 0.612608 0.017802
0.298382 0.623059 0.020254
0.331668 0.608528 0.020063
0.365041 0.733727 0.024726
0.398718 0.650279 0.019777
0.431693 0.702200 0.024468
0.464942 0.735394 0.023618
0.498832 0.677537 0.022346
0.531484 0.693908 0.023566
0.565041 0.790968 0.026261
0.598297 0.788670 0.024623
0.631587 0.681099 0.022686
0.664973 0.741388 0.026549
0.698310 0.669957 0.021327
0.731554 0.724145 0.025236
0.764939 0.766826 0.024690
0.798270 0.734500 0.023760
0.831671 0.701132 0.023942
0.864944 0.698690 0.023804
0.898355 0.718248 0.024045
0.931620 0.688168 0.022557
0.964882 0.729741 0.024764
0.998339 0.760625 0.024752
1.031710 0.779993 0.025512
1.064899 0.799384 0.026214
1.098329 0.662323 0.021806
1.131774 0.614910 0.022861
1.164709 0.740538 0.025158
1.198128 0.819233 0.025248
1.231805 0.795091 0.025441
1.264730 0.690067 0.023110
1.298119 0.669663 0.024138
1.331474 0.769901 0.026021
1.364719 0.802299 0.025008
1.398131 0.768105 0.025121
1.431639 0.710482 0.024380
1.464659 0.735744 0.025230
1.501581 0.668856 0.024176
1.531257 0.851069 0.026052
1.564426 0.852324 0.024892
1.597868 0.753461 0.025179
1.631268 0.662317 0.023770
1.664457 0.711238 0.025102
1.697825 0.812186 0.026305
1.731249 0.805707 0.025251
1.764611 0.757229 0.025362
1.797957 0.728250 0.025093
1.831342 1.001239 0.033914
1.864684 0.598105 0.015454
1.897891 0.575356 0.025760
1.931291 0.694244 0.023562
1.964577 0.789025 0.024246
2.006392 0.660873 0.025191
2.037753 0.734416 0.024522
2.064596 0.954349 0.024774
2.097822 0.898753 0.025330
2.131255 0.652658 0.022756
2.164607 0.624396 0.024893
2.197765 0.760031 0.025689
2.231159 0.778980 0.023735
2.264522 0.773541 0.025495
2.297771 0.792889 0.026442
2.331147 0.744136 0.024516
2.364557 0.795182 0.027377
2.397763 0.818908 0.026350
2.430968 0.821697 0.026889
2.464309 0.757280 0.025220
2.497655 0.714272 0.024897
2.530933 0.674088 0.023129
2.564393 0.855180 0.029297
2.597721 0.771003 0.022676
2.630877 0.732090 0.025659
2.664314 0.774126 0.026537
2.697644 0.788931 0.025595
2.730884 0.790989 0.026048
2.764290 0.721069 0.024038
2.797666 0.775606 0.027136
2.830933 0.788245 0.025255
2.864304 0.776461 0.025698
2.897655 0.735157 0.024717
2.930901 0.753334 0.025665
2.964340 0.839886 0.027786
2.997615 0.778945 0.024473
3.030883 0.773655 0.026727
3.064275 0.723503 0.024269
3.097753 0.837299 0.028801
3.131032 0.740357 0.022728
3.164503 1.740035 0.047891
3.197551 1.251185 0.024771
3.230907 0.633130 0.022054
3.264139 0.721675 0.024074
3.297497 0.673528 0.023190
3.330833 0.850209 0.025172
3.364137 0.818377 0.023719
3.397455 0.709000 0.024217
3.430787 0.709560 0.025058
3.464084 0.748719 0.025003
3.497443 0.734822 0.023739
3.530740 0.750561 0.025242
3.564034 0.684009 0.022535
3.597461 0.771294 0.026867
3.630749 0.733255 0.023036
3.663975 0.760523 0.025889
3.697369 0.717064 0.023437
3.730741 0.688575 0.023617
3.764097 0.719122 0.024461
3.797287 0.730196 0.023896
3.830690 0.752515 0.024803
3.864055 0.693140 0.022763
3.897306 0.734784 0.025496
3.930661 0.700710 0.022629
3.964001 0.711811 0.024282
3.997274 0.725329 0.024029
4.030649 0.741550 0.024463
4.063951 0.721131 0.023797
4.097251 0.737294 0.024905
4.130606 0.777716 0.025671
4.163965 0.716741 0.023235
4.197181 0.734484 0.025474
4.230622 0.772702 0.025380
4.263970 0.762216 0.024767
4.297211 0.694206 0.023348
4.330556 0.688072 0.024102
4.363876 0.743797 0.024799
4.397143 0.724054 0.023262
4.430525 0.710849 0.024017
4.463869 0.732748 0.024596
4.497220 0.701017 0.023060
4.530653 0.697908 0.023835
4.563908 0.715889 0.023837
4.597212 0.755638 0.024903
4.630459 0.744203 0.024108
4.663848 0.704828 0.023605
4.697185 0.712213 0.024496
4.730415 0.745853 0.024698
4.763797 0.749607 0.024337
4.797173 0.722570 0.024063
4.830440 0.707075 0.024044
4.863867 0.727411 0.024460
4.897094 0.747373 0.024572
4.930464 0.721712 0.023773
4.963844 0.727358 0.024611
4.997186 0.743857 0.024726
5.030292 0.760855 0.025084

Speed: 60
0.033388 0.020904 0.000334
0.066694 0.013169 0.000324
0.100123 0.020129 0.000259
0.133320 0.005867 0.000338
0.166739 0.112026 0.003749
0.199937 0.349758 0.009915
0.233285 0.575610 0.015206
0.266646 0.727462 0.020479
0.299965 0.686885 0.020354
0.333288 0.715591 0.024514
0.366592 0.813325 0.026659
0.399960 0.861760 0.027077
0.433177 0.844579 0.027250
0.466567 0.797780 0.026925
0.499900 0.871076 0.029794
0.533135 0.892837 0.028460
0.566587 0.906600 0.029954
0.599753 0.844719 0.027789
0.633057 0.883782 0.030473
0.666663 0.903224 0.029689
0.699972 0.913885 0.030118
0.733077 0.875516 0.028813
0.766529 0.890476 0.030425
0.799829 0.853119 0.028177
0.833048 0.896896 0.030432
0.866537 0.919443 0.030050
0.899790 0.878413 0.028832
0.933071 0.831099 0.028380
0.966301 0.845809 0.028864
0.999614 0.928422 0.030681
1.032937 0.936175 0.029826
1.066203 0.901817 0.029863
1.099562 0.850355 0.028941
1.132944 0.860409 0.029574
1.166631 0.881078 0.029507
1.199534 0.923242 0.030049
1.233609 0.906723 0.030144
1.268504 0.819291 0.028887
1.301943 0.865216 0.030328
1.332863 0.983889 0.029768
1.366098 0.991561 0.030833
1.399444 0.909657 0.030207
1.433115 0.822757 0.029085
1.471524 0.771151 0.031527
1.499480 1.047948 0.029823
1.532867 1.114010 0.031678
1.566063 0.954801 0.030596
1.599544 0.796402 0.029385
1.635169 0.815584 0.031999
1.666141 0.995600 0.030603
1.699512 0.922711 0.027556
1.735063 0.799589 0.029801
1.766374 0.904192 0.030008
1.800966 0.888233 0.028730
1.835183 0.874579 0.030207
1.868670 0.882776 0.029763
1.899440 0.947822 0.029052
1.932861 0.929676 0.029880
1.966121 0.899462 0.030207
1.999396 0.899253 0.030432
2.032815 0.956664 0.031958
2.066137 0.960852 0.031074
2.099370 0.870562 0.028790
2.132733 0.795319 0.028067
2.166086 0.844674 0.029402
2.199338 0.908271 0.029368
2.232686 0.999127 0.032254
2.266033 0.958767 0.030459
2.301393 0.833532 0.030195
2.334775 0.859611 0.030692
2.365887 0.962140 0.029549
2.399302 1.032497 0.032663
2.432599 0.897640 0.028731
2.465953 0.849099 0.030565
2.499282 0.897979 0.030738
2.532566 0.972592 0.031558
2.565925 1.068611 0.034402
2.599287 1.976746 0.052669
2.632522 1.366408 0.028959
2.666007 0.684510 0.026513
2.699344 0.771354 0.026628
2.732555 0.853345 0.029349
2.767758 1.024959 0.028623
2.802495 0.962535 0.029032
2.832459 0.846887 0.029078
2.865806 0.796119 0.028040
2.899130 0.860169 0.029656
2.932412 0.896073 0.028646
2.965768 0.901639 0.029485
2.999122 0.944152 0.031329
3.032341 0.880304 0.028639
3.065889 0.811694 0.028115
3.099345 0.823258 0.028589
3.132855 0.888426 0.029467
3.167183 0.921650 0.029678
3.199320 0.859668 0.027992
3.232780 0.794957 0.027576
3.266199 0.822507 0.028615
3.299499 0.822441 0.026819
3.332884 0.859273 0.028655
3.365674 0.818370 0.026698
3.399035 0.823370 0.028082
3.432329 0.882236 0.029335
3.465620 0.882596 0.028425
3.498996 0.877111 0.029211
3.532358 0.840238 0.028105
3.565581 0.855936 0.029169
3.598928 0.866913 0.028716
3.632259 0.865621 0.028525
3.665542 0.843663 0.028195
3.698900 0.862417 0.029170
3.732253 0.806907 0.026484
3.765612 0.829343 0.028620
3.798912 0.880869 0.029114
3.832247 0.824544 0.026496
3.865822 0.832853 0.028700
3.905073 0.865915 0.028775
3.932166 0.852853 0.027819
3.965506 0.838898 0.028205
3.998763 0.850952 0.028618
4.032127 0.803995 0.026516
4.065486 0.837836 0.028750
4.098724 0.869540 0.028468
4.132087 0.882611 0.028793
4.165457 0.823120 0.027239
4.198734 0.796530 0.027602
4.232061 0.846552 0.028583
4.265395 0.893117 0.028915
4.298681 0.860311 0.027976
4.332079 0.843794 0.028693
4.365462 0.838742 0.028250
4.398652 0.877443 0.029260
4.432105 0.895452 0.029222
4.466145 0.895295 0.029493
4.498714 0.866585 0.028925
4.531968 0.851500 0.028835
4.565384 0.897855 0.030144
4.598727 0.919263 0.029857
4.631924 0.880392 0.029033
4.665329 0.842052 0.028614
4.698658 0.852096 0.029072
4.731938 0.867432 0.028802
4.765273 0.889737 0.029364
4.798649 0.869885 0.028613
4.831887 0.881766 0.029759
4.865327 0.910060 0.030077

Speed: 70
0.033378 0.013581 0.000415
0.066835 0.016544 0.000558
0.099994 0.017940 0.000640
0.133289 0.004936 0.000490
0.166670 0.119299 0.004214
0.200217 0.354837 0.009946
0.233252 0.589393 0.015679
0.266970 0.675380 0.018770
0.300358 0.750941 0.023612
0.333276 0.874136 0.027534
0.366596 0.883482 0.027373
0.399900 0.857131 0.028383
0.433188 0.914794 0.030888
0.466610 0.956738 0.031000
0.500040 1.085331 0.035580
0.533306 1.013169 0.031577
0.566545 0.983441 0.033865
0.599906 0.928391 0.031478
0.633153 1.065724 0.036340
0.666496 1.052845 0.032807
0.699893 1.054503 0.035433
0.733263 0.968420 0.032285
0.766459 1.046511 0.036175
0.799852 1.065546 0.034269
0.833197 1.092078 0.036095
0.866462 1.082053 0.035544
0.899825 1.056389 0.035412
0.933186 1.025581 0.034641
0.966442 1.043348 0.035202
0.999832 1.059264 0.035090
1.033145 1.097325 0.036266
1.066530 1.073351 0.035198
1.099908 1.070027 0.036108
1.133373 1.058494 0.035494
1.166574 1.119740 0.037352
1.199747 1.061314 0.034182
1.233104 1.080973 0.037043
1.266583 1.053140 0.034921
1.299899 1.094951 0.036925
1.333217 1.118139 0.036629
1.366548 1.116791 0.036847
1.399816 1.153671 0.038387
1.433140 1.063057 0.034806
1.466545 1.043778 0.036384
1.499796 1.039632 0.034924
1.533173 1.084000 0.036234
1.566697 1.088901 0.035750
1.599792 1.013465 0.033506
1.633151 1.073444 0.037013
1.666548 1.118646 0.036377
1.699777 1.128583 0.036719
1.733073 1.070069 0.035432
1.766509 1.027785 0.035383
1.799807 1.098050 0.037156
1.832922 1.174048 0.037794
1.866279 1.044588 0.033471
1.899552 1.090151 0.038447
1.932912 1.019071 0.033201
1.966214 1.050170 0.036150
1.999487 0.995228 0.032596
2.032844 1.082881 0.037043
2.066260 1.108073 0.035557
2.099556 1.046586 0.034429
2.132987 1.164296 0.039955
2.166245 1.037633 0.032554
2.199584 1.108227 0.039068
2.232785 1.075689 0.034552
2.266189 1.093381 0.037061
2.299538 1.121742 0.037124
2.332791 0.860092 0.028123
2.366136 1.880317 0.053205
2.399476 1.509868 0.032771
2.432735 1.013802 0.033048
2.466104 1.074014 0.033988
2.499401 0.984962 0.033709
2.532674 1.105636 0.034780
2.566055 1.108987 0.034754
2.599405 1.064994 0.035274
2.632622 0.979925 0.033101
2.666115 0.995203 0.034620
2.699482 1.019080 0.033565
2.732647 1.039558 0.034283
2.765975 1.029871 0.034021
2.799322 0.990801 0.033058
2.832697 0.979109 0.033337
2.865976 1.022198 0.034305
2.899310 1.039355 0.033866
2.932659 1.011704 0.033467
2.965938 0.998599 0.033708
2.999291 1.006488 0.033700
3.032624 1.013247 0.033713
3.065873 0.994633 0.032997
3.099244 1.030317 0.034572
3.132606 1.006111 0.033043
3.165846 1.026133 0.034656
3.199228 0.995480 0.032789
3.232676 0.938983 0.031765
3.265946 0.905334 0.031182
3.299195 0.966109 0.032796
3.332565 1.000633 0.032236
3.365828 0.940781 0.030798
3.399209 0.940253 0.032392
3.432496 0.961919 0.032001
3.465729 0.999259 0.032911
3.499141 0.982689 0.032190
3.532502 0.995761 0.033387
3.565811 0.971421 0.032222
3.599117 0.977831 0.033024
3.632493 0.982656 0.032531
3.665825 0.996532 0.033218
3.699055 1.019405 0.033843
3.732437 1.022047 0.033506
3.766178 0.994797 0.033154
3.799544 1.011393 0.034278
3.832630 1.028869 0.033894
3.865976 0.985282 0.032562
3.899200 0.998850 0.034070
3.932632 0.999671 0.033127
3.965937 1.039662 0.034546
3.999167 1.052588 0.034422
4.032568 0.974535 0.032318
4.065967 0.977645 0.033822
4.099156 1.020772 0.033983
4.132518 1.049626 0.034267
4.165928 1.029549 0.033780
4.199219 1.002713 0.033787
4.232266 0.944376 0.032035

Speed: 80
0.033379 0.008975 0.000474
0.066657 0.013198 0.000405
0.099942 0.009918 0.000111
0.133348 0.016712 0.000593
0.166711 0.162432 0.005336
0.200028 0.389834 0.010684
0.233326 0.621155 0.016940
0.266734 0.751567 0.021179
0.300117 0.828868 0.025507
0.333356 0.910620 0.028991
0.366730 0.982137 0.031419
0.400102 1.063431 0.034297
0.433397 0.985441 0.031453
0.466673 1.121469 0.038628
0.500032 1.082332 0.033846
0.533356 1.122461 0.038055
0.566666 1.139791 0.037301
0.599995 1.126319 0.037248
0.633283 1.103196 0.036943
0.666610 1.134632 0.038207
0.700036 1.183413 0.039040
0.733258 1.199382 0.039063
0.766610 1.251686 0.041460
0.799974 1.173938 0.038294
0.833333 1.209204 0.041634
0.866568 1.193046 0.039068
0.899936 1.166329 0.039186
0.933297 1.243680 0.041930
0.966576 1.316441 0.042529
1.000156 1.220925 0.039765
1.035716 1.077762 0.040124
1.069033 1.273874 0.044677
1.099893 1.401106 0.040433
1.133231 1.344890 0.042546
1.166487 1.244680 0.042329
1.199892 1.244680 0.000000
1.233268 1.147456 0.083370
1.266576 1.256904 0.042670
1.299904 1.279576 0.040837
1.333207 1.345080 0.044438
1.366431 1.210225 0.039108
1.406309 0.974221 0.042084
1.439399 1.237265 0.044178
1.466389 1.644038 0.041477
1.499744 1.493432 0.041433
1.533086 1.228993 0.043516
1.566427 1.228993 0.000000
1.599691 1.013557 0.084907
1.633035 1.224971 0.042659
1.666390 1.398750 0.043099
1.699649 1.332421 0.041438
1.733050 1.215737 0.041735
1.766372 1.215737 0.000000
1.799694 1.079317 0.079795
1.832973 1.241789 0.042449
1.866340 1.353499 0.042433
1.899612 1.268348 0.040358
1.932964 1.246726 0.043013
1.966296 1.268728 0.042644
1.999602 1.309431 0.043244
2.033062 1.290637 0.042496
2.066358 1.962311 0.053155
2.099550 1.469343 0.039573
2.132984 1.132519 0.038343
2.166322 1.284748 0.040298
2.199603 1.236048 0.039868
2.232922 1.231303 0.039317
2.266301 1.206095 0.039978
2.299613 1.198579 0.040336
2.332844 1.175867 0.039337
2.366269 1.164204 0.038994
2.399571 1.139768 0.038238
2.432891 1.203086 0.040589
2.466196 1.131635 0.036687
2.499536 1.157674 0.039673
2.532805 1.173883 0.038706
2.566195 1.206548 0.040037
2.599516 1.160107 0.038018
2.632777 1.113262 0.037865
2.666206 1.137667 0.038758
2.699471 1.197862 0.039463
2.732794 1.214910 0.039509
2.766124 1.148360 0.037926
2.799518 1.087428 0.037287
2.832763 1.064530 0.036541
2.866078 1.130121 0.038086
2.899463 1.118551 0.036087
2.932825 1.110599 0.037244
2.966102 1.083504 0.036297
2.999454 1.131529 0.038105
3.032779 1.148564 0.037465
3.066076 1.144179 0.037906
3.099455 1.132002 0.037684
3.132735 1.124778 0.037770
3.166032 1.160970 0.038800
3.199418 1.181817 0.038844
3.232748 1.205956 0.039750
3.265997 1.179209 0.038961
3.299377 1.127512 0.038017
3.332736 1.130559 0.038441
3.366027 1.150154 0.038338
3.399329 1.175455 0.038895
3.432653 1.186754 0.038980
3.465987 1.181329 0.039271
3.499352 1.177997 0.039379
3.532624 1.164781 0.038793
3.565962 1.149535 0.038560
3.599310 1.180738 0.039618
3.632650 1.155674 0.037930
3.665977 1.158088 0.039109

Speed: 90
0.033262 0.049384 0.000800
0.066809 0.018956 0.000605
0.099838 0.045373 0.000751
0.133200 0.039979 0.000580
0.166702 0.181123 0.006206
0.200075 0.378990 0.009264
0.233182 0.531757 0.014109
0.266542 0.734634 0.021881
0.299832 0.828896 0.024223
0.333176 0.944813 0.029930
0.366499 0.988050 0.030996
0.400067 1.051136 0.034545
0.433250 1.081541 0.034836
0.466712 1.205457 0.039802
0.500005 1.319743 0.041877
0.533210 1.258148 0.039879
0.566800 1.227626 0.042268
0.600029 1.285882 0.043252
0.633071 1.465355 0.047419
0.666464 1.440529 0.045082
0.699864 1.178668 0.039752
0.733055 1.183408 0.043600
0.766413 1.421373 0.047314
0.799768 1.392401 0.042451
0.833082 1.349868 0.045455
0.866431 1.320968 0.044743
0.899731 1.350578 0.045473
0.933006 1.426652 0.046963
0.966384 1.457556 0.047377
0.999871 1.389533 0.046010
1.033152 1.411030 0.048092
1.066497 1.366594 0.045222
1.099676 1.517386 0.051083
1.133193 1.488576 0.047341
1.166300 1.333889 0.044639
1.199684 1.468620 0.051648
1.233049 1.455706 0.046318
1.266420 1.393469 0.046717
1.299676 1.439631 0.048906
1.332995 1.395814 0.045746
1.366279 1.439730 0.048659
1.399655 1.508222 0.049609
1.432954 1.485673 0.048336
1.466436 1.433257 0.048359
1.499749 1.411957 0.047927
1.533086 1.473807 0.049484
1.566316 1.430687 0.046516
1.599782 1.431258 0.048626
1.633671 1.316024 0.044588
1.668644 1.335787 0.048794
1.702282 1.403184 0.046885
1.733013 1.647523 0.049682
1.766420 1.566602 0.047900
1.799696 1.383474 0.047387
1.833042 1.368410 0.048686
1.866447 1.246229 0.041884
1.906119 2.121802 0.058048
1.939310 1.711295 0.043075
1.966204 1.330632 0.044197
1.999503 1.387925 0.044991
2.032879 1.346387 0.044971
2.066289 1.340513 0.042863
2.099522 1.328590 0.043988
2.132795 1.322470 0.044288
2.166694 1.340987 0.044297
2.199503 1.331339 0.044232
2.232827 1.272167 0.042471
2.266185 1.279312 0.043492
2.299490 1.306761 0.043512
2.332742 1.368648 0.045206
2.366127 1.317124 0.042787
2.399384 1.300647 0.044189
2.432712 1.310233 0.043963
2.466101 1.390636 0.046164
2.499491 1.385810 0.044858
2.532664 1.335158 0.044572
2.566080 1.301155 0.044178
2.599455 1.288547 0.043488
2.632638 1.324517 0.044509
2.666007 1.367754 0.044747
2.699351 1.336037 0.043825
2.732731 1.309089 0.044261
2.765983 1.310162 0.043978
2.799343 1.314941 0.043809
2.832626 1.327036 0.044274
2.865998 1.309878 0.043444
2.899280 1.346572 0.045046
2.932620 1.290915 0.042485
2.965928 1.282079 0.043673
2.999326 1.332801 0.044486
3.032561 1.330900 0.043586
3.065919 1.322894 0.044090
3.099257 1.345723 0.044905
3.132684 1.308819 0.043303
3.165869 1.334163 0.045254
3.199273 1.361326 0.044718
3.232643 1.362151 0.044959
3.265902 1.315639 0.043899

Speed: 100
0.033368 0.059002 0.001190
0.066641 0.026089 0.000258
0.100031 0.026194 0.000361
0.132571 0.024500 0.000085
0.172350 0.058911 0.002480
0.199209 0.478636 0.012133
0.232599 0.673319 0.013717
0.265942 0.749969 0.021764
0.299236 0.731256 0.023026
0.332766 0.871028 0.029560
0.368391 1.035948 0.034132
0.398938 1.227463 0.035343
0.432212 1.287520 0.039381
0.465561 1.245760 0.040519
0.498815 1.300117 0.043913
0.532294 1.373777 0.045076
0.565533 1.445137 0.046812
0.598789 1.436712 0.046608
0.632170 1.413619 0.047341
0.665551 1.460179 0.049123
0.698788 1.499042 0.049052
0.732129 1.440832 0.047392
0.765497 1.444557 0.049172
0.798776 1.545491 0.051371
0.832134 1.490212 0.048023
0.865467 1.508389 0.051200
0.898822 1.556164 0.051605
0.932127 1.552729 0.050921
0.965428 1.551653 0.051723
0.998750 1.551748 0.051724
1.032101 1.603059 0.053458
1.065501 1.578583 0.051857
1.098743 1.536181 0.051473
1.132051 1.626188 0.054849
1.165409 1.525021 0.049385
1.198740 1.628282 0.055922
1.232000 1.608917 0.051823
1.265348 1.560593 0.052330
1.298726 1.623862 0.055007
1.332009 1.566379 0.051081
1.365374 1.605204 0.054538
1.398637 1.476377 0.048459
1.431992 1.609357 0.055827
1.465348 1.679999 0.053869
1.498651 1.641669 0.053488
1.531896 1.487511 0.050085
1.565315 1.475521 0.051904
1.598627 1.638111 0.054773
1.631948 1.649760 0.052273
1.665214 1.649760 0.000000
1.698581 1.622500 0.107251
1.732013 1.496508 0.050269
1.765562 2.176064 0.060104
1.798536 1.805792 0.049413
1.831965 1.406583 0.047595
1.865194 1.526921 0.050596
1.899929 1.502255 0.049243
1.931892 1.575280 0.050460
1.965097 1.505968 0.048578
1.998495 1.493919 0.050906
2.031843 1.429816 0.047685
2.065137 1.491929 0.050796
2.098505 1.526038 0.049741
2.138714 1.519535 0.050059
2.171950 1.482213 0.049576
2.206116 1.472265 0.049502
2.231692 1.461342 0.048941
2.265123 1.506609 0.050525
2.298343 1.537539 0.050329
2.331680 1.500184 0.049627
2.365060 1.488653 0.050357
2.398345 1.464362 0.048682
2.431676 1.454209 0.048949
2.466755 1.450009 0.048521
2.498436 1.471103 0.048983
2.531661 1.456675 0.048230
2.565093 1.458012 0.048950
2.598380 1.450221 0.048286
2.631654 1.422635 0.047499
2.665054 1.448747 0.048780
2.698381 1.431457 0.047316
2.731652 1.410642 0.047214
2.765270 1.418655 0.047616
2.798314 1.434528 0.047736
2.831635 1.468316 0.048746
2.864982 1.462255 0.048020
2.898357 1.433942 0.047930
2.931656 1.407588 0.047334
2.964976 1.462350 0.049217
2.998326 1.479905 0.048393

Speed: 110
0.033420 0.015538 0.000590
0.066598 0.022706 0.000525
0.099979 0.011746 0.000510
0.134414 0.034115 0.001122
0.166330 0.092582 0.003545
0.199668 0.398289 0.011346
0.233000 0.552705 0.013065
0.266343 0.627390 0.018356
0.299867 0.748012 0.023820
0.333074 0.953312 0.029669
0.366412 1.121881 0.033964
0.399773 1.133133 0.034989
0.433139 1.201842 0.039916
0.466397 1.353846 0.043863
0.499760 1.408794 0.044407
0.533070 1.412354 0.046122
0.566371 1.465721 0.048752
0.599718 1.470876 0.048167
0.633015 1.553699 0.051634
0.666453 1.547713 0.050357
0.699642 1.595456 0.053053
0.733005 1.618017 0.053180
0.766450 1.706613 0.056700
0.799829 1.522148 0.049346
0.839034 1.243080 0.052951
0.872250 1.514672 0.054244
0.899567 2.141964 0.055449
0.932987 2.033969 0.055149
0.966389 1.734446 0.059743
0.999583 1.559573 0.056709
1.032946 1.630372 0.057326
1.066341 1.759057 0.057561
1.100018 1.766325 0.057293
1.139126 1.481658 0.057764
1.166469 1.968778 0.056559
1.205946 1.786729 0.056663
1.233089 2.224620 0.062068
1.266354 2.224620 0.000000
1.299976 2.289257 0.116693
1.335008 1.859655 0.064570
1.369299 1.382979 0.054582
1.399674 1.657761 0.056747
1.432908 1.879808 0.057494
1.466230 1.917903 0.060199
1.499680 1.831421 0.060615
1.532890 1.708388 0.058153
1.566209 1.694876 0.058540
1.606227 2.540873 0.068359
1.632958 2.081940 0.056096
1.666140 1.585720 0.054052
1.699573 1.574421 0.054457
1.732777 1.569864 0.053918
1.766250 1.653931 0.055613
1.799625 1.718454 0.052968
1.834707 1.701750 0.055388
1.868912 1.606200 0.053655
1.902574 1.603363 0.055055
1.933124 1.607463 0.053737
1.966573 1.663690 0.055152
1.999966 1.689038 0.055424
2.033343 1.655331 0.054831
2.066050 1.628599 0.054732
2.099480 1.533120 0.051499
2.139377 1.255489 0.043507
2.166114 0.948582 0.036152
2.199427 1.133179 0.042893
2.232772 1.308244 0.040627
2.266146 1.341720 0.043721
2.299513 1.424009 0.044452
2.334665 1.448311 0.046867
2.368756 1.457287 0.048044
2.399278 1.457747 0.048453
2.432500 1.510990 0.050498
2.465748 1.495676 0.048934
2.499048 1.575494 0.052783
2.532466 1.563592 0.050772
2.565703 1.568950 0.052578
2.599080 1.630591 0.054173
2.632439 1.625532 0.053036
2.665788 1.563066 0.052266
2.699096 1.630637 0.055299
2.732397 1.635105 0.053529
2.765767 1.609200 0.055719
2.799270 1.651471 0.052929
2.834203 1.696819 0.055835
2.868370 1.678484 0.055316

Speed: 120
0.033344 0.031010 0.000817
0.066724 0.033560 0.000571
0.100117 0.014340 0.000497
0.133370 0.023134 0.000484
0.166874 0.105374 0.003708
0.200243 0.356373 0.010152
0.233454 0.546761 0.013790
0.266777 0.683465 0.019680
0.300343 0.755226 0.022904
0.333506 0.951863 0.030411
0.366634 1.106622 0.033376
0.400044 1.181445 0.036874
0.433298 1.343866 0.043424
0.466815 1.615208 0.051350
0.500144 1.399801 0.042128
0.533437 1.397413 0.050102
0.566914 1.537620 0.051515
0.600239 1.668397 0.053269
0.633407 1.742356 0.055644
0.666719 1.662136 0.054127
0.699973 1.670736 0.056890
0.733319 1.690202 0.056215
0.766532 1.672070 0.055214
0.799886 1.723627 0.057796
0.833287 1.858142 0.061204
0.866599 1.856968 0.059627
0.899887 1.703078 0.056708
0.933300 1.892666 0.065825
0.966555 1.872160 0.059132
0.999947 1.845592 0.061960
1.033540 1.814721 0.061422
1.066784 1.899095 0.063593
1.099821 1.957355 0.063279
1.133235 1.900941 0.062524
1.166436 1.843749 0.062142
1.199761 1.903399 0.064376
1.233135 1.975527 0.064890
1.266419 1.979999 0.064719
1.299755 1.979999 0.000000
1.333096 1.874399 0.124766
1.366499 1.670475 0.056663
1.399884 1.812914 0.063880
1.433047 1.965314 0.062838
1.466451 1.889159 0.060557
1.499692 2.758321 0.075337
1.533048 2.207181 0.058448
1.566539 1.577261 0.057113
1.600069 1.569182 0.056617
1.633174 1.645983 0.056363
1.666373 1.885242 0.059292
1.699552 1.829451 0.056558
1.732927 1.754717 0.059399
1.766339 1.674197 0.056950
1.799590 1.707135 0.058275
1.832893 1.701665 0.056140
1.866302 1.777263 0.059272
1.899531 1.779124 0.057903
1.932903 1.744960 0.058196
1.966267 1.756098 0.059189
1.999532 1.763295 0.058402
2.032833 1.849378 0.061687
2.066243 1.773440 0.057810
2.099554 1.746220 0.059373
2.132991 1.772846 0.059356
2.166282 1.786559 0.059127
2.199554 1.790052 0.059499
2.232790 1.756324 0.058470
2.266135 1.790290 0.060143
2.299586 1.764015 0.058286
2.333077 1.811626 0.060790
2.366378 1.805447 0.059474
2.399739 1.733704 0.057854
2.433020 1.745637 0.059254
2.466372 1.796097 0.059745
2.499700 1.827678 0.060140
2.533027 1.835913 0.060787
2.566326 1.777975 0.059008
2.599798 1.744073 0.059200

Speed: 127
0.033365 0.028535 0.001263
0.072777 0.016391 0.000721
0.106232 0.015962 0.000330
0.133405 0.014769 0.000502
0.166625 0.011520 0.000600
0.201019 0.302458 0.010199
0.235924 0.587488 0.015247
0.269474 0.648233 0.017149
0.299963 0.816471 0.024076
0.333350 0.934276 0.028123
0.366728 1.084682 0.034257
0.399964 1.127631 0.034972
0.433326 1.384735 0.045480
0.466693 1.445747 0.043961
0.499919 1.490995 0.048493
0.533298 1.552590 0.051060
0.566659 1.697652 0.055609
0.599903 1.858822 0.059378
0.633262 1.579518 0.049989
0.666654 1.652247 0.059854
0.699838 1.743038 0.056629
0.734376 1.795563 0.060384
0.769439 1.704148 0.058817
0.802849 1.752490 0.060005
0.833147 2.067591 0.061979
0.866633 2.040908 0.062514
0.899985 1.877335 0.063052
0.933154 1.830799 0.063424
0.966524 2.023331 0.068297
1.006068 1.620316 0.059551
1.037927 1.826817 0.063374
1.066588 2.272565 0.062477
1.099900 2.254321 0.066453
1.133169 1.917160 0.064062
1.166511 1.707324 0.062572
1.199904 1.707324 0.000000
1.233103 1.745366 0.130186
1.267815 1.964592 0.067850
1.301566 1.964592 0.000000
1.335797 2.090719 0.127521
1.369613 1.943863 0.064657
1.399808 2.061385 0.064228
1.433073 2.034884 0.065534
1.466446 2.063593 0.069313
1.499788 2.799372 0.075013
1.532995 2.199888 0.060890
1.566356 1.677169 0.061481
1.599723 1.750034 0.062893
1.633030 1.879407 0.062050
1.666325 1.984007 0.062059
1.699707 1.941264 0.063002
1.733058 1.840153 0.061923
1.766226 1.875933 0.064322
1.799588 1.891871 0.062193
1.833136 1.874558 0.062288
1.868647 1.918108 0.064058
1.901993 1.888300 0.062353
1.932941 1.867076 0.062668
1.966195 1.899796 0.063508
1.999626 1.886220 0.062448
2.032968 1.853554 0.062159
2.066159 1.827987 0.061151
2.099585 1.817273 0.061111
2.132926 1.847539 0.061874
2.166085 1.917027 0.063203
2.199514 1.873902 0.061211
2.232939 1.824081 0.061586
2.266239 1.812693 0.061160
2.299544 1.876794 0.063026
2.332865 1.869136 0.061002
2.366183 1.884801 0.062965
2.400291 1.897795 0.062912
2.435142 1.821962 0.060604
2.468630 1.863135 0.063147
2.499384 1.863456 0.061494
2.532924 1.851487 0.061763
