seed df4f5a51c4b639ac
Playbook: loading ../../gameplay/plays/test/kick_penalty.play
Playbook: loading ../../gameplay/plays/test/motion_challenge.play
Playbook: loading ../../gameplay/plays/test/their_kickoff.play
Playbook: loading ../../gameplay/plays/test/our_kickoff.play
Playbook: loading ../../gameplay/plays/test/test.play
Playbook: loading ../../gameplay/plays/test/defend_penalty.play
Playbook: loading ../../gameplay/plays/test/their_freekick.play
Playbook: loading ../../gameplay/plays/test/our_freekick.play
InputHandler Error: No such file or directory
Not using joystick controller
No controller: Auto/Running
Set trigger camera: 0
Switching to play "motion challenge"
Play "motion challenge" ended: completed 1/1
Speed: 0
0.016652 0.015036 0.000838
0.033287 0.016614 0.000998
0.050093 0.004048 0.001218
0.066749 0.009280 0.001206
0.083374 0.010696 0.000319
0.100265 0.008181 0.000839
0.117264 0.002766 0.000873
0.133522 0.006249 0.000793
0.150234 0.003322 0.000968
0.166686 0.011592 0.000878
0.183890 0.016792 0.000717
0.200008 0.008585 0.001119
0.216631 0.003805 0.000109
0.233201 0.011877 0.001154
0.249979 0.002534 0.001464
0.266665 0.006969 0.000467
0.283422 0.007688 0.001070
0.299829 0.004957 0.000596
0.316915 0.000996 0.000365
0.333178 0.011281 0.001575
0.350015 0.003234 0.001828
0.366534 0.004227 0.000797
0.383202 0.004964 0.001036
0.399802 0.006935 0.001169
0.416573 0.011535 0.000134
0.433184 0.011236 0.000434
0.449794 0.003895 0.001074
0.466360 0.016430 0.001115
0.483394 0.017340 0.000622
0.499744 0.007124 0.001442
0.516317 0.002713 0.000642
0.533139 0.004808 0.000294
0.549733 0.007041 0.000254
0.566328 0.012116 0.001270
0.583071 0.011037 0.000774
0.599951 0.014264 0.000887
0.616416 0.009031 0.000811
0.632930 0.006743 0.000221
0.649550 0.012043 0.000973
0.666157 0.012223 0.000131
0.682960 0.006789 0.001439
0.699569 0.002811 0.001159
0.716291 0.004464 0.000620
0.732789 0.004060 0.000955
0.749696 0.005774 0.001396
0.766166 0.007038 0.000954
0.782932 0.013740 0.000508
0.799533 0.004249 0.001342
0.816427 0.005553 0.000944
0.832802 0.007164 0.000252
0.849641 0.014762 0.001115
0.866137 0.014407 0.001009
0.883326 0.017361 0.000717
0.899423 0.002455 0.001616
0.916458 0.009805 0.001663
0.932967 0.011280 0.000359
0.949600 0.003325 0.001252
0.966334 0.005922 0.000754
0.982941 0.003523 0.001197
0.999584 0.002463 0.000290
1.016310 0.008719 0.000900
1.032985 0.002863 0.001236
1.049629 0.009199 0.000642
1.066265 0.004294 0.001068
1.083041 0.021135 0.000737
1.099346 0.027861 0.000660
1.121094 0.024383 0.000566
1.132808 0.018885 0.000251
1.149496 0.025291 0.001088
1.166286 0.033948 0.001065
1.182728 0.024222 0.001121
1.199431 0.010435 0.000794
1.216084 0.003748 0.000237
1.232834 0.015311 0.000775
1.249460 0.021770 0.000627
1.265946 0.006827 0.001935
1.282620 0.017859 0.001904
1.299335 0.021228 0.000301
1.316066 0.021973 0.000707
1.331524 0.011294 0.001026
1.348231 0.005904 0.000208
1.364918 0.008811 0.000565
1.381517 0.011967 0.000807
1.399311 0.019570 0.000611
1.416185 0.024606 0.000128
1.432602 0.037500 0.001155
1.449460 0.030352 0.001284
1.465942 0.022837 0.000975
1.482638 0.011305 0.000855
1.499197 0.011442 0.000794
1.515992 0.005595 0.000812
1.532638 0.002870 0.000660
1.549330 0.010922 0.000595
1.565953 0.014964 0.000334
1.582662 0.011728 0.000751
1.599181 0.008574 0.000606
1.616073 0.012706 0.000959
1.632563 0.012638 0.000906
1.649289 0.005260 0.001297
1.665906 0.007896 0.001092
1.682553 0.021516 0.001071
1.699260 0.015746 0.001501
1.715773 0.013795 0.000902
1.732518 0.021178 0.001935
1.749185 0.030419 0.000794
1.765785 0.016869 0.001975
1.782634 0.011405 0.000102
1.799260 0.012784 0.000572
1.815795 0.009898 0.001151
1.832530 0.019409 0.000960
1.849149 0.023649 0.000537
1.865753 0.018683 0.000809
1.882413 0.016173 0.000871
1.899149 0.019605 0.000743
1.915739 0.018956 0.000091
1.932372 0.012252 0.001532
1.949222 0.021880 0.000333
1.965779 0.021898 0.001018
1.982552 0.021898 0.000000
1.999136 0.029909 0.000594
2.016522 0.042583 0.001381
2.032558 0.035591 0.000835
2.049303 0.025777 0.000288
2.065927 0.015077 0.000544
2.082617 0.022763 0.000825
2.099119 0.027045 0.000748
2.115955 0.030401 0.000764
2.132370 0.029532 0.000179
2.149122 0.025468 0.001046
2.165851 0.016803 0.000934
2.182478 0.021273 0.000717
2.199062 0.015090 0.000973
2.215750 0.019115 0.000623
2.232443 0.023976 0.001016
2.248977 0.019173 0.000593
2.265748 0.015220 0.000683
2.282363 0.015534 0.000404
2.298982 0.012635 0.000893
2.315592 0.007036 0.000259
2.332328 0.003794 0.000500
2.348987 0.002737 0.000695
2.365597 0.009415 0.000629
2.382325 0.010766 0.001097
2.398946 0.020933 0.000727
2.415608 0.021528 0.001422
2.432341 0.022766 0.000133
2.448937 0.003504 0.002228
2.465566 0.014618 0.001676
2.482430 0.012010 0.000943
2.498976 0.021778 0.000977
2.515712 0.016760 0.000977
2.532244 0.016150 0.000223
2.549092 0.014964 0.000186
2.565606 0.013931 0.000646
2.582177 0.007829 0.000611
2.598919 0.005502 0.000321
2.615588 0.011927 0.001297
2.632199 0.005109 0.001749
2.648923 0.008288 0.000243
2.665530 0.007090 0.000372
2.682187 0.005873 0.000721
2.698936 0.012103 0.000540
2.715547 0.005408 0.001779
2.732158 0.001855 0.001522
2.748827 0.000442 0.000331
2.765656 0.013648 0.001502
2.782157 0.009596 0.000896
2.798871 0.012111 0.001049
2.815564 0.006726 0.001047
2.832184 0.004112 0.001147
2.848781 0.002672 0.000406
2.865514 0.009398 0.000607
2.882168 0.012737 0.000264
2.898782 0.012931 0.001066
2.915399 0.008737 0.000960
2.932132 0.011227 0.000914
2.948796 0.005930 0.000934
2.965404 0.007228 0.000776
2.982128 0.007060 0.000894
2.998756 0.007216 0.000938
3.015414 0.017404 0.001227
3.032125 0.014542 0.001000
3.048861 0.017468 0.000460
3.065360 0.024673 0.000875
3.082268 0.017309 0.000700
3.098736 0.008648 0.000269
3.115350 0.004811 0.000383
3.131960 0.009262 0.000171
3.148755 0.020446 0.000569
3.165354 0.027152 0.000199
3.181974 0.033507 0.000424
3.198705 0.033386 0.000697
3.215365 0.024565 0.000752
3.231975 0.029309 0.001304
3.248716 0.016791 0.000965
3.265314 0.013539 0.001009
3.281982 0.024498 0.001439
3.298707 0.030221 0.000828
3.315328 0.036129 0.000239
3.332029 0.028132 0.000993
3.348608 0.024259 0.000360
3.365427 0.011824 0.000982
3.381951 0.008472 0.000165
3.398542 0.009248 0.001791
3.415347 0.013096 0.001669
3.431954 0.010792 0.001535
3.448561 0.008006 0.000289
3.465294 0.016835 0.001556
3.481960 0.018693 0.000524
3.498556 0.024555 0.000565
3.515303 0.008430 0.001999
3.531967 0.013674 0.001270
3.548579 0.007718 0.001318
3.567167 0.014196 0.001466
3.581935 0.012612 0.001240
3.598512 0.005341 0.001632
3.615174 0.006143 0.002001
3.631976 0.006609 0.000392
3.650635 0.003907 0.000988
3.665283 0.017313 0.001152
3.681960 0.011283 0.001159
3.698579 0.012887 0.000390
3.715179 0.007497 0.001628
3.731898 0.008831 0.001130
3.748633 0.005271 0.001007
3.765216 0.005271 0.000000
3.781796 0.007326 0.000303
3.798611 0.009059 0.000317
3.815226 0.012971 0.000454
3.831825 0.013610 0.000183
3.848591 0.013823 0.000066
3.866018 0.014517 0.000420
3.881849 0.007309 0.000693
3.901262 0.008933 0.001030
3.915600 0.003897 0.001894
3.931923 0.009340 0.000823
3.948666 0.006134 0.000627
3.965432 0.015681 0.001103
3.981917 0.018062 0.000146
3.998620 0.014562 0.000401
4.015284 0.008423 0.000498
4.032049 0.010458 0.000776
4.048507 0.005713 0.000336
4.065331 0.001270 0.000282
4.081897 0.016347 0.002200
4.098607 0.009613 0.002638
4.115337 0.011493 0.001121
4.131991 0.005088 0.001301
4.148618 0.006767 0.000322
4.165227 0.020358 0.001515
4.181856 0.012328 0.001331
4.198556 0.012878 0.000722
4.215103 0.009910 0.000753
4.232091 0.002295 0.000546
4.248491 0.007842 0.001376
4.265528 0.009238 0.000635
4.281916 0.001940 0.000873
4.298647 0.004843 0.000514
4.315127 0.008128 0.000736
4.331906 0.001831 0.001125
4.348511 0.013091 0.001048
4.365622 0.013091 0.000000
4.382138 0.025544 0.000850
4.398754 0.035884 0.000821
4.415108 0.025753 0.001365
4.431986 0.020336 0.000790
4.448443 0.014147 0.002401
4.465037 0.009983 0.002443
4.481679 0.018180 0.001738
4.498429 0.021379 0.000596
4.515024 0.014849 0.000952
4.531697 0.011159 0.000254
4.548444 0.010192 0.000302
4.565032 0.009906 0.000175
4.582822 0.003999 0.000667
4.598193 0.010282 0.000398
4.615047 0.026275 0.001369
4.631680 0.025682 0.001029
4.648360 0.023012 0.000208
4.665111 0.008127 0.001220
4.683166 0.009165 0.001574
4.698422 0.006185 0.000435
4.715323 0.008578 0.000385
4.731625 0.015268 0.000130
4.748212 0.029225 0.001042
4.764986 0.040099 0.000629
4.782012 0.036827 0.000942
4.798226 0.044324 0.001076
4.814852 0.031654 0.001203
4.831839 0.026385 0.000849
4.848757 0.008977 0.000848
4.865636 0.014406 0.000858
4.881770 0.011993 0.001445
4.898631 0.020303 0.000621
4.914866 0.026634 0.000525
4.931744 0.022397 0.000887
4.948269 0.013724 0.000512
4.964864 0.007429 0.000269
4.981601 0.006478 0.000693
4.998214 0.009036 0.001415
5.014895 0.009437 0.001035
Speed: 10
0.016685 0.008571 0.000303
0.034696 0.015245 0.000616
0.049963 0.017664 0.000226
0.066613 0.025017 0.000644
0.083320 0.018918 0.000883
0.100072 0.016662 0.000438
0.116559 0.010986 0.000147
0.133436 0.017761 0.002601
0.149970 0.060816 0.002922
0.166647 0.106980 0.001528
0.183317 0.132948 0.000154
0.200241 0.165647 0.002525
0.216581 0.204865 0.003829
0.234685 0.211312 0.000545
0.250684 0.194979 0.000309
0.266495 0.180836 0.002554
0.283221 0.168006 0.002705
0.299874 0.142146 0.001504
0.316650 0.110546 0.001020
0.333165 0.095020 0.002835
0.349928 0.076534 0.001505
0.366578 0.066549 0.001997
0.383251 0.080119 0.003773
0.400038 0.092443 0.002132
0.416664 0.104363 0.001840
0.433234 0.109874 0.001258
0.450064 0.111250 0.001289
0.466571 0.109245 0.001341
0.483306 0.116002 0.002527
0.499867 0.134767 0.003431
0.516544 0.141967 0.001675
0.533140 0.143002 0.001622
0.549725 0.135847 0.001442
0.566505 0.132715 0.002206
0.583117 0.137792 0.003104
0.599545 0.131424 0.001593
0.616383 0.132706 0.002928
0.632953 0.124799 0.001476
0.649553 0.112389 0.001327
0.666296 0.109047 0.002495
0.685892 0.098718 0.001311
0.699530 0.105496 0.003212
0.716225 0.102542 0.001302
0.735297 0.109337 0.002518
0.750482 0.112702 0.001922
0.766230 0.112797 0.001653
0.782953 0.118537 0.002327
0.799601 0.114298 0.001106
0.816251 0.111144 0.001558
0.832972 0.130884 0.004309
0.849566 0.134743 0.001352
0.866277 0.136884 0.001903
0.889423 0.150014 0.003049
0.899790 0.146607 0.001542
0.916201 0.140686 0.001701
0.932805 0.136985 0.002228
0.949582 0.136819 0.002632
0.966213 0.130598 0.001882
0.982834 0.126342 0.002569
0.999556 0.126520 0.002510
1.016193 0.135660 0.002921
1.032945 0.122507 0.000554
1.049723 0.134823 0.003007
1.066388 0.133595 0.001466
1.082817 0.126193 0.001742
1.102136 0.132657 0.003015
1.116356 0.133051 0.002074
1.135779 0.143737 0.003119
1.149604 0.126464 0.000247
1.166136 0.129641 0.002819
1.182953 0.122570 0.001511
1.199390 0.105372 0.000974
1.216159 0.111230 0.003621
1.232752 0.117303 0.002511
1.249326 0.118062 0.001667
1.266131 0.126310 0.002629
1.282749 0.133020 0.002194
1.299382 0.119337 0.000221
1.315957 0.129001 0.003596
1.332731 0.138418 0.002730
1.349334 0.137982 0.001560
1.366114 0.125308 0.001170
1.382675 0.121582 0.002412
1.399415 0.121775 0.002552
1.423541 0.119074 0.001906
1.436302 0.129712 0.003293
1.449523 0.140599 0.003256
1.466166 0.141500 0.001873
1.483103 0.127803 0.000670
1.499473 0.125722 0.002735
1.516107 0.117554 0.001726
1.532621 0.123747 0.003187
1.549455 0.135284 0.003103
1.566066 0.132566 0.001451
1.582733 0.119729 0.001146
1.599369 0.116209 0.002418
1.616167 0.107097 0.001480
1.632632 0.106651 0.002427
1.649584 0.119505 0.003354
1.669228 0.124335 0.001888
1.682653 0.117148 0.000739
1.699485 0.118208 0.002782
1.716066 0.120625 0.002314
1.732768 0.124673 0.002213
1.749341 0.141744 0.003691
1.766131 0.158171 0.002860
1.782643 0.145613 0.000263
1.799350 0.123648 0.000711
1.816087 0.121232 0.003282
1.832743 0.124779 0.003022
1.849308 0.110583 0.000682
1.866086 0.130534 0.004738
1.882714 0.135679 0.001787
1.899344 0.128911 0.001021
1.916049 0.107732 0.000452
1.932831 0.107170 0.003113
1.949320 0.110581 0.002634
1.965990 0.111855 0.001928
1.982625 0.112671 0.001843
1.999333 0.118009 0.002434
2.015939 0.107664 0.000776
2.032765 0.108859 0.002452
2.049295 0.117928 0.002839
2.065954 0.125797 0.002408
2.082689 0.151358 0.003968
2.099336 0.157099 0.001254
2.116018 0.151681 0.001200
2.132705 0.144031 0.001967
2.149305 0.131125 0.001629
2.166079 0.125660 0.002594
2.182463 0.122578 0.002425
2.199339 0.126634 0.002974
2.215923 0.122905 0.001586
2.232552 0.103488 0.000424
2.249259 0.091165 0.001712
2.265936 0.090256 0.002669
2.282476 0.101715 0.003134
2.299331 0.109227 0.001900
2.315880 0.128548 0.003121
2.332603 0.124648 0.000453
2.349155 0.125770 0.001984
2.366047 0.132238 0.002668
2.382445 0.146732 0.003234
2.399198 0.146025 0.001345
2.415896 0.157896 0.003365
2.432519 0.160885 0.002154
2.449232 0.152857 0.001434
2.465967 0.141556 0.001742
2.482467 0.140826 0.003139
2.499179 0.130024 0.001580
2.515864 0.129054 0.002829
2.532772 0.123810 0.001970
2.549131 0.118391 0.002185
2.566092 0.108585 0.001478
2.582428 0.105223 0.002068
2.599433 0.109783 0.002740
2.615745 0.093751 0.000266
2.632646 0.098180 0.003227
2.649092 0.115767 0.003594
2.665869 0.129578 0.002138
2.682432 0.135860 0.001526
2.699378 0.137497 0.001629
2.715704 0.138724 0.001980
2.732665 0.137269 0.001958
2.749109 0.144715 0.003021
2.765783 0.149179 0.002559
2.782306 0.120498 0.000950
2.799362 0.118866 0.003474
2.815714 0.107500 0.001511
2.832338 0.109029 0.003019
2.848993 0.115284 0.002654
2.865736 0.132947 0.003385
2.882251 0.127381 0.000750
2.899060 0.126585 0.002539
2.915639 0.134707 0.002969
2.932280 0.127409 0.001011
2.949036 0.120954 0.001872
2.965671 0.127036 0.003056
2.982327 0.121693 0.001364
2.999190 0.121693 0.000000
3.015870 0.122410 0.005197
3.032376 0.100963 0.000194
3.048940 0.087680 0.001654
3.065808 0.083691 0.002400
3.082339 0.107906 0.004631
3.099075 0.108160 0.000666
3.115703 0.105401 0.001084
3.132373 0.118225 0.003105
3.148958 0.117820 0.001552
3.165913 0.125617 0.002545
3.182310 0.132243 0.002169
3.199030 0.141959 0.002576
3.215554 0.157337 0.003095
3.232366 0.128397 0.001564
3.248938 0.117472 0.002390
3.265672 0.111831 0.002584
3.282326 0.105233 0.001933
3.299005 0.107444 0.002666
3.315518 0.112354 0.002392
3.332453 0.113444 0.002201
3.349041 0.101417 0.000426
3.368800 0.105778 0.003155
3.382166 0.105880 0.001926
3.398854 0.114780 0.002690
3.415417 0.110152 0.000909
3.432194 0.115942 0.002505
3.448768 0.111128 0.001234
3.465637 0.108800 0.001789
3.482050 0.122545 0.003618
3.498915 0.127392 0.001811
3.515392 0.138273 0.002743
3.532034 0.140781 0.001703
3.548740 0.140985 0.001895
3.565429 0.134913 0.001582
3.581979 0.124933 0.001760
3.598656 0.122558 0.002395
3.615328 0.125071 0.002710
3.632022 0.132266 0.002771
3.648519 0.129908 0.001655
3.665319 0.125803 0.001861
3.681943 0.120196 0.001727
3.698650 0.115140 0.001952
3.715292 0.107375 0.001639
3.732003 0.109857 0.002725
3.748534 0.114932 0.002339
3.765375 0.131548 0.003309
3.781904 0.114533 0.000685
3.798625 0.115704 0.002698
3.815184 0.109901 0.001509
3.832140 0.111461 0.002538
3.848608 0.128003 0.003494
3.865298 0.141788 0.002401
3.882031 0.135158 0.000936
3.898709 0.138383 0.002596
3.915235 0.121938 0.000458
3.932051 0.117832 0.002657
3.948617 0.124392 0.003143
3.965294 0.133118 0.002672
3.982004 0.130126 0.001272
3.998721 0.122958 0.001329
4.015311 0.123851 0.002563
4.031976 0.115560 0.001376
4.048668 0.109728 0.002054
4.065296 0.112580 0.002640
4.082091 0.108472 0.001436
4.098846 0.102156 0.001504
4.115282 0.096004 0.001536
4.132059 0.092376 0.001910
4.148587 0.098486 0.002461
4.165194 0.105297 0.002089
4.181828 0.114122 0.002129
4.198648 0.119680 0.001721
4.215240 0.131738 0.002622
4.232209 0.138764 0.002335
4.249419 0.147131 0.002302
4.265467 0.139095 0.000933
4.283600 0.134617 0.002067
4.298580 0.131067 0.002224
4.316164 0.131736 0.002450
4.332236 0.145822 0.003577
4.348454 0.138351 0.000771
4.365373 0.122753 0.001031
4.381835 0.113935 0.002140
4.398691 0.113451 0.002912
4.415188 0.119741 0.002868
4.432143 0.112277 0.000902
4.448392 0.116925 0.002671
4.465350 0.105044 0.000672
4.481730 0.099863 0.001782
4.498372 0.100625 0.002111
4.514963 0.097594 0.001351
4.531764 0.102161 0.002394
4.548343 0.109831 0.002218
4.565008 0.117081 0.002094
4.581695 0.113940 0.001363
4.598360 0.120078 0.002430
4.615115 0.128305 0.002478
4.631883 0.136525 0.002538
4.648437 0.152300 0.003135
4.665102 0.142384 0.000268
4.681697 0.144572 0.002731
4.698544 0.134609 0.001295
4.715046 0.115779 0.000973
4.731759 0.120167 0.003542
4.748422 0.114600 0.001643
4.765233 0.112326 0.002672
4.781666 0.110339 0.001735
4.798657 0.111700 0.002225
4.815067 0.113164 0.001895
4.831881 0.110376 0.001911
4.848366 0.118040 0.002260
4.865550 0.131577 0.003336
4.881689 0.149733 0.002690
4.898661 0.145243 0.000475
4.915016 0.148335 0.002435
4.934070 0.148547 0.002179
4.948294 0.138526 0.001408
4.965030 0.128917 0.001673
4.982443 0.142768 0.004779
5.003371 0.127196 0.000450
Speed: 20
0.016626 0.012900 0.001723
0.033587 0.027847 0.000833
0.049841 0.023884 0.000822
0.066792 0.018270 0.000356
0.083225 0.016704 0.000365
0.099776 0.021398 0.000950
0.116377 0.047253 0.002707
0.135160 0.076504 0.002050
0.149828 0.134505 0.004786
0.168800 0.181428 0.002786
0.183180 0.243243 0.004893
0.201938 0.286391 0.003214
0.217432 0.335820 0.005420
0.234647 0.378301 0.005395
0.252369 0.396641 0.004327
0.266515 0.396641 0.000000
0.283134 0.436316 0.011012
0.299650 0.421646 0.003351
0.316388 0.387632 0.004324
0.332908 0.364077 0.006152
0.349727 0.330440 0.005418
0.366217 0.311397 0.005559
0.382922 0.292407 0.005438
0.399650 0.273345 0.005003
0.416655 0.276247 0.006791
0.433100 0.267720 0.004191
0.449836 0.259007 0.004285
0.466563 0.261835 0.005321
0.483261 0.277824 0.006228
0.499752 0.299184 0.005863
0.516638 0.317070 0.005104
0.533173 0.337283 0.005706
0.549738 0.349401 0.005071
0.566402 0.363976 0.005977
0.583142 0.371289 0.005478
0.599810 0.377095 0.005907
0.616499 0.353009 0.003208
0.633054 0.349066 0.006652
0.649791 0.352128 0.006708
0.666472 0.341648 0.004806
0.683060 0.315155 0.003684
0.699631 0.326588 0.008260
0.716372 0.314416 0.004218
0.733039 0.319255 0.006493
0.750028 0.307008 0.004392
0.767995 0.315404 0.005923
0.783062 0.318857 0.005445
0.799690 0.321421 0.004975
0.816235 0.340287 0.007949
0.833011 0.336619 0.003811
0.849903 0.346388 0.006363
0.866232 0.338214 0.004329
0.883041 0.325955 0.004668
0.899583 0.330185 0.006776
0.916201 0.319125 0.004853
0.932865 0.316885 0.005220
0.949615 0.321510 0.006080
0.966166 0.315395 0.004777
0.982851 0.317828 0.005780
0.999605 0.323326 0.005875
1.016216 0.330512 0.006218
1.032838 0.332770 0.005243
1.049535 0.329125 0.004448
1.068324 0.334615 0.006284
1.082816 0.333026 0.005057
1.103424 0.337019 0.006036
1.116278 0.334221 0.005102
1.133082 0.323295 0.004659
1.149647 0.330631 0.006807
1.166443 0.329680 0.005289
1.182889 0.343495 0.006864
1.199653 0.329430 0.003429
1.216314 0.309080 0.003979
1.232989 0.309581 0.006946
1.249531 0.307567 0.005388
1.266375 0.319324 0.006715
1.282882 0.343880 0.007183
1.299612 0.333461 0.002935
1.316269 0.337164 0.006117
1.335057 0.332203 0.004908
1.352382 0.337683 0.006306
1.365973 0.343536 0.005997
1.383292 0.329636 0.003845
1.399286 0.334092 0.006654
1.418664 0.324965 0.004725
1.432631 0.335187 0.006911
1.451880 0.326402 0.004249
1.465970 0.314979 0.004657
1.482766 0.324208 0.007080
1.499364 0.311683 0.004122
1.516004 0.323723 0.007150
1.532721 0.317263 0.004219
1.549372 0.304174 0.004142
1.565977 0.300047 0.005683
1.582579 0.303182 0.005701
1.599364 0.294297 0.004200
1.615954 0.303709 0.006398
1.632669 0.301525 0.004441
1.649308 0.316980 0.006631
1.667069 0.329782 0.005607
1.682560 0.331282 0.004494
1.702029 0.327300 0.005449
1.719221 0.316892 0.004905
1.735136 0.346097 0.006368
1.749194 0.362362 0.005041
1.765949 0.365686 0.004629
1.782544 0.370198 0.005683
1.799230 0.363572 0.005010
1.815963 0.370230 0.006985
1.832563 0.353873 0.004292
1.849183 0.342901 0.005576
1.865968 0.341320 0.006541
1.882565 0.325981 0.004631
1.899144 0.318796 0.005922
1.916065 0.307713 0.004941
1.932510 0.293314 0.004757
1.950842 0.295472 0.006230
1.965836 0.281223 0.003819
1.984808 0.293095 0.006911
1.999257 0.302937 0.005407
2.015728 0.302024 0.004248
2.032537 0.322187 0.006706
2.049963 0.323762 0.004972
2.065779 0.324275 0.003790
2.082552 0.334181 0.006194
2.099167 0.330865 0.004724
2.115774 0.337849 0.006205
2.132564 0.327206 0.004426
2.149209 0.317138 0.004489
2.165774 0.314974 0.005986
2.182400 0.303527 0.004444
2.199467 0.295778 0.005106
2.215782 0.290475 0.005177
2.234862 0.288994 0.005254
2.249117 0.300450 0.006362
2.268078 0.298156 0.004303
2.282261 0.304729 0.005492
2.299082 0.312418 0.005450
2.315753 0.310212 0.004445
2.332437 0.325887 0.006809
2.349280 0.336424 0.005396
2.365753 0.331757 0.004178
2.382293 0.336233 0.005896
2.398941 0.344588 0.006152
2.415694 0.349129 0.005602
2.432306 0.340050 0.004402
2.448933 0.323071 0.004403
2.465712 0.332090 0.007703
2.483205 0.309441 0.002987
2.498969 0.296051 0.005349
2.518089 0.304823 0.007132
2.532327 0.282951 0.002934
2.551346 0.286535 0.006290
2.565635 0.299814 0.006282
2.582427 0.309155 0.005143
2.599012 0.309155 0.000000
2.615612 0.309155 0.000000
2.632361 0.339256 0.016705
2.649020 0.349059 0.005653
2.665607 0.345507 0.004582
2.682408 0.336831 0.004923
2.698971 0.330595 0.005410
2.719115 0.323181 0.005390
2.732445 0.318064 0.005491
2.752206 0.301805 0.004737
2.767139 0.321198 0.006976
2.782581 0.313946 0.003572
2.799152 0.308638 0.004773
2.815644 0.324957 0.007245
2.832386 0.303899 0.002436
2.848989 0.311815 0.006936
2.865677 0.318357 0.005693
2.882297 0.307741 0.003834
2.899035 0.332341 0.008155
2.915643 0.315812 0.002492
2.932297 0.321676 0.006437
2.949054 0.334291 0.006430
2.965648 0.330142 0.004408
2.982263 0.328577 0.005520
2.998910 0.331703 0.005882
3.015655 0.328368 0.004945
3.032265 0.330593 0.005836
3.048890 0.331595 0.005420
3.065658 0.316639 0.003967
3.082274 0.309442 0.005358
3.098862 0.304817 0.005411
3.115627 0.328699 0.008051
3.132284 0.330833 0.004425
3.148887 0.327915 0.004968
3.165639 0.327536 0.005451
3.182234 0.315765 0.004240
3.198895 0.316568 0.006118
3.215512 0.310770 0.004912
3.232241 0.299068 0.005133
3.248850 0.306771 0.005412
3.269181 0.314565 0.005591
3.282063 0.331634 0.006355
3.298767 0.338418 0.005361
3.315376 0.337096 0.004694
3.332178 0.326127 0.004379
3.350123 0.335179 0.006375
3.365467 0.338157 0.005312
3.382112 0.332432 0.005160
3.398781 0.333112 0.005899
3.415377 0.340654 0.006220
3.431953 0.335485 0.004690
3.448681 0.327328 0.004827
3.465364 0.332135 0.005935
3.481949 0.331766 0.005379
3.498661 0.335677 0.005997
3.515283 0.336340 0.005398
3.531943 0.335712 0.005413
3.548673 0.326134 0.004619
3.565293 0.327264 0.006181
3.581902 0.314446 0.004267
3.598824 0.317331 0.006566
3.615307 0.319134 0.005559
3.632124 0.324919 0.005818
3.648514 0.329564 0.005592
3.665296 0.335587 0.005687
3.681921 0.334907 0.005168
3.698508 0.332645 0.005252
3.715257 0.345999 0.006918
3.731924 0.336796 0.004147
3.748550 0.345378 0.006702
3.765337 0.341644 0.004983
3.781884 0.320465 0.003612
3.798687 0.316791 0.006480
3.815283 0.311984 0.005520
3.831893 0.323089 0.006761
3.848486 0.304475 0.002970
3.865174 0.305086 0.006137
3.881901 0.310024 0.005864
3.898495 0.300911 0.004066
3.915117 0.307604 0.006143
3.931936 0.317255 0.005841
3.948522 0.313838 0.004298
3.965137 0.326826 0.006521
3.981866 0.316459 0.003636
3.998512 0.324606 0.006473
4.015145 0.330597 0.005657
4.031876 0.330384 0.004948
4.048566 0.327684 0.005187
4.065148 0.324252 0.005199
4.081768 0.330987 0.006289
4.098485 0.329321 0.005033
4.115118 0.332668 0.005800
4.131763 0.324523 0.004661
4.148509 0.336622 0.007072
4.165111 0.329339 0.004249
4.181724 0.316040 0.004398
4.198490 0.320849 0.006706
4.215108 0.313226 0.004563
4.231725 0.306221 0.005009
4.248456 0.307036 0.005746
4.265124 0.307148 0.005345
4.281735 0.312631 0.005653
4.298409 0.309218 0.004582
4.315079 0.314518 0.005742
4.331758 0.324985 0.005995
4.348341 0.320017 0.004245
4.365098 0.322185 0.005620
4.381700 0.337481 0.006763
4.398341 0.335495 0.004540
4.415095 0.338969 0.005713
4.431703 0.338397 0.005300
4.448296 0.334363 0.005234
4.465135 0.330959 0.005460
4.481809 0.328208 0.005600
4.498366 0.319502 0.004850
4.515033 0.316356 0.005646
4.531805 0.300875 0.004194
4.548396 0.298675 0.006030
4.565041 0.314436 0.007072
4.582034 0.315338 0.004493
4.598497 0.344224 0.007896
4.615081 0.334057 0.002817
4.631822 0.323944 0.004767
4.648343 0.323837 0.006117
4.665175 0.325356 0.005775
4.681615 0.329026 0.006026
4.698362 0.339757 0.006283
4.714996 0.331538 0.003982
4.731619 0.336290 0.006274
4.748352 0.341814 0.006006
4.765137 0.323785 0.003483
4.781572 0.331791 0.007152
4.798359 0.334826 0.005837
4.815013 0.313371 0.003140
4.831832 0.319893 0.007188
4.852493 0.318349 0.005137
4.865420 0.314170 0.004896
4.881652 0.328465 0.006868
4.898262 0.326392 0.004585
4.915001 0.336348 0.006267
4.931647 0.353192 0.006646
4.948263 0.344403 0.003895
4.965000 0.349869 0.006389
4.981609 0.351522 0.005721
4.998268 0.330847 0.003505
5.015007 0.327368 0.006362
Speed: 30
0.018518 0.004980 0.000783
0.033350 0.008366 0.000195
0.050046 0.011980 0.000256
0.066686 0.029468 0.001678
0.083308 0.029183 0.000810
0.099974 0.024759 0.000381
0.116815 0.025359 0.003581
0.133309 0.084411 0.004350
0.149965 0.158604 0.004125
0.166598 0.252174 0.005907
0.183348 0.348567 0.006109
0.202705 0.457912 0.008298
0.216606 0.532756 0.005441
0.234545 0.590961 0.006945
0.249941 0.635881 0.008153
0.268235 0.657415 0.007941
0.283336 0.663314 0.008609
0.301501 0.640765 0.007481
0.318386 0.600816 0.007521
0.336094 0.543831 0.008272
0.349954 0.499585 0.007206
0.367993 0.436721 0.008247
0.385432 0.422774 0.008679
0.399987 0.386445 0.007557
0.417752 0.413216 0.009320
0.436003 0.439559 0.008469
0.449908 0.475033 0.008905
0.468181 0.510801 0.008682
0.483194 0.549198 0.009224
0.499934 0.572274 0.008045
0.518557 0.603330 0.010135
0.533513 0.609390 0.007899
0.549811 0.614898 0.009402
0.566562 0.627742 0.010879
0.583184 0.611858 0.008309
0.600801 0.585337 0.007437
0.618661 0.536503 0.008287
0.633289 0.527265 0.009154
0.649863 0.486948 0.007794
0.666600 0.493878 0.009346
0.683228 0.500912 0.009386
0.699876 0.503745 0.008357
0.716701 0.511963 0.009001
0.733202 0.519544 0.008648
0.749947 0.527363 0.008824
0.766519 0.539311 0.009273
0.783255 0.551563 0.009241
0.799836 0.557259 0.008687
0.816598 0.555301 0.008368
0.833204 0.557480 0.009452
0.849935 0.560117 0.009444
0.866533 0.551247 0.008147
0.883319 0.531337 0.007675
0.899853 0.514402 0.008548
0.916487 0.507451 0.009428
0.933170 0.504365 0.008859
0.949845 0.492241 0.007805
0.966526 0.502663 0.009995
0.983112 0.507869 0.008984
0.999910 0.500714 0.007269
1.016540 0.519387 0.010497
1.033149 0.531786 0.008735
1.049931 0.534823 0.008056
1.066470 0.550032 0.009887
1.083174 0.551413 0.008208
1.099896 0.541254 0.007676
1.116557 0.544076 0.009782
1.133085 0.541800 0.008752
1.149855 0.520922 0.007112
1.166485 0.518266 0.009762
1.183026 0.507610 0.008149
1.199660 0.511667 0.009725
1.218611 0.514285 0.008801
1.236137 0.508384 0.007767
1.250571 0.515324 0.009564
1.266539 0.519068 0.008624
1.283099 0.515357 0.008009
1.299699 0.527948 0.010170
1.316456 0.526580 0.007866
1.333081 0.524635 0.008406
1.349723 0.533876 0.009608
1.366430 0.549584 0.010051
1.383009 0.529005 0.005868
1.399678 0.536228 0.010610
1.416096 0.517158 0.006845
1.432888 0.514464 0.009472
1.449455 0.507185 0.008455
1.466092 0.494673 0.007685
1.482844 0.499887 0.009811
1.499517 0.498533 0.008243
1.516061 0.497076 0.008228
1.532884 0.526830 0.011537
1.549464 0.526830 0.000000
1.566137 0.551494 0.015184
1.582816 0.580926 0.010816
1.599491 0.572947 0.006589
1.616066 0.573624 0.009457
1.632733 0.562568 0.008228
1.649432 0.545268 0.009016
1.666100 0.541069 0.008999
1.682800 0.524822 0.008010
1.699499 0.511869 0.008846
1.716136 0.519305 0.010409
1.732724 0.508037 0.007466
1.749455 0.505114 0.008853
1.766082 0.502319 0.008619
1.782675 0.497386 0.008115
1.799451 0.501710 0.009175
1.816045 0.498837 0.007926
1.832745 0.510414 0.009622
1.849278 0.531173 0.009963
1.866233 0.535052 0.007750
1.882685 0.534286 0.008303
1.899360 0.552603 0.010543
1.916020 0.537706 0.006448
1.932769 0.545019 0.010148
1.949285 0.538081 0.008126
1.966203 0.532774 0.008801
1.982638 0.535470 0.009602
1.999285 0.529236 0.008298
2.015914 0.527100 0.008950
2.032688 0.502546 0.006618
2.049250 0.492593 0.009065
2.065922 0.502498 0.010263
2.082665 0.502918 0.008198
2.099302 0.505998 0.008612
2.117962 0.499929 0.009046
2.132905 0.513140 0.009874
2.149536 0.523069 0.007354
2.168180 0.533568 0.008616
2.182887 0.544423 0.008980
2.199280 0.557303 0.009459
2.218751 0.550694 0.007482
2.236218 0.558872 0.010002
2.250815 0.560076 0.008966
2.265930 0.570491 0.010129
2.282606 0.563885 0.008252
2.299330 0.544526 0.007566
2.315947 0.534260 0.009292
2.332529 0.526439 0.009103
2.349310 0.511123 0.008240
2.365883 0.508659 0.009562
2.382523 0.499868 0.008144
2.399295 0.495179 0.008516
2.415944 0.507657 0.010143
2.432541 0.514380 0.008565
2.449231 0.524114 0.009001
2.465986 0.516638 0.008052
2.482686 0.534604 0.008970
2.499207 0.539672 0.009265
2.516016 0.551573 0.008217
2.532638 0.564731 0.009407
2.549297 0.566979 0.008509
2.566031 0.572068 0.009428
2.582448 0.569930 0.008901
2.599116 0.552344 0.007622
2.616221 0.538753 0.008977
2.632555 0.534083 0.009659
2.649470 0.523654 0.008697
2.665766 0.522726 0.009358
2.682584 0.507700 0.007536
2.699139 0.506242 0.009401
2.715760 0.503757 0.008745
2.732506 0.508312 0.009037
2.749146 0.508357 0.008385
2.765773 0.501547 0.007700
2.782527 0.507003 0.009373
2.799106 0.510931 0.008548
2.815779 0.524231 0.009582
2.832525 0.537220 0.009126
2.849101 0.540229 0.008190
2.865742 0.536943 0.008120
2.882399 0.537618 0.009065
2.899118 0.539501 0.009095
2.915734 0.530403 0.007981
2.932363 0.535951 0.009927
2.949112 0.546761 0.009824
2.965764 0.545122 0.008171
2.982352 0.544343 0.008970
2.999076 0.533047 0.007918
3.015748 0.538323 0.010220
3.032383 0.551361 0.010192
3.048955 0.546575 0.007936
3.065724 0.547787 0.009125
3.082349 0.534121 0.007769
3.098962 0.534679 0.009678
3.115702 0.540646 0.009835
3.132326 0.545866 0.009214
3.148981 0.545739 0.008693
3.165726 0.536520 0.007986
3.182323 0.528066 0.008771
3.200326 0.523420 0.008883
3.215836 0.516484 0.008746
3.232455 0.513549 0.008812
3.249079 0.507071 0.008407
3.265481 0.509725 0.009042
3.282520 0.511939 0.008803
3.298858 0.523856 0.009532
3.315575 0.524975 0.008054
3.332201 0.534588 0.009402
3.348943 0.541649 0.008922
3.365492 0.538155 0.007965
3.382310 0.546901 0.010123
3.398833 0.537621 0.007578
3.415600 0.540033 0.009697
3.432211 0.526384 0.007680
3.448907 0.524684 0.009442
3.467087 0.513089 0.008576
3.482102 0.514378 0.008792
3.498837 0.506647 0.008717
3.516402 0.518978 0.009044
3.534194 0.508561 0.008527
3.550460 0.530741 0.008045
3.565468 0.549470 0.009006
3.582317 0.552841 0.009220
3.598913 0.584445 0.008895
3.615634 0.602505 0.008683
3.632237 0.607151 0.008581
3.652583 0.600067 0.008278
3.665977 0.604793 0.010556
3.682180 0.593469 0.008708
3.698819 0.566146 0.007754
3.715620 0.534471 0.008266
3.732132 0.515455 0.009401
3.750467 0.492172 0.008418
3.765590 0.485331 0.009542
3.782323 0.480217 0.008824
3.798845 0.478335 0.008446
3.815634 0.485764 0.009090
3.832242 0.501503 0.009372
3.850502 0.518472 0.008988
3.865599 0.536165 0.008996
3.882243 0.548485 0.008654
3.898866 0.549441 0.007957
3.915458 0.560090 0.009732
3.932302 0.557800 0.008317
3.949016 0.552080 0.008571
3.965600 0.545397 0.008873
3.982328 0.549360 0.010012
3.998942 0.541719 0.008356
4.015562 0.536648 0.008881
4.032336 0.528045 0.008595
4.048910 0.520709 0.008719
4.065472 0.514590 0.008771
4.082261 0.518644 0.009809
4.098961 0.520666 0.008676
4.115532 0.517092 0.008156
4.132103 0.520176 0.009100
4.148894 0.506002 0.007092
4.165583 0.503911 0.009143
4.182159 0.507588 0.009282
4.198925 0.514619 0.009021
4.215572 0.523470 0.009007
4.232194 0.529003 0.008607
4.248914 0.523082 0.007693
4.265541 0.534272 0.009888
4.282170 0.530671 0.007951
4.298800 0.552005 0.034956
4.315536 0.577103 0.006694
4.332156 0.577687 0.007362
4.348832 0.560775 0.008050
4.365569 0.523864 0.008214
4.381029 0.506834 0.010304
4.397655 0.490254 0.008671
4.414339 0.491558 0.007837
4.431057 0.517186 0.008460
4.447599 0.568497 0.009548
4.464398 0.592473 0.006116
4.480951 0.615856 0.009183
4.500744 0.609338 0.007942
4.514281 0.613531 0.009841
4.530911 0.584580 0.006707
4.547546 0.564502 0.009282
4.564225 0.559331 0.009615
4.580899 0.541462 0.007210
4.597765 0.548233 0.010155
4.615276 0.535976 0.007266
4.632397 0.528901 0.008763
4.648634 0.522464 0.008607
4.665633 0.500852 0.007838
4.682002 0.498455 0.009898
4.698920 0.479802 0.007138
4.715262 0.478831 0.008703
4.732432 0.483978 0.008741
4.748659 0.501800 0.008983
4.765359 0.526805 0.009428
4.781863 0.534603 0.007595
4.798702 0.551722 0.009718
4.815265 0.545161 0.007087
4.832189 0.533463 0.008158
4.848651 0.541353 0.010174
4.865534 0.519017 0.006477
4.881935 0.521428 0.009884
4.898964 0.517544 0.008624
4.915333 0.513331 0.008252
4.932101 0.526066 0.010189
4.948513 0.516083 0.007187
4.965553 0.506172 0.008239
4.981945 0.505082 0.008982
4.998745 0.501446 0.008418
5.015249 0.509230 0.009291
Speed: 40
0.016387 0.024230 0.000576
0.035348 0.020503 0.000716
0.049764 0.020853 0.000260
0.068895 0.027727 0.000898
0.082991 0.023130 0.000741
0.099814 0.025962 0.000589
0.116473 0.035858 0.002963
0.133076 0.101519 0.005639
0.149671 0.197922 0.006148
0.166449 0.279513 0.003826
0.183040 0.403941 0.009720
0.199776 0.497912 0.006098
0.216427 0.606399 0.010013
0.233081 0.685813 0.008458
0.249808 0.730357 0.007724
0.266458 0.777235 0.011470
0.283795 0.820404 0.012554
0.299744 0.803901 0.007741
0.318704 0.779982 0.010542
0.333069 0.750529 0.011382
0.352065 0.715385 0.011127
0.366267 0.665163 0.009803
0.382985 0.584445 0.010110
0.399691 0.583930 0.010126
0.416297 0.586812 0.012282
0.433024 0.615928 0.012885
0.449723 0.625724 0.011457
0.466304 0.657350 0.009864
0.483057 0.672205 0.010784
0.499744 0.739305 0.012382
0.516253 0.793365 0.011749
0.533798 0.836667 0.012108
0.549628 0.873551 0.013400
0.568675 0.886142 0.011896
0.582770 0.869875 0.011121
0.601978 0.842396 0.011990
0.616091 0.802801 0.011935
0.632901 0.735410 0.013179
0.649567 0.720605 0.010186
0.666182 0.700010 0.012666
0.682796 0.688101 0.012649
0.701948 0.677372 0.011745
0.716310 0.659869 0.010776
0.732952 0.651578 0.011789
0.749442 0.662519 0.012783
0.766464 0.672797 0.011804
0.783016 0.679807 0.011071
0.801455 0.692530 0.012076
0.816191 0.717271 0.013080
0.832956 0.726462 0.011827
0.849493 0.744619 0.012657
0.866458 0.768954 0.013294
0.882765 0.765546 0.010561
0.903945 0.780171 0.012826
0.916455 0.782745 0.011778
0.932788 0.780585 0.012431
0.949370 0.777187 0.012435
0.966184 0.762609 0.011911
0.982716 0.741029 0.011318
0.999699 0.716777 0.011928
1.015971 0.674498 0.011888
1.036372 0.689980 0.012206
1.049382 0.708006 0.012759
1.067368 0.719586 0.012066
1.082723 0.737724 0.012665
1.101933 0.743029 0.011425
1.115969 0.746043 0.011539
1.135215 0.749433 0.012684
1.149324 0.736064 0.010757
1.166105 0.745337 0.014026
1.182722 0.735640 0.010882
1.199472 0.729826 0.012508
1.216075 0.727984 0.012511
1.232699 0.719454 0.011493
1.249456 0.713291 0.011975
1.266109 0.710486 0.012271
1.282684 0.703714 0.011253
1.299432 0.692279 0.011427
1.316539 0.691987 0.012092
1.332690 0.703424 0.012947
1.351826 0.727226 0.013648
1.365993 0.741949 0.011859
1.382509 0.739703 0.010649
1.399176 0.735793 0.011646
1.419769 0.732869 0.012194
1.432535 0.729352 0.011970
1.449375 0.731480 0.012746
1.465902 0.734489 0.012396
1.482488 0.733592 0.011972
1.499161 0.725225 0.011490
1.515867 0.723890 0.012428
1.532540 0.715688 0.011485
1.549107 0.699741 0.010962
1.565871 0.702632 0.013013
1.582737 0.720224 0.013732
1.599134 0.731052 0.012165
1.615843 0.721395 0.010164
1.632502 0.724787 0.012518
1.649347 0.725594 0.012119
1.665752 0.729339 0.012312
1.682561 0.726793 0.011685
1.699098 0.736653 0.013205
1.715728 0.736499 0.011730
1.739948 0.732232 0.011675
1.756240 0.730532 0.012310
1.765678 0.727884 0.012019
1.782508 0.729179 0.012500
1.799117 0.720375 0.011299
1.815724 0.712855 0.011856
1.832336 0.716089 0.012701
1.849094 0.711638 0.011584
1.872825 0.707637 0.011767
1.883665 0.714751 0.012748
1.899023 0.720220 0.012203
1.918664 0.728415 0.012340
1.932374 0.734579 0.012035
1.951356 0.735563 0.011883
1.965621 0.739086 0.012261
1.982272 0.744489 0.012696
1.999029 0.746049 0.012144
2.015614 0.741094 0.011868
2.032204 0.730328 0.011367
2.048950 0.724662 0.012320
2.065593 0.745892 0.014828
2.082438 0.736640 0.010412
2.098978 0.726679 0.011487
2.115814 0.718281 0.011924
2.132509 0.715835 0.012431
2.149006 0.715582 0.012392
2.165690 0.727194 0.013231
2.182394 0.723172 0.011016
2.198989 0.734787 0.013302
2.215633 0.739661 0.012010
2.232325 0.749672 0.012731
2.249838 0.749672 0.000000
2.269010 0.758693 0.023646
2.282571 0.770670 0.013314
2.298906 0.780006 0.012884
2.315782 0.787611 0.013110
2.332351 0.785100 0.011904
2.349151 0.771531 0.011684
2.365576 0.753347 0.011719
2.386293 0.723000 0.010890
2.399035 0.712412 0.013375
2.417120 0.673161 0.013199
2.432165 0.701125 0.010262
2.449068 0.722399 0.011985
2.465571 0.751481 0.012986
2.482273 0.769350 0.011796
2.498873 0.784303 0.012375
2.515698 0.788971 0.011985
2.532213 0.779088 0.011347
2.549243 0.759862 0.011481
2.565578 0.754496 0.013557
2.582304 0.737605 0.011458
2.598966 0.716520 0.011531
2.615600 0.703127 0.012276
2.632439 0.690813 0.011781
2.648993 0.677095 0.012674
2.665705 0.670028 0.011666
2.682366 0.663845 0.011575
2.698961 0.686391 0.012534
2.715711 0.698516 0.011385
2.732056 0.727594 0.013229
2.748760 0.744910 0.011696
2.765417 0.772881 0.013312
2.782247 0.789561 0.012187
2.798716 0.788375 0.011403
2.815597 0.784882 0.012196
2.832071 0.774881 0.012020
2.848851 0.762120 0.012385
2.865346 0.742058 0.011585
2.882202 0.731374 0.012859
2.898673 0.719371 0.012178
2.915513 0.712745 0.012420
2.932125 0.712972 0.012861
2.948704 0.710881 0.011905
2.965339 0.704213 0.011330
2.982133 0.717304 0.013507
2.998725 0.725819 0.012338
3.015351 0.746399 0.013307
3.032077 0.757737 0.011968
3.048730 0.763620 0.012098
3.065361 0.768764 0.012553
3.081968 0.771581 0.012507
3.098689 0.775713 0.013031
3.115372 0.759232 0.010805
3.131980 0.733851 0.011066
3.148687 0.725871 0.013347
3.165415 0.714451 0.012034
3.181986 0.691958 0.010913
3.198697 0.692250 0.036775
3.215341 0.698794 0.009783
3.231937 0.717829 0.012546
3.248707 0.716016 0.012231
3.265334 0.698973 0.011807
3.281958 0.666293 0.009969
3.298545 0.673825 0.013490
3.315707 0.698828 0.012655
3.331965 0.716720 0.009957
3.348914 0.741813 0.011295
3.365300 0.769843 0.012168
3.382113 0.798845 0.013105
3.398547 0.793378 0.010143
3.415579 0.771670 0.011253
3.431920 0.749628 0.011857
3.448667 0.728237 0.012152
3.465221 0.719986 0.012714
3.481937 0.701729 0.010464
3.498513 0.691480 0.011314
3.515191 0.693574 0.012329
3.531930 0.692008 0.011318
3.548522 0.682019 0.011032
3.565147 0.692171 0.013260
3.582208 0.690886 0.011398
3.598521 0.677758 0.009863
3.615157 0.685731 0.012754
3.631890 0.694502 0.011863
3.648542 0.707941 0.011831
3.665177 0.719460 0.011485
3.681768 0.733197 0.011898
3.698754 0.735544 0.011776
3.715172 0.731682 0.011161
3.731768 0.709543 0.010105
3.748521 0.703709 0.012939
3.765130 0.692418 0.011244
3.782061 0.676126 0.010927
3.798509 0.682163 0.012877
3.815337 0.683836 0.011611
3.831752 0.682914 0.010973
3.848859 0.687133 0.012230
3.865159 0.680746 0.010436
3.885048 0.659543 0.011458
3.898406 0.689201 0.011995
3.917035 0.703085 0.011997
3.931784 0.713461 0.010109
3.949465 0.730501 0.013001
3.965124 0.751478 0.012140
3.986102 0.744612 0.011968
3.998400 0.763760 0.010428
4.015542 0.768668 0.011844
4.031719 0.762830 0.011080
4.052998 0.730072 0.012184
4.065119 0.736076 0.010206
4.082162 0.730606 0.011977
4.098334 0.727022 0.011763
4.115000 0.711741 0.010890
4.131725 0.688060 0.010563
4.148819 0.677900 0.012606
4.164963 0.672986 0.011595
4.182148 0.662513 0.011233
4.198395 0.663598 0.011712
4.215406 0.664067 0.011566
4.231965 0.664895 0.011133
4.248828 0.670897 0.011795
4.264988 0.684124 0.011804
4.282142 0.693868 0.011723
4.298315 0.700715 0.011053
4.315016 0.711710 0.012118
4.331575 0.717177 0.011439
4.348869 0.718577 0.011897
4.365032 0.707329 0.010285
4.381817 0.697259 0.011472
4.398402 0.698536 0.012508
4.415118 0.687273 0.010737
4.431611 0.696796 0.013040
4.448838 0.687203 0.010701
4.465036 0.678820 0.010731
4.482288 0.686240 0.013210
4.498377 0.693395 0.011555
4.516750 0.685002 0.011165
4.531546 0.692225 0.011049
4.548336 0.705371 0.012549
4.564999 0.714606 0.011731
4.581603 0.725584 0.012103
4.598172 0.727989 0.011298
4.614901 0.729649 0.011890
4.631529 0.726390 0.011542
4.648760 0.704193 0.010360
4.665022 0.684285 0.010874
4.681588 0.674794 0.012054
4.698233 0.672818 0.012163
4.714901 0.663815 0.010777
4.731683 0.674071 0.012897
4.748433 0.679641 0.011471
4.764967 0.676969 0.010508
4.781609 0.685259 0.012114
4.798267 0.696672 0.012056
4.815043 0.696597 0.010804
4.831559 0.698860 0.011454
4.848260 0.702024 0.011851
4.864864 0.707263 0.011884
4.881573 0.717606 0.012424
4.898216 0.720399 0.011438
4.914875 0.707679 0.010342
4.931472 0.707607 0.012386
4.948221 0.702535 0.011565
4.964841 0.699189 0.011772
4.981541 0.688475 0.010929
4.998236 0.689255 0.012347
5.014920 0.693990 0.012186
Speed: 50
0.016769 0.018585 0.001074
0.033328 0.019195 0.000562
0.049986 0.013037 0.000704
0.066576 0.008536 0.000564
0.083365 0.012770 0.001278
0.100059 0.029575 0.000757
0.116770 0.053896 0.001584
0.133352 0.105176 0.004259
0.150144 0.189519 0.006543
0.166718 0.266143 0.004522
0.183449 0.367290 0.007774
0.200000 0.485726 0.009358
0.217211 0.606088 0.009359
0.233334 0.738501 0.012380
0.250239 0.818496 0.008611
0.266620 0.883486 0.011302
0.283288 0.928065 0.012219
0.299956 0.946638 0.012272
0.316550 0.945301 0.012717
0.333156 0.921710 0.012460
0.349928 0.890060 0.013456
0.366521 0.856032 0.013664
0.383169 0.824169 0.013873
0.399910 0.790602 0.013538
0.416563 0.759317 0.012866
0.433131 0.742345 0.014121
0.449775 0.749502 0.014920
0.466540 0.753922 0.013137
0.483178 0.764479 0.013402
0.499837 0.799103 0.015585
0.516641 0.872422 0.018333
0.533142 0.910509 0.013019
0.549789 0.936631 0.013726
0.566490 0.972715 0.016231
0.583266 0.992495 0.014914
0.599761 1.004414 0.015496
0.616540 0.994322 0.014282
0.633106 0.974535 0.014648
0.649862 0.943762 0.014418
0.666380 0.904062 0.014045
0.683314 0.876527 0.015730
0.699721 0.864924 0.016310
0.716526 0.857893 0.015275
0.733115 0.856468 0.015149
0.749884 0.865580 0.015801
0.766356 0.876642 0.014839
0.783246 0.895802 0.015658
0.799748 0.917149 0.015684
0.816488 0.927793 0.014560
0.833093 0.932343 0.014654
0.849834 0.936885 0.015313
0.866360 0.938317 0.015204
0.883006 0.940339 0.015603
0.899715 0.948963 0.016428
0.916495 0.947928 0.015057
0.932981 0.942884 0.015111
0.949745 0.940103 0.015757
0.966329 0.925503 0.014458
0.983016 0.904598 0.014240
0.999731 0.897105 0.016054
1.016400 0.894627 0.015653
1.033040 0.897531 0.015638
1.049707 0.898144 0.015040
1.066336 0.904086 0.015527
1.083015 0.907673 0.015039
1.099551 0.911117 0.015251
1.116460 0.920173 0.015737
1.132948 0.920610 0.014689
1.149720 0.936677 0.016812
1.166289 0.934543 0.014346
1.183072 0.927838 0.015292
1.199571 0.935692 0.016004
1.216472 0.936485 0.015206
1.232921 0.930836 0.014892
1.249675 0.930822 0.015739
1.266321 0.922720 0.014829
1.283198 0.909793 0.014599
1.299539 0.901065 0.015389
1.316315 0.917110 0.017337
1.332925 0.920762 0.014958
1.349595 0.917431 0.014644
1.366165 0.921232 0.015674
1.383071 0.928404 0.015787
1.399552 0.931293 0.015333
1.416216 0.939614 0.015960
1.432900 0.942069 0.015268
1.449666 0.940751 0.015246
1.466171 0.935066 0.015067
1.482937 0.926818 0.015074
1.499515 0.919949 0.015457
1.516307 0.919177 0.015839
1.532831 0.919276 0.015585
1.549557 0.929928 0.016552
1.566233 0.914482 0.013278
1.582786 0.900917 0.014669
1.599525 0.904172 0.016385
1.616319 0.908929 0.015684
1.632753 0.909760 0.015083
1.649679 0.909022 0.015200
1.666143 0.914864 0.015476
1.682905 0.919708 0.015439
1.699369 0.922626 0.015222
1.716270 0.934898 0.016316
1.732756 0.945260 0.015882
1.749413 0.951486 0.015403
1.766120 0.947207 0.014674
1.782861 0.939472 0.015101
1.799381 0.946978 0.016880
1.816277 0.951454 0.015921
1.832726 0.946350 0.015023
1.849482 0.939638 0.015257
1.866127 0.945457 0.016678
1.882780 0.933978 0.014545
1.899347 0.937648 0.016520
1.915988 0.936423 0.015444
1.932732 0.927707 0.014831
1.949397 0.936793 0.017024
1.965951 0.944325 0.015914
1.982731 0.932047 0.013954
1.999362 0.926041 0.015465
2.016006 0.928862 0.016241
2.032705 0.939702 0.016731
2.049354 0.920755 0.013035
2.065978 0.917010 0.015929
2.082749 0.905969 0.014811
2.099424 0.902897 0.015607
2.115953 0.910015 0.016361
2.132578 0.907378 0.014597
2.149353 0.903284 0.014833
2.165934 0.909792 0.015884
2.182742 0.916486 0.015570
2.199325 0.916717 0.014805
2.216116 0.931123 0.016484
2.232548 0.934392 0.014967
2.249318 0.930457 0.014602
2.265940 0.929845 0.015451
2.282605 0.931387 0.015909
2.299307 0.933605 0.015487
2.316057 0.938504 0.015815
2.332577 0.930793 0.014677
2.349346 0.935652 0.016532
2.365932 0.935038 0.015349
2.382703 0.929129 0.015021
2.399228 0.932879 0.016154
2.416017 0.930536 0.015199
2.432572 0.941098 0.016728
2.449228 0.938154 0.014731
2.465973 0.933633 0.015122
2.482611 0.938803 0.016447
2.499198 0.943045 0.016111
2.515972 0.947063 0.015437
2.532584 0.922415 0.012970
2.549236 0.920368 0.016616
2.565800 0.913632 0.015228
2.582592 0.884232 0.037198
2.599240 0.880492 0.013595
2.615849 0.880492 0.000000
2.632650 0.893961 0.028993
2.649208 0.874213 0.014326
2.665833 0.858641 0.015593
2.682603 0.829118 0.013718
2.699186 0.827318 0.015726
2.715986 0.861764 0.016163
2.732580 0.900629 0.013826
2.749234 0.939436 0.013872
2.765785 0.977667 0.014902
2.782444 0.995903 0.014345
2.799187 1.000361 0.015266
2.815856 0.985935 0.014799
2.832422 0.968236 0.015370
2.849281 0.946421 0.015184
2.865803 0.924331 0.014565
2.882578 0.909111 0.015039
2.899154 0.902106 0.015045
2.915802 0.896501 0.014702
2.932418 0.887878 0.014564
2.949070 0.872592 0.014468
2.965771 0.865822 0.015453
2.982417 0.855497 0.014328
2.999053 0.850751 0.014548
3.015818 0.869674 0.016347
3.032388 0.881237 0.014005
3.049043 0.903009 0.015271
3.065776 0.917633 0.014418
3.082436 0.925888 0.014588
3.099017 0.920746 0.013716
3.115785 0.920266 0.015656
3.132487 0.924348 0.015884
3.149051 0.920851 0.014762
3.165714 0.915464 0.014867
3.182400 0.897832 0.013724
3.199032 0.885037 0.014649
3.215667 0.878224 0.015172
3.232365 0.862589 0.013830
3.249016 0.849378 0.014285
3.265630 0.833527 0.013846
3.282412 0.832037 0.015351
3.298988 0.832002 0.014286
3.315747 0.835236 0.014385
3.332389 0.841878 0.014361
3.349138 0.858432 0.015208
3.365596 0.886102 0.015743
3.382332 0.894882 0.013565
3.398998 0.895399 0.013797
3.415783 0.892833 0.014322
3.432228 0.908200 0.016286
3.448999 0.913438 0.014736
3.465617 0.911752 0.014322
3.482269 0.898902 0.013687
3.498972 0.899934 0.015857
3.515611 0.876435 0.012768
3.532288 0.866812 0.015156
3.549015 0.860292 0.014988
3.565584 0.852893 0.014318
3.582229 0.850350 0.014636
3.598856 0.845662 0.014039
3.615636 0.862767 0.016341
3.632208 0.882703 0.015368
3.648843 0.892503 0.014097
3.665666 0.893911 0.013949
3.682244 0.899587 0.014877
3.698915 0.902037 0.014696
3.715595 0.896409 0.014158
3.732237 0.886442 0.014137
3.748865 0.873484 0.014161
3.765561 0.876635 0.015948
3.782219 0.869372 0.014029
3.798842 0.871752 0.015197
3.815522 0.872156 0.014643
3.832188 0.880319 0.015341
3.848918 0.876292 0.013818
3.865452 0.873151 0.014245
3.882248 0.857052 0.013241
3.898799 0.856052 0.015131
3.915457 0.867725 0.015925
3.932201 0.871379 0.014333
3.949072 0.876219 0.014784
3.965418 0.892839 0.015547
3.982281 0.903346 0.014932
3.998812 0.911859 0.014762
4.015545 0.897204 0.012923
4.032031 0.902495 0.015922
4.048883 0.903908 0.015223
4.065428 0.895523 0.014006
4.082168 0.881582 0.014051
4.098775 0.879279 0.015423
4.115450 0.877741 0.014963
4.132043 0.880562 0.015075
4.148929 0.867187 0.013381
4.165433 0.866429 0.014989
4.182155 0.874214 0.015572
4.198853 0.869710 0.013756
4.215595 0.875671 0.015311
4.232160 0.884765 0.015135
4.248693 0.894852 0.014983
4.265408 0.900641 0.014731
4.282057 0.903549 0.014675
4.298626 0.893655 0.013583
4.315452 0.899038 0.016076
4.332086 0.900142 0.014900
4.348700 0.887558 0.013627
4.365418 0.886779 0.015502
4.382035 0.889322 0.015297
4.398709 0.892653 0.015111
4.415893 0.887474 0.014568
4.432056 0.883796 0.014205
4.448685 0.890972 0.015731
4.465318 0.886486 0.014020
4.482151 0.869767 0.013368
4.498670 0.869963 0.015495
4.515274 0.869963 0.000000
4.532063 0.875349 0.031224
4.548684 0.875349 0.000000
4.565274 0.880561 0.029711
4.582013 0.879659 0.014421
4.598681 0.879184 0.014584
4.615289 0.873783 0.014069
4.631906 0.871504 0.014655
4.648641 0.887975 0.016733
4.665286 0.883274 0.013382
4.681911 0.887599 0.015028
4.698642 0.900482 0.015907
4.715257 0.897281 0.013748
4.731913 0.897281 0.000000
4.748659 0.894749 0.029071
4.765307 0.898263 0.015387
4.781869 0.911907 0.016086
4.798622 0.914569 0.014644
4.815279 0.906090 0.013902
4.831846 0.890527 0.013841
4.848502 0.891172 0.016016
Speed: 60
0.016638 0.023992 0.000503
0.033415 0.017015 0.000746
0.049831 0.008617 0.000439
0.066755 0.001977 0.000542
0.083354 0.010966 0.000438
0.100012 0.012127 0.000640
0.116711 0.021754 0.000806
0.133400 0.073983 0.004927
0.149855 0.154598 0.005945
0.166766 0.261797 0.007283
0.183222 0.371558 0.006782
0.199961 0.520042 0.011526
0.216623 0.684496 0.012909
0.233400 0.822662 0.011042
0.249808 0.942006 0.012463
0.266607 1.029952 0.012798
0.283237 1.089129 0.013761
0.299959 1.114428 0.013978
0.316466 1.132735 0.016472
0.333349 1.106585 0.013810
0.349944 1.068831 0.015833
0.366700 1.004045 0.013593
0.383207 0.937723 0.014788
0.399959 0.937723 0.000000
0.416484 0.827379 0.031982
0.433387 0.812427 0.017632
0.449790 0.818032 0.016897
0.466596 0.835315 0.015845
0.483093 0.871009 0.016568
0.499944 0.931316 0.018250
0.516443 0.993655 0.017280
0.533207 1.044816 0.016285
0.549800 1.097324 0.017862
0.566602 1.154857 0.019115
0.583060 1.180203 0.016578
0.599915 1.193316 0.017737
0.616566 1.190645 0.017712
0.633253 1.174971 0.017763
0.649880 1.152043 0.018067
0.666639 1.123617 0.018060
0.683083 1.091550 0.017713
0.700018 1.052886 0.017194
0.716424 1.024284 0.017854
0.733324 1.007971 0.018283
0.749662 0.999593 0.017959
0.766764 0.994523 0.017355
0.784119 1.013331 0.019125
0.799938 1.032605 0.018459
0.817373 1.077053 0.019578
0.833378 1.086016 0.017546
0.850578 1.131780 0.017764
0.867708 1.143236 0.017693
0.883889 1.180191 0.018065
0.900224 1.203871 0.018893
0.917126 1.227149 0.019797
0.933299 1.225428 0.017915
0.950707 1.194580 0.016722
0.966749 1.156559 0.017787
0.982852 1.137993 0.020166
0.999866 1.101906 0.017523
1.017201 1.075168 0.018560
1.033600 1.053304 0.018399
1.050669 1.030439 0.017714
1.066922 1.034450 0.019540
1.083293 1.022535 0.018461
1.099533 1.036539 0.017010
1.116546 1.031576 0.018752
1.133514 1.079905 0.018133
1.150382 1.129585 0.019402
1.167304 1.157492 0.017405
1.182831 1.187165 0.019196
1.199571 1.210605 0.019162
1.216225 1.200512 0.016723
1.232927 1.189721 0.018933
1.250375 1.188498 0.020119
1.266384 1.171121 0.018211
1.282820 1.144970 0.018106
1.299638 1.122062 0.018770
1.316187 1.106347 0.019173
1.332884 1.069671 0.016534
1.349451 1.054010 0.018888
1.366385 1.043519 0.018405
1.382773 1.041192 0.018606
1.399611 1.044439 0.018083
1.416201 1.058215 0.018851
1.432981 1.076916 0.018698
1.449410 1.095212 0.018312
1.466297 1.111359 0.018287
1.482859 1.125503 0.018419
1.499552 1.144435 0.019413
1.516122 1.148092 0.017622
1.532800 1.144459 0.018126
1.549514 1.131445 0.017651
1.566224 1.128567 0.019329
1.582839 1.137500 0.020305
1.599529 1.135151 0.018285
1.616142 1.123572 0.017734
1.632877 1.124136 0.019568
1.649557 1.128953 0.019349
1.666169 1.136690 0.019451
1.682969 1.123202 0.017019
1.699545 1.107698 0.017971
1.716133 1.094559 0.018284
1.732728 1.090092 0.019154
1.749496 1.097537 0.019466
1.766163 1.094939 0.017782
1.782687 1.090386 0.018037
1.799505 1.097367 0.019061
1.817670 1.108019 0.018966
1.833078 1.119990 0.019217
1.849482 1.122077 0.017780
1.866125 1.127039 0.018760
1.882865 1.117828 0.019177
1.899590 1.096791 0.016715
1.916250 1.097307 0.019949
1.932892 1.096540 0.018362
1.951416 1.114388 0.018379
1.967406 1.123297 0.018250
1.982791 1.137970 0.019392
1.999374 1.154564 0.019348
2.016364 1.156460 0.018045
2.032743 1.144544 0.017564
2.049449 1.131322 0.018203
2.067630 1.134870 0.020097
2.084317 1.128305 0.018503
2.101064 1.115871 0.017959
2.117668 1.094149 0.017499
2.134620 1.083543 0.018920
2.150077 1.084272 0.019001
2.165849 1.081737 0.018287
2.182574 1.076010 0.017768
2.200200 1.038212 0.038298
2.216187 1.030130 0.016269
2.232889 1.028726 0.017919
2.249405 1.010501 0.016407
2.266113 1.010115 0.019361
2.282800 1.011878 0.017912
2.299488 1.003367 0.015697
2.316012 1.044837 0.019971
2.332961 1.081944 0.017698
2.350017 1.107157 0.016723
2.366081 1.131016 0.017122
2.382640 1.146806 0.017805
2.399543 1.153184 0.018358
2.416045 1.142369 0.017654
2.432795 1.131247 0.018541
2.449376 1.120236 0.018207
2.466194 1.092695 0.016607
2.482631 1.074289 0.017631
2.499471 1.067791 0.018781
2.515984 1.057384 0.017317
2.532665 1.051902 0.017947
2.549364 1.055482 0.018960
2.566056 1.052102 0.017342
2.582598 1.052064 0.017639
2.599297 1.049611 0.017377
2.616024 1.055581 0.018174
2.632684 1.059805 0.017459
2.649233 1.070685 0.017973
2.666024 1.086636 0.018599
2.682693 1.092695 0.017372
2.699301 1.088032 0.016797
2.716082 1.088110 0.018395
2.732624 1.078956 0.017109
2.749252 1.075522 0.018236
2.765914 1.061421 0.016881
2.782624 1.047437 0.017281
2.799308 1.031629 0.017028
2.815907 1.026872 0.017963
2.832684 1.020339 0.017324
2.849353 1.017596 0.017363
2.865899 1.015282 0.017034
2.882629 1.029028 0.018653
2.899278 1.049942 0.018502
2.915871 1.061262 0.017024
2.932699 1.077074 0.018226
2.949243 1.081943 0.016951
2.966004 1.091206 0.018300
2.982556 1.091996 0.017333
2.999366 1.079932 0.016797
3.015886 1.078906 0.018361
3.032553 1.076614 0.018039
3.049213 1.065049 0.017005
3.065868 1.063419 0.018357
3.082510 1.068504 0.018570
3.099266 1.059114 0.016758
3.115782 1.054058 0.017496
3.132388 1.044697 0.017118
3.149143 1.039192 0.017676
3.165779 1.041784 0.018122
3.182369 1.034178 0.016563
3.198999 1.038676 0.018103
3.215857 1.045810 0.018063
3.232422 1.051292 0.017348
3.249133 1.058603 0.017755
3.265736 1.066202 0.017728
3.282397 1.071756 0.017628
3.299029 1.063376 0.016399
3.315709 1.061961 0.018046
3.334206 1.051189 0.018692
3.351518 1.038954 0.017632
3.365936 1.052398 0.016860
3.382388 1.070366 0.018468
3.399044 1.083722 0.017831
3.415701 1.090926 0.017563
3.432334 1.092185 0.017406
3.451174 1.072106 0.017818
3.465621 1.088332 0.017693
3.482447 1.095400 0.018161
3.499043 1.090941 0.017008
3.515642 1.095850 0.018609
3.532306 1.090363 0.017414
3.548896 1.089785 0.018280
3.565519 1.083243 0.017594
3.582403 1.069968 0.017376
3.598851 1.062452 0.017802
3.615596 1.051650 0.017490
3.632134 1.054013 0.018545
3.648901 1.051960 0.017629
3.665566 1.046097 0.017130
3.682230 1.052226 0.018479
3.698866 1.062022 0.018254
3.715541 1.065940 0.017427
3.732061 1.072826 0.017895
3.748995 1.072826 0.000000
3.765472 1.076825 0.034307
3.782135 1.085117 0.018489
3.798846 1.096659 0.018906
3.815512 1.110083 0.018680
3.833679 1.083683 0.015857
3.853332 1.061662 0.020171
3.865436 1.114228 0.017515
3.883674 1.142490 0.018682
3.901611 1.123959 0.015151
3.919219 1.135072 0.021166
3.932041 1.193659 0.018741
3.948660 1.209903 0.016585
3.967639 1.185775 0.016806
3.983763 1.190719 0.020004
3.998718 1.181438 0.016821
4.015240 1.148412 0.016777
4.032169 1.118675 0.018710
4.048688 1.098264 0.018955
4.065346 1.070451 0.017611
4.082086 1.034856 0.016766
4.098801 1.014829 0.018284
Speed: 70
0.016714 0.003183 0.000978
0.034484 0.006901 0.000387
0.049973 0.009398 0.001457
0.066782 0.011410 0.001358
0.083323 0.010579 0.000706
0.102616 0.018663 0.001472
0.116768 0.043020 0.002949
0.133407 0.096915 0.004656
0.150000 0.220101 0.010551
0.166666 0.321760 0.005124
0.183369 0.465708 0.010627
0.200068 0.619322 0.011341
0.216570 0.767025 0.011804
0.233360 0.894170 0.011955
0.250016 1.011520 0.014359
0.266676 1.105304 0.014935
0.283332 1.171841 0.015650
0.300018 1.196413 0.014682
0.316614 1.204700 0.016743
0.333369 1.177570 0.015561
0.350025 1.149082 0.017725
0.366666 1.100500 0.016554
0.383264 1.055681 0.017328
0.400043 1.014725 0.017516
0.416611 1.016960 0.020872
0.433273 1.010013 0.017441
0.449975 1.020218 0.018616
0.466651 1.039689 0.018605
0.483220 1.062370 0.018320
0.500046 1.111942 0.020809
0.516594 1.157708 0.019415
0.533265 1.206565 0.020489
0.549830 1.241132 0.019050
0.566671 1.264185 0.019310
0.583209 1.288084 0.020978
0.599904 1.320631 0.022406
0.616527 1.312377 0.018340
0.633248 1.287946 0.019217
0.649830 1.274408 0.021124
0.666667 1.261009 0.021406
0.683182 1.229736 0.019042
0.699864 1.196489 0.019421
0.716455 1.184414 0.021480
0.733195 1.189094 0.022098
0.749758 1.180808 0.019137
0.766398 1.196008 0.021696
0.783140 1.202535 0.019974
0.799823 1.219349 0.021101
0.816399 1.241228 0.021394
0.833229 1.264892 0.021092
0.849819 1.284706 0.020965
0.866466 1.304155 0.021673
0.883176 1.323016 0.021667
0.899847 1.331936 0.021086
0.916423 1.334047 0.021153
0.933234 1.318934 0.020622
0.949798 1.339234 0.024375
0.966426 1.312626 0.018653
0.983058 1.281019 0.019991
0.999856 1.268023 0.022450
1.016360 1.262049 0.022016
1.033055 1.251156 0.021120
1.049699 1.226072 0.019050
1.066380 1.230610 0.023021
1.083028 1.241181 0.021732
1.099818 1.248976 0.021133
1.116464 1.255064 0.020425
1.133024 1.250641 0.022961
1.149759 1.288809 0.020954
1.166444 1.313849 0.021350
1.183031 1.340111 0.021916
1.199734 1.353288 0.021182
1.216350 1.359956 0.021529
1.233065 1.357572 0.021471
1.249658 1.348915 0.021569
1.266422 1.335228 0.021729
1.283011 1.314003 0.021030
1.299691 1.301567 0.022235
1.316360 1.279217 0.021157
1.333063 1.271563 0.022281
1.349616 1.255089 0.020569
1.366384 1.256927 0.022272
1.382994 1.258121 0.021355
1.399710 1.267986 0.021922
1.416209 1.291188 0.023037
1.433028 1.303571 0.021208
1.449654 1.316695 0.021634
1.466283 1.332242 0.022314
1.482990 1.358202 0.023401
1.499627 1.370235 0.021724
1.516218 1.367770 0.021229
1.533042 1.375204 0.023172
1.549612 1.364071 0.021158
1.566698 1.350530 0.022047
1.583400 1.341850 0.022349
1.599698 1.327719 0.022231
1.616177 1.322701 0.022518
1.632864 1.308771 0.021236
1.649607 1.302083 0.022140
1.666273 1.288556 0.021482
1.682815 1.291948 0.022694
1.699636 1.285660 0.020965
1.716173 1.299465 0.023246
1.732878 1.326312 0.023753
1.749586 1.338435 0.021285
1.766224 1.337929 0.021043
1.782878 1.339495 0.021953
1.799561 1.349765 0.023001
1.816212 1.358068 0.022747
1.832902 1.371340 0.023121
1.849486 1.364188 0.021234
1.866287 1.364909 0.022879
1.882861 1.370637 0.023113
1.899525 1.370698 0.022400
1.916215 1.328489 0.018576
1.932946 1.265227 0.040496
1.949331 1.246800 0.020925
1.966133 1.219390 0.020132
1.982792 1.192222 0.020639
1.999528 1.173795 0.021729
2.016048 1.165725 0.021253
2.033097 1.167344 0.020964
2.049407 1.191351 0.020725
2.066156 1.233261 0.021240
2.082788 1.278560 0.020738
2.099481 1.326114 0.021408
2.116168 1.368718 0.022077
2.134224 1.385180 0.021990
2.149429 1.392787 0.020087
2.168609 1.351144 0.020422
2.182827 1.360309 0.021319
2.202423 1.323533 0.021812
2.216037 1.332530 0.019804
2.232830 1.323729 0.021094
2.249456 1.316235 0.021506
2.266078 1.278195 0.018804
2.282691 1.256401 0.021676
2.299446 1.249210 0.022721
2.316065 1.240424 0.021040
2.332726 1.229809 0.020518
2.349419 1.223615 0.020726
2.366086 1.223871 0.020973
2.382694 1.221876 0.020207
2.399462 1.213518 0.019765
2.416962 1.214749 0.021961
2.434707 1.205111 0.020691
2.449295 1.237439 0.020968
2.466041 1.259213 0.020830
2.482705 1.276904 0.020714
2.499244 1.287193 0.020367
2.516106 1.296926 0.021410
2.532668 1.299369 0.020706
2.549329 1.296226 0.020837
2.566011 1.289150 0.020971
2.582703 1.282063 0.021248
2.599274 1.267348 0.020389
2.616044 1.252936 0.020906
2.632619 1.246012 0.021297
2.649480 1.225160 0.019740
2.667537 1.193969 0.020485
2.682661 1.204219 0.020854
2.699260 1.215813 0.021182
2.715896 1.234603 0.021401
2.732689 1.238420 0.019677
2.749123 1.252963 0.021132
2.765973 1.264574 0.021123
2.782633 1.269300 0.020485
2.799290 1.250545 0.018594
2.815859 1.248434 0.021446
2.832819 1.243678 0.021165
2.849151 1.235058 0.019883
2.865941 1.224226 0.020341
2.882367 1.230697 0.021637
2.899276 1.233363 0.020990
2.915790 1.237991 0.020648
2.932553 1.235165 0.020109
2.949123 1.228415 0.019842
2.965824 1.219014 0.020048
2.982410 1.228464 0.021885
2.999290 1.228452 0.020350
3.015754 1.222566 0.019488
3.032631 1.238149 0.022546
3.049110 1.253576 0.021103
3.065797 1.250084 0.019381
3.082328 1.242676 0.019723
3.099124 1.240456 0.021046
3.115781 1.239663 0.020881
3.132524 1.247108 0.021652
3.148956 1.238573 0.019239
3.165755 1.245371 0.021908
3.182345 1.242223 0.020063
3.199474 1.238276 0.020979
3.215717 1.238933 0.020445
3.232633 1.224341 0.019529
3.248971 1.224899 0.020918
3.265766 1.238573 0.022220
3.282307 1.240494 0.019929
3.299092 1.240494 0.000000
3.315585 1.254303 0.042465
3.332497 1.257005 0.020902
3.348931 1.270271 0.021694
3.365724 1.289654 0.022348
3.382314 1.261218 0.017061
3.399115 1.247774 0.021218
3.415558 1.241903 0.021138
3.432470 1.241903 0.000000
3.449055 1.241903 0.000000
3.465629 1.225704 0.064223
3.482269 1.270367 0.025501
3.499073 1.265763 0.018263
Speed: 80
0.016809 0.002991 0.000400
0.033359 0.001575 0.000234
0.050176 0.003234 0.000201
0.066701 0.007499 0.000505
0.083485 0.004543 0.001245
0.100029 0.001248 0.000955
0.116811 0.019706 0.002096
0.133310 0.079676 0.005161
0.150139 0.164240 0.005763
0.166592 0.309459 0.010821
0.183594 0.464896 0.009741
0.199986 0.616814 0.009734
0.216763 0.768122 0.011754
0.233212 0.917135 0.013912
0.250111 1.049426 0.014855
0.266742 1.154456 0.015317
0.283374 1.232152 0.016493
0.299847 1.281822 0.017161
0.316726 1.301668 0.017527
0.333219 1.307541 0.019082
0.349998 1.252384 0.014797
0.366573 1.215977 0.020224
0.383340 1.188886 0.020753
0.399858 1.154136 0.018917
0.416662 1.113535 0.018317
0.433190 1.099219 0.020678
0.449957 1.090208 0.019714
0.466456 1.126233 0.022771
0.483371 1.158975 0.020560
0.499808 1.204688 0.021006
0.516690 1.246900 0.020633
0.533188 1.310958 0.023285
0.550065 1.370031 0.022539
0.566418 1.399188 0.020459
0.583372 1.436674 0.023427
0.599848 1.470732 0.023793
0.616475 1.485162 0.022800
0.633166 1.465396 0.020736
0.649937 1.455224 0.023795
0.666434 1.437850 0.023463
0.683217 1.412531 0.022713
0.699779 1.387247 0.023041
0.716558 1.366207 0.023160
0.733057 1.355566 0.023878
0.749945 1.350942 0.023255
0.766394 1.343478 0.022672
0.783175 1.356442 0.024272
0.799920 1.389468 0.025329
0.816556 1.408179 0.022954
0.833046 1.420824 0.022767
0.849910 1.438320 0.023969
0.866415 1.462250 0.024962
0.883190 1.468243 0.022969
0.899634 1.459168 0.022505
0.916574 1.472195 0.025950
0.933019 1.477317 0.024234
0.949797 1.466118 0.023544
0.966376 1.450671 0.022799
0.983063 1.459563 0.026469
0.999644 1.465408 0.024365
1.016535 1.463332 0.024007
1.032995 1.456590 0.023557
1.049908 1.463407 0.025250
1.066433 1.461756 0.024021
1.083264 1.452037 0.023382
1.099616 1.455316 0.025061
1.116400 1.465766 0.025377
1.133012 1.450527 0.022142
1.149790 1.443519 0.024130
1.166234 1.446995 0.025209
1.183136 1.450708 0.024370
1.199627 1.457713 0.024607
1.216402 1.461934 0.024336
1.232980 1.466290 0.024672
1.249735 1.475461 0.024508
1.266257 1.471934 0.024064
1.283151 1.481971 0.025019
1.299603 1.498466 0.025736
1.316361 1.494926 0.023381
1.332987 1.503978 0.025594
1.349772 1.512997 0.025461
1.366212 1.516192 0.024730
1.382993 1.518369 0.025010
1.399613 1.502615 0.023435
1.416381 1.480397 0.025220
1.432839 1.466734 0.023813
1.449608 1.454037 0.024772
1.466212 1.455501 0.025019
1.482900 1.454538 0.024454
1.499452 1.459541 0.024684
1.516230 1.450796 0.024882
1.532849 1.461969 0.023811
1.549645 1.478711 0.025420
1.566190 1.490248 0.024686
1.583052 1.495418 0.024226
1.599475 1.502645 0.024867
1.616282 1.524651 0.026752
1.632855 1.522673 0.023607
1.649635 1.508775 0.023435
1.666264 1.508644 0.026077
1.683043 1.503631 0.024822
1.699501 1.502052 0.025271
1.716261 1.486794 0.023734
1.732895 1.464096 0.024321
1.749779 1.467628 0.025445
1.766113 1.407803 0.038658
1.782974 1.380274 0.022718
1.799632 1.343457 0.022347
1.816288 1.313870 0.023556
1.833179 1.298250 0.024290
1.849584 1.290596 0.022874
1.866132 1.308241 0.023396
1.882909 1.348858 0.024091
1.899476 1.400500 0.023637
1.916118 1.460321 0.024379
1.932737 1.508922 0.023632
1.949510 1.531027 0.022779
1.966082 1.545797 0.024122
1.982749 1.541313 0.023704
1.999491 1.519659 0.023282
2.016156 1.500431 0.024475
2.032702 1.475536 0.023708
2.049472 1.435087 0.022457
2.066154 1.394637 0.022874
2.082855 1.374020 0.024665
2.099453 1.359366 0.023827
2.116291 1.353099 0.024188
2.132712 1.343482 0.022262
2.149386 1.352054 0.024206
2.166058 1.380423 0.025041
2.182727 1.394034 0.022338
2.199324 1.400365 0.022115
2.216225 1.417548 0.024319
2.232681 1.434014 0.023531
2.249449 1.434599 0.022682
2.266068 1.444277 0.024258
2.282864 1.456435 0.024738
2.299306 1.457672 0.023148
2.316194 1.446093 0.022995
2.332813 1.429077 0.022875
2.349468 1.429850 0.025114
2.366046 1.418073 0.022904
2.382806 1.397458 0.022537
2.399306 1.391213 0.023964
2.416084 1.394957 0.024666
2.432643 1.404617 0.024142
2.449432 1.395574 0.022133
2.465909 1.409399 0.024733
2.482832 1.413258 0.023483
2.499271 1.413492 0.022790
2.516064 1.412874 0.023496
2.532671 1.409053 0.023060
2.549384 1.420259 0.024915
2.565907 1.416964 0.022529
2.582788 1.413738 0.023588
2.599272 1.422892 0.024417
2.616100 1.432499 0.024379
2.632515 1.434604 0.022958
2.649437 1.427016 0.023067
2.665894 1.421938 0.023274
2.682582 1.428554 0.024850
2.699275 1.427625 0.023483
2.716013 1.422469 0.023331
2.732533 1.428781 0.024425
2.749292 1.435285 0.024305
2.765880 1.428692 0.022648
2.782643 1.429267 0.024272
2.799165 1.432295 0.023947
2.816032 1.432945 0.024029
2.832509 1.432478 0.023490
2.849252 1.434181 0.024091
2.865998 1.439341 0.024366
2.882665 1.439654 0.023604
2.899173 1.443332 0.023938
2.915913 1.443332 0.000000
2.932500 1.449290 0.047963
2.949144 1.447617 0.023645
2.965715 1.438495 0.023053
2.982507 1.439224 0.024862
2.999098 1.439224 0.000000
3.015762 1.426613 0.045938
3.032453 1.449223 0.026541
3.049112 1.460293 0.024089
3.065764 1.460293 0.000000
3.082506 1.471880 0.046669
3.099083 1.479954 0.024625
3.115850 1.483440 0.024412
3.132475 1.478657 0.023707
3.149260 1.472667 0.024438
3.165692 1.476663 0.024921
3.182347 1.476000 0.024738
3.199095 1.467924 0.023938
3.215762 1.451235 0.023268
3.232319 1.442785 0.024341
3.249100 1.437066 0.024551
3.265710 1.409655 0.021889
3.282343 1.424427 0.026911
3.299069 1.401833 0.021253
3.315696 1.410551 0.025495
3.332338 1.430284 0.025378
3.349101 1.436532 0.023333
3.365673 1.443497 0.023704
3.382313 1.471623 0.026169
Speed: 90
0.016612 0.015518 0.000678
0.033248 0.008482 0.000560
0.049964 0.008126 0.001017
0.066733 0.008186 0.000279
0.083321 0.010529 0.000673
0.100020 0.017653 0.000607
0.116729 0.051859 0.003623
0.133205 0.112786 0.004387
0.149992 0.209888 0.007128
0.166654 0.309085 0.006011
0.183158 0.430424 0.008798
0.199873 0.567108 0.010611
0.216583 0.722279 0.013239
0.233403 0.887983 0.015294
0.249806 1.017667 0.013159
0.266617 1.149851 0.017515
0.283171 1.243961 0.016187
0.299883 1.318387 0.018341
0.316535 1.344679 0.016648
0.333276 1.351732 0.018825
0.349814 1.338530 0.019495
0.366746 1.318051 0.020441
0.383138 1.287559 0.020125
0.399865 1.265861 0.021699
0.416433 1.244131 0.020933
0.433197 1.229993 0.021360
0.449790 1.235072 0.022676
0.466442 1.257954 0.023026
0.483165 1.271026 0.020911
0.499846 1.312126 0.024214
0.516409 1.362708 0.024121
0.533155 1.400869 0.022250
0.549802 1.441204 0.023890
0.566467 1.487608 0.024819
0.582992 1.526240 0.024656
0.599641 1.546215 0.023646
0.616368 1.550606 0.023679
0.632915 1.555425 0.025198
0.649734 1.563007 0.026058
0.666272 1.547815 0.023833
0.682887 1.533755 0.024905
0.699772 1.522184 0.025720
0.716218 1.511475 0.025267
0.732909 1.482350 0.024585
0.749644 1.490156 0.025925
0.766739 1.499217 0.026025
0.782838 1.516529 0.026083
0.799735 1.522885 0.024884
0.816234 1.539447 0.025872
0.833002 1.560620 0.026780
0.849462 1.583654 0.026403
0.866352 1.611988 0.027209
0.882848 1.619139 0.025083
0.899765 1.617971 0.025750
0.916197 1.616788 0.026421
0.933015 1.611304 0.026219
0.949481 1.601656 0.026326
0.966395 1.577935 0.027383
0.982831 1.597824 0.026967
0.999479 1.609740 0.026989
1.016101 1.616132 0.026437
1.032994 1.583315 0.025087
1.049464 1.605882 0.027288
1.066539 1.616466 0.026761
1.082857 1.626667 0.026998
1.099514 1.640476 0.027468
1.116070 1.608400 0.026020
1.132859 1.639036 0.026629
1.149586 1.657821 0.027435
1.166112 1.679796 0.028014
1.182825 1.675675 0.025654
1.199458 1.685260 0.028532
1.216088 1.686406 0.027434
1.232722 1.684368 0.027532
1.249435 1.667518 0.026554
1.266070 1.652223 0.027150
1.282702 1.645238 0.028207
1.299492 1.639867 0.027894
1.316059 1.631019 0.026961
1.332709 1.622847 0.027516
1.349467 1.602549 0.025364
1.366271 1.562674 0.028448
1.382701 1.611029 0.027580
1.399649 1.608680 0.027039
1.416259 1.652238 0.025973
1.433005 1.706758 0.029512
1.449309 1.737721 0.027184
1.466084 1.755192 0.027289
1.482720 1.771565 0.028486
1.499955 1.753088 0.026220
1.516066 1.724593 0.026761
1.532746 1.691202 0.027290
1.549376 1.657018 0.027399
1.566139 1.629954 0.027986
1.582725 1.633420 0.029881
1.599372 1.636784 0.028509
1.616195 1.620534 0.025457
1.633264 1.606290 0.026589
1.649357 1.541316 0.042826
1.668095 1.483762 0.024646
1.684099 1.462303 0.025274
1.700077 1.455772 0.025885
1.717245 1.450214 0.026619
1.733510 1.465340 0.026413
1.750343 1.481206 0.025380
1.766225 1.528049 0.026194
1.783032 1.585792 0.026873
1.799962 1.632618 0.025587
1.816041 1.681159 0.026109
1.833442 1.708333 0.027019
1.849410 1.719941 0.025584
1.867106 1.700649 0.026515
1.882882 1.668014 0.024350
1.899438 1.636548 0.026783
1.916117 1.584999 0.024623
1.932797 1.556250 0.027357
1.949477 1.538759 0.026904
1.966181 1.505473 0.024185
1.982722 1.493354 0.026317
1.999436 1.508839 0.028218
2.016071 1.493365 0.023454
2.032676 1.495221 0.025954
2.049476 1.498353 0.025527
2.066022 1.515823 0.026231
2.082683 1.538643 0.026157
2.099304 1.573045 0.026941
2.116019 1.611205 0.027218
2.132641 1.620808 0.024323
2.149308 1.637488 0.027018
2.166028 1.651525 0.027302
2.182850 1.644099 0.025643
2.199266 1.633751 0.025961
2.216257 1.615645 0.026545
2.232665 1.586136 0.024793
2.249605 1.549076 0.025377
2.265884 1.533738 0.026528
2.282683 1.523324 0.026641
2.299289 1.511750 0.025534
2.315866 1.512568 0.026443
2.332629 1.529888 0.027444
2.351556 1.502699 0.024655
2.365899 1.534668 0.025175
2.382811 1.568094 0.027292
2.399252 1.596504 0.025886
2.415883 1.621259 0.026261
2.432633 1.645673 0.027087
2.449255 1.657197 0.026229
2.465965 1.652580 0.025745
2.482519 1.648049 0.026690
2.499384 1.644888 0.027699
2.515855 1.622893 0.025153
2.532503 1.592469 0.025409
2.549267 1.565972 0.026401
2.565870 1.551806 0.026977
2.582500 1.529896 0.025297
2.599215 1.537791 0.028295
2.615865 1.540154 0.025986
2.632487 1.552612 0.026751
2.649227 1.562663 0.026188
2.665837 1.579530 0.026761
2.682500 1.613723 0.028442
2.699093 1.599061 0.022842
2.715909 1.597229 0.026731
2.732453 1.612573 0.028118
2.749381 1.599024 0.024964
2.765847 1.599024 0.000000
2.782608 1.598223 0.054991
2.799069 1.636120 0.030294
2.816066 1.641781 0.026110
2.832479 1.644691 0.026144
2.849055 1.631983 0.025454
2.865843 1.620747 0.026885
2.882679 1.620489 0.028151
2.899101 1.624714 0.027326
2.915694 1.618310 0.026170
2.932444 1.620502 0.027676
2.949276 1.625617 0.027778
2.965811 1.630701 0.027086
2.982444 1.660641 0.029739
Speed: 100
0.016477 0.012923 0.000746
0.033234 0.008621 0.001134
0.049825 0.015105 0.000308
0.066552 0.005827 0.001433
0.083064 0.006938 0.000528
0.099940 0.022498 0.001839
0.116441 0.019347 0.002350
0.133180 0.064587 0.004825
0.149823 0.151738 0.006316
0.166617 0.283410 0.009121
0.183091 0.422058 0.008935
0.199950 0.544630 0.007663
0.216448 0.694688 0.012746
0.233479 0.850535 0.014275
0.249804 1.019272 0.016836
0.266527 1.164038 0.015693
0.283083 1.271627 0.016004
0.300009 1.358813 0.018704
0.316449 1.433330 0.020846
0.333090 1.454302 0.018275
0.349701 1.461248 0.020851
0.366536 1.431746 0.019688
0.383005 1.410966 0.022876
0.399747 1.364272 0.020314
0.416332 1.338755 0.023637
0.433111 1.325955 0.024020
0.449670 1.325508 0.023430
0.466379 1.328683 0.023468
0.483022 1.351004 0.023951
0.499951 1.388417 0.025229
0.516296 1.428611 0.024444
0.533313 1.468734 0.024437
0.549740 1.525411 0.026393
0.566425 1.580903 0.026528
0.582993 1.625076 0.025686
0.599799 1.652541 0.025518
0.616301 1.684870 0.027778
0.633023 1.690883 0.025598
0.649647 1.692945 0.027081
0.666410 1.696072 0.027650
0.682910 1.676960 0.026123
0.699781 1.653049 0.026667
0.716264 1.643292 0.028212
0.732984 1.636643 0.027895
0.749669 1.635046 0.027880
0.766386 1.638981 0.028520
0.782961 1.645547 0.027285
0.799805 1.661807 0.028908
0.816405 1.689291 0.028953
0.833050 1.718749 0.029281
0.849517 1.743340 0.028476
0.866345 1.762327 0.028786
0.882888 1.786570 0.029506
0.899705 1.786570 0.000000
0.916252 1.825986 0.058929
0.933274 1.832871 0.029106
0.949508 1.820818 0.028341
0.966473 1.805148 0.029397
0.982875 1.793782 0.029676
0.999581 1.774081 0.029743
1.016265 1.768791 0.029756
1.033167 1.757359 0.029445
1.049392 1.743121 0.028660
1.066368 1.735610 0.029633
1.082784 1.742621 0.030310
1.099518 1.749951 0.029950
1.115988 1.762524 0.029775
1.132906 1.789850 0.031059
1.149408 1.810687 0.030046
1.166226 1.832565 0.030406
1.182749 1.844114 0.029610
1.199557 1.851077 0.030171
1.215988 1.845077 0.029483
1.233020 1.837277 0.029811
1.249376 1.821115 0.029806
1.266189 1.819556 0.031022
1.282755 1.820010 0.030589
1.299588 1.812267 0.030076
1.316125 1.812249 0.030454
1.332809 1.810838 0.030292
1.349454 1.817215 0.030854
1.366038 1.819676 0.030713
1.382627 1.816693 0.029480
1.399451 1.814794 0.030059
1.415884 1.817055 0.030293
1.432726 1.815223 0.029960
1.449430 1.830278 0.031853
1.466281 1.844059 0.030802
1.482750 1.864997 0.031744
1.499713 1.883776 0.031451
1.515905 1.896223 0.030821
1.533029 1.895278 0.030731
1.549378 1.887518 0.046827
1.566282 1.863304 0.028995
1.582605 1.844390 0.030010
1.599260 1.802846 0.028400
1.615932 1.747218 0.027900
1.632657 1.701332 0.029667
1.649176 1.673115 0.029277
1.665990 1.637914 0.027336
1.682573 1.627590 0.028623
1.699226 1.642821 0.029570
1.715785 1.656906 0.027664
1.732741 1.687729 0.029839
1.749163 1.726527 0.029447
1.765823 1.759725 0.029231
1.784966 1.756036 0.029153
1.799392 1.786784 0.027437
1.818556 1.774595 0.029492
1.836731 1.739586 0.028051
1.849630 1.806385 0.028759
1.865769 1.863292 0.030240
1.882509 1.889365 0.028561
1.899165 1.904432 0.029626
1.915770 1.892109 0.028381
1.932403 1.870868 0.029474
1.949178 1.830933 0.028700
1.965780 1.786111 0.028854
1.982406 1.736792 0.028343
1.999137 1.692808 0.028800
2.015821 1.662176 0.029126
2.032418 1.633766 0.027811
2.049145 1.623099 0.029003
2.065746 1.634925 0.029663
2.082453 1.651596 0.028800
2.099052 1.669460 0.028143
2.115755 1.705027 0.030045
2.132432 1.737241 0.029050
2.149043 1.756628 0.027913
2.165763 1.776781 0.029200
2.182383 1.792721 0.029150
2.198977 1.799096 0.028735
2.215763 1.792326 0.028561
2.232393 1.782511 0.028939
2.248982 1.768556 0.028803
2.265714 1.746906 0.028535
2.282402 1.717897 0.027893
2.298993 1.702154 0.029230
2.315637 1.703695 0.030201
2.332345 1.697200 0.028242
2.349022 1.685788 0.027639
2.365630 1.694763 0.029717
2.382416 1.718178 0.030502
2.398959 1.741067 0.029205
2.415687 1.753006 0.028389
2.432376 1.754907 0.028084
2.448986 1.747197 0.027797
2.465597 1.755999 0.030197
2.482389 1.743751 0.027781
2.498976 1.724961 0.027629
2.515591 1.720625 0.029590
2.532230 1.723450 0.029637
2.549000 1.722740 0.028981
2.565615 1.725583 0.028977
2.582210 1.723711 0.028256
2.598951 1.727594 0.029270
2.615605 1.740690 0.029836
Speed: 110
0.015438 0.016540 0.000545
0.032225 0.015853 0.001849
0.048803 0.007429 0.001989
0.065485 0.006122 0.000851
0.082076 0.005923 0.000570
0.098836 0.015870 0.001579
0.115424 0.006358 0.001639
0.132118 0.032401 0.002896
0.148817 0.099751 0.005654
0.165410 0.099751 0.000000
0.182051 0.209742 0.007542
0.198837 0.371632 0.016088
0.215430 0.504342 0.010676
0.231973 0.504342 0.000000
0.248836 0.686679 0.014442
0.265328 0.928078 0.028982
0.281965 1.094470 0.018341
0.299012 1.252232 0.019082
0.315424 1.392126 0.020176
0.332727 1.490183 0.019520
0.348586 1.542823 0.019505
0.365327 1.576822 0.022994
0.381934 1.574462 0.021069
0.398606 1.554829 0.022939
0.415346 1.528067 0.023841
0.432060 1.487310 0.023816
0.448588 1.466276 0.025262
0.465354 1.443166 0.024537
0.482128 1.429215 0.024787
0.498803 1.439132 0.026316
0.515326 1.459079 0.025864
0.532188 1.491208 0.026437
0.548699 1.539765 0.027273
0.565450 1.595474 0.027457
0.582091 1.645389 0.027034
0.598816 1.706729 0.028904
0.615353 1.752583 0.027745
0.632338 1.788803 0.028439
0.648661 1.822844 0.029609
0.665164 1.854283 0.029995
0.682014 1.850282 0.027325
0.698538 1.852481 0.030407
0.714094 1.868838 0.029668
0.730698 1.863874 0.029535
0.747470 1.844413 0.028881
0.764076 1.827390 0.030365
0.780707 1.818040 0.030861
0.797431 1.789987 0.031167
0.814090 1.763901 0.029005
0.830717 1.779188 0.030160
0.847438 1.796533 0.031053
0.864205 1.830663 0.032108
0.881746 1.835995 0.030415
0.898487 1.857145 0.031716
0.915086 1.873536 0.030690
0.931763 1.895688 0.031986
0.948362 1.914511 0.031520
0.965311 1.915482 0.030233
0.981739 1.920537 0.031870
0.998529 1.921977 0.031744
1.015138 1.916265 0.030840
1.031913 1.914832 0.032302
1.048355 1.917078 0.032118
1.065151 1.919707 0.032043
1.081749 1.924133 0.032298
1.098426 1.926779 0.032057
1.114988 1.932749 0.032245
1.131869 1.938905 0.032553
1.148364 1.947334 0.032555
1.165159 1.966455 0.033595
1.181728 1.964105 0.031508
1.198420 1.966322 0.032304
1.214985 1.964839 0.032151
1.231796 1.975124 0.034066
1.248503 1.973590 0.032004
1.265036 1.955554 0.030847
1.281736 1.952862 0.033464
1.298533 1.951346 0.032977
1.314945 1.954851 0.033025
1.331767 1.954851 0.000000
1.348344 1.882395 0.034105
1.365068 1.857335 0.031550
1.381615 1.840701 0.032799
1.398419 1.856645 0.032703
1.415025 1.947925 0.065844
1.431714 1.998247 0.034321
1.448645 2.030132 0.032137
1.465425 2.005991 0.047593
1.481953 1.993196 0.031209
1.498668 1.958212 0.030781
1.515109 1.926421 0.032036
1.532010 1.879648 0.031482
1.548392 1.845027 0.030951
1.565154 1.819745 0.031320
1.581750 1.830887 0.032933
1.598405 1.846371 0.031129
1.615106 1.863630 0.030790
1.631814 1.887138 0.031472
1.648328 1.920830 0.032954
1.665180 1.928837 0.030285
1.681728 1.938047 0.031631
1.698414 1.940777 0.031834
1.715071 1.944478 0.032115
1.731778 1.939514 0.031422
1.748341 1.927385 0.030868
1.765059 1.921753 0.032270
1.781838 1.886299 0.029088
1.798460 1.877469 0.032807
1.815069 1.866171 0.031470
1.831797 1.855263 0.031319
1.848315 1.859630 0.032261
1.865052 1.867645 0.031986
1.881705 1.868867 0.030611
1.898398 1.883613 0.032297
1.914925 1.896611 0.031299
1.931619 1.892203 0.029968
1.948321 1.897795 0.031968
1.964955 1.896764 0.031169
1.981542 1.905348 0.032294
1.998368 1.909340 0.031896
2.014952 1.911083 0.031413
2.031707 1.895809 0.030213
2.048334 1.897236 0.032521
2.064876 1.889537 0.030824
2.081485 1.880821 0.031054
2.098633 1.868460 0.031744
2.114908 1.868457 0.031330
2.131657 1.862707 0.031073
2.148172 1.876528 0.032532
2.165150 1.879035 0.031313
2.181504 1.877659 0.030156
2.198244 1.889466 0.032545
2.214914 1.890870 0.030856
2.231505 1.913358 0.033285
2.248259 1.914223 0.030606
2.264968 1.917596 0.031744
2.281508 1.913199 0.030871
2.298387 1.912232 0.032326
2.314931 1.922511 0.032752
2.331705 1.917258 0.031080
2.348360 1.927802 0.033137
2.365112 1.919064 0.030758
2.381852 1.927208 0.033254
2.398504 1.926120 0.031544
2.414890 1.946862 0.033533
2.431852 1.936851 0.030588
2.448232 1.947750 0.032954
2.465074 1.947581 0.032132
2.481581 1.951028 0.032289
2.498128 1.941148 0.031071
2.514781 1.941148 0.000000
2.531653 1.927313 0.064124
2.548187 1.936712 0.033362
Speed: 120
0.016610 0.004440 0.001300
0.033213 0.001237 0.000345
0.049841 0.006911 0.001047
0.066634 0.000566 0.001021
0.083061 0.013757 0.001659
0.099959 0.005394 0.002071
0.116441 0.011945 0.002283
0.133107 0.067837 0.005608
0.149799 0.146793 0.005367
0.166600 0.288282 0.010765
0.183079 0.455838 0.011109
0.199759 0.611860 0.009285
0.216421 0.759421 0.010954
0.233314 0.912506 0.014159
0.249697 1.040566 0.013990
0.266664 1.174642 0.018288
0.283047 1.317348 0.021527
0.299740 1.406650 0.017976
0.316450 1.480126 0.021008
0.333205 1.508652 0.019717
0.349667 1.523426 0.022182
0.366451 1.525086 0.023368
0.383069 1.514159 0.023253
0.399727 1.497792 0.023983
0.416292 1.480292 0.024563
0.433166 1.472363 0.025028
0.449683 1.474925 0.025938
0.466446 1.495243 0.026719
0.483036 1.521457 0.026357
0.499798 1.555428 0.026631
0.516461 1.608730 0.028626
0.533068 1.662435 0.028222
0.549780 1.734161 0.029987
0.566322 1.797351 0.029348
0.582925 1.834719 0.027734
0.599723 1.880944 0.030938
0.616249 1.904960 0.029581
0.633052 1.918429 0.030068
0.649654 1.905618 0.028752
0.666314 1.892841 0.031256
0.682875 1.877802 0.030329
0.699666 1.866263 0.031771
0.716261 1.856056 0.030789
0.732942 1.853581 0.032264
0.749616 1.865469 0.031926
0.766525 1.881545 0.032286
0.782890 1.908384 0.032670
0.799691 1.922344 0.031267
0.816233 1.944266 0.032754
0.833059 1.975632 0.033580
0.849512 1.998336 0.032527
0.866538 2.003297 0.034139
0.884028 1.993406 0.033463
0.899544 2.037583 0.031922
0.916736 2.044930 0.033788
0.932908 2.080945 0.033498
0.949485 2.106887 0.034595
0.966317 2.104207 0.034663
0.982914 2.064383 0.032713
0.999470 2.120608 0.034649
1.016058 2.117856 0.033932
1.032870 2.148235 0.034009
1.049591 2.165240 0.034985
1.066120 2.164391 0.034420
1.082974 2.158817 0.035027
1.099475 2.150132 0.034911
1.116084 2.137788 0.035343
1.132877 2.110188 0.033910
1.149441 2.084834 0.034326
1.166104 2.063449 0.035062
1.182862 2.043030 0.034138
1.199513 2.032093 0.034902
1.216065 2.030748 0.035118
1.232733 2.038863 0.035054
1.249483 2.055858 0.035176
1.266276 2.022607 0.032898
1.282745 2.080222 0.036570
1.299814 2.079876 0.034990
1.316142 2.156277 0.035442
1.333149 2.218311 0.036218
1.349502 2.261142 0.035447
1.366207 2.244098 0.031453
1.382781 2.165228 0.047841
1.399840 2.111929 0.034410
1.416110 2.047937 0.032719
1.432780 1.963808 0.031936
1.449406 1.904779 0.034047
1.466190 1.867514 0.034672
1.482749 1.848088 0.032491
1.499409 1.842743 0.031692
1.516144 1.888484 0.035348
1.532794 1.948696 0.034178
1.549521 2.005354 0.033252
1.566130 2.043428 0.032083
1.582919 2.077483 0.033795
1.599403 2.097920 0.032948
1.616414 2.097127 0.033176
1.632805 2.098997 0.033818
1.649379 2.093574 0.033808
1.666028 2.069329 0.032524
1.682720 2.042150 0.033296
1.699379 2.014597 0.033483
1.715979 1.998908 0.034272
1.732767 1.979385 0.033450
1.749319 1.960252 0.032675
1.766314 1.942485 0.033329
1.782880 1.939870 0.033486
1.799440 1.950270 0.033757
1.816676 1.948614 0.032839
1.833270 1.965475 0.033864
1.850075 1.985793 0.033919
1.866288 2.017954 0.033803
1.882569 2.041818 0.032838
1.899482 2.058640 0.033815
1.915933 2.067823 0.033018
1.932779 2.074599 0.034326
1.949369 2.065943 0.032733
1.966258 2.049774 0.033503
1.982635 2.051672 0.034797
1.999618 2.044393 0.034412
2.015974 2.037039 0.033205
2.032843 2.023922 0.033694
2.049236 2.020993 0.033850
2.066210 2.019668 0.034643
2.082605 2.023959 0.033707
2.099459 2.027302 0.034191
2.116096 2.025212 0.033141
2.132840 2.023890 0.033705
2.149454 2.041534 0.035387
2.166190 2.065000 0.035372
2.182612 2.072585 0.032833
2.199497 2.081717 0.034801
2.215945 2.095741 0.034726
2.232831 2.101014 0.034695
2.249188 2.101014 0.000000
2.266108 2.103820 0.067567
2.282561 2.132986 0.037195
2.299457 2.108502 0.031529
2.315832 2.105693 0.035067
2.332835 2.094520 0.035109
2.349163 2.091314 0.034710
2.365968 2.067596 0.033159
2.382497 2.058834 0.034828
2.399449 2.033327 0.033328
2.415765 2.048145 0.036398
2.432602 2.043562 0.033632
2.449129 2.061814 0.035735
2.465911 2.069207 0.034270
2.482377 2.077801 0.034349
Speed: 127
0.016601 0.011162 0.000488
0.033236 0.008024 0.000484
0.050011 0.008952 0.000638
0.066561 0.013536 0.000838
0.083226 0.008499 0.000980
0.099853 0.016944 0.001746
0.116704 0.050993 0.002296
0.133205 0.102955 0.003520
0.149797 0.201767 0.007688
0.166591 0.309420 0.006842
0.183556 0.426971 0.008013
0.199827 0.569268 0.011157
0.216687 0.731520 0.013620
0.233231 0.886325 0.013733
0.250025 1.033176 0.015319
0.266555 1.171812 0.017404
0.283195 1.292761 0.018623
0.299851 1.385427 0.019052
0.316482 1.454237 0.020356
0.333370 1.505359 0.022036
0.350059 1.531559 0.021976
0.366611 1.540737 0.024658
0.383510 1.549830 0.024640
0.399927 1.548160 0.024937
0.416446 1.567106 0.024918
0.433290 1.573999 0.025082
0.449883 1.572882 0.025239
0.466418 1.592195 0.028044
0.483392 1.608731 0.026892
0.499925 1.630215 0.027459
0.516492 1.663934 0.029126
0.533047 1.700819 0.028535
0.549837 1.727998 0.028020
0.566428 1.760680 0.029277
0.583219 1.796195 0.030125
0.599785 1.810639 0.028013
0.616602 1.822903 0.029579
0.633064 1.831964 0.029775
0.650001 1.837836 0.030056
0.666416 1.848553 0.031298
0.683121 1.855225 0.030445
0.699671 1.865670 0.031168
0.716484 1.857690 0.029589
0.733056 1.861220 0.031459
0.749670 1.871932 0.031761
0.766422 1.876403 0.031064
0.783088 1.886051 0.031622
0.799642 1.897000 0.031805
0.816437 1.909283 0.031895
0.833065 1.922096 0.032223
0.849673 1.938331 0.032348
0.866519 1.942461 0.031475
0.883065 1.961700 0.033409
0.899782 1.969336 0.032010
0.918321 1.964799 0.031666
0.935812 1.967843 0.032846
0.949662 1.974910 0.033196
0.968506 1.980384 0.033007
0.984769 1.984753 0.033009
0.999864 1.983704 0.032487
1.016251 1.973945 0.032108
1.033005 1.983750 0.034348
1.049744 1.990791 0.033353
1.066247 1.992548 0.032880
1.083918 1.982435 0.032651
1.099965 1.991916 0.033396
1.116393 1.957259 0.033965
1.133080 2.003495 0.032508
1.149900 1.985124 0.035916
1.166337 2.095752 0.031705
1.183148 2.184370 0.034351
1.199641 2.256013 0.034797
1.216545 2.289703 0.033746
1.233017 2.282295 0.032728
1.249832 2.252787 0.033929
1.266381 2.207310 0.034460
1.283072 2.146031 0.033622
1.299820 2.073821 0.033581
1.316493 1.992267 0.032314
1.333059 1.935238 0.034624
1.349617 1.938737 0.060496
1.366423 1.912039 0.030697
1.383053 1.871934 0.029704
1.399794 1.838543 0.032274
1.416398 1.816982 0.031837
1.433218 1.804465 0.032036
1.449544 1.811861 0.031573
1.466435 1.826060 0.031287
1.485629 1.825699 0.032473
1.499554 1.904560 0.031199
1.516270 1.969244 0.031820
1.532902 2.042143 0.033810
1.549579 2.082461 0.031446
1.566294 2.109620 0.033033
1.583147 2.100140 0.031324
1.599568 2.083226 0.032442
1.616270 2.057927 0.033169
1.632996 2.005463 0.030841
1.649764 1.949407 0.031686
1.666193 1.892021 0.030789
1.683129 1.838141 0.031940
1.699579 1.805080 0.031890
1.716394 1.784491 0.032054
1.732939 1.789166 0.032708
1.749767 1.815353 0.033248
1.768454 1.801259 0.030365
1.783151 1.843959 0.030427
1.799465 1.900724 0.032737
1.816000 1.929874 0.029731
1.832670 1.969255 0.032713
1.849489 1.995807 0.032195
1.866123 2.008025 0.031600
1.882711 2.011377 0.031955
1.899414 1.993866 0.031031
1.916106 1.965671 0.031237
1.932901 1.931211 0.031526
1.949369 1.902242 0.031613
1.966268 1.848946 0.029490
1.982830 1.823972 0.032204
1.999507 1.812751 0.032210
2.016188 1.806062 0.031207
2.032891 1.776373 0.028104
2.049433 1.790687 0.032915
2.067938 1.791300 0.032958
2.082635 1.832065 0.029869
2.099283 1.871145 0.031538
2.116029 1.891966 0.030012
2.132635 1.926738 0.032560
2.149258 1.940764 0.030484
2.165914 1.949373 0.031331
2.182648 1.937097 0.030248
2.199232 1.919968 0.030798
2.215991 1.888769 0.030198
2.232643 1.876565 0.032577
2.249448 1.845941 0.029987
2.265871 1.838993 0.031924
2.282631 1.838476 0.031985
2.299265 1.838560 0.031012
2.315909 1.844305 0.031340
2.335726 1.806985 0.031580
2.349229 1.868482 0.030622
2.365888 1.910960 0.031317
2.385103 1.921527 0.032632
2.399615 1.968429 0.030561
2.415861 2.007693 0.032074
2.435288 1.995173 0.032337
2.451944 1.986727 0.031767
