seed 32e1d266378ee988
Playbook: loading ../../gameplay/plays/test/kick_penalty.play
Playbook: loading ../../gameplay/plays/test/motion_challenge.play
Playbook: loading ../../gameplay/plays/test/their_kickoff.play
Playbook: loading ../../gameplay/plays/test/our_kickoff.play
Playbook: loading ../../gameplay/plays/test/test.play
Playbook: loading ../../gameplay/plays/test/defend_penalty.play
Playbook: loading ../../gameplay/plays/test/their_freekick.play
Playbook: loading ../../gameplay/plays/test/our_freekick.play
InputHandler Error: No such file or directory
Not using joystick controller
No controller: Auto/Running
Set trigger camera: 0
Switching to play "motion challenge"
Play "motion challenge" ended: completed 1/1
Speed: 0
0.016743 0.008436 0.000423
0.033247 0.018439 0.001108
0.049844 0.025571 0.002014
0.066583 0.024666 0.000514
0.083488 0.027073 0.000613
0.100045 0.005364 0.001481
0.116603 0.009455 0.000927
0.133400 0.007662 0.000834
0.149924 0.010497 0.000665
0.166555 0.010497 0.000000
0.183289 0.017980 0.000370
0.199893 0.001184 0.001196
0.216541 0.001683 0.000290
0.233266 0.015720 0.001305
0.249891 0.022915 0.000340
0.266504 0.026136 0.000172
0.283289 0.029747 0.000586
0.299907 0.010323 0.001479
0.316933 0.012473 0.000890
0.333133 0.012435 0.001332
0.350771 0.007181 0.001023
0.366467 0.010082 0.000093
0.383269 0.021737 0.001009
0.399883 0.012781 0.001549
0.416792 0.005364 0.000924
0.433154 0.006431 0.000470
0.449863 0.008234 0.000101
0.466479 0.010444 0.000153
0.483852 0.016605 0.000624
0.499882 0.009879 0.000761
0.516457 0.011329 0.000962
0.533104 0.013262 0.001781
0.549874 0.009116 0.000871
0.566490 0.004425 0.000808
0.583314 0.007175 0.000394
0.599869 0.000921 0.000527
0.616619 0.004753 0.000295
0.633338 0.012150 0.001290
0.650080 0.014556 0.001180
0.666461 0.001553 0.001202
0.683453 0.013166 0.001162
0.699845 0.004568 0.000952
0.716828 0.013533 0.001197
0.733193 0.004767 0.001358
0.750595 0.008812 0.000186
0.766578 0.008661 0.000215
0.783913 0.009740 0.000071
0.799929 0.004987 0.001084
0.816333 0.014360 0.000519
0.833742 0.002401 0.001214
0.850737 0.003881 0.000347
0.866863 0.005546 0.000659
0.883297 0.013823 0.001184
0.899774 0.006684 0.000993
0.916407 0.004446 0.000685
0.932998 0.012171 0.000432
0.949781 0.005199 0.000717
0.966371 0.005493 0.000155
0.983106 0.005224 0.000693
0.999759 0.008509 0.000932
1.016366 0.008612 0.001281
1.033025 0.005842 0.000716
1.050686 0.008851 0.000521
1.066232 0.006385 0.000808
1.083917 0.011640 0.000712
1.099617 0.007397 0.000408
1.117434 0.007254 0.000142
1.132896 0.011669 0.001262
1.149567 0.021447 0.001694
1.166593 0.015046 0.000878
1.184419 0.008328 0.001641
1.199566 0.005633 0.000759
1.218660 0.007490 0.000088
1.232990 0.013471 0.001562
1.251784 0.016404 0.000729
1.266344 0.002193 0.001588
1.283092 0.006879 0.001056
1.299609 0.017506 0.000850
1.316452 0.017653 0.000128
1.333001 0.008319 0.001818
1.349714 0.003717 0.001434
1.366266 0.005629 0.000377
1.383243 0.000730 0.000625
1.399688 0.014459 0.000781
1.416461 0.006808 0.000993
1.433170 0.022477 0.001264
1.449809 0.024647 0.000097
1.466276 0.025493 0.000140
1.483191 0.011905 0.001074
1.499710 0.017833 0.001367
1.516874 0.010453 0.000513
1.533023 0.007413 0.000661
1.549795 0.002236 0.000853
1.566307 0.005450 0.000508
1.583019 0.005063 0.000670
1.599665 0.015152 0.000828
1.616410 0.007499 0.001213
1.632927 0.016033 0.001595
1.649773 0.013757 0.001223
1.666389 0.005032 0.000681
1.683071 0.004992 0.000430
1.699770 0.009858 0.001381
1.716347 0.015273 0.001339
1.732924 0.028007 0.001384
1.749792 0.002962 0.002363
1.766288 0.007498 0.000268
1.783008 0.006137 0.000906
1.799461 0.012948 0.000478
1.818356 0.012929 0.000220
1.833908 0.014182 0.000478
1.852457 0.008154 0.001482
1.866264 0.021390 0.001438
1.882896 0.028925 0.000169
1.899491 0.028869 0.000257
1.916597 0.023083 0.001379
1.932857 0.024728 0.001723
1.949645 0.010053 0.001053
1.966302 0.011919 0.000592
1.982879 0.009105 0.000817
1.999457 0.016016 0.000276
2.016194 0.005480 0.001218
2.032876 0.007882 0.000339
2.049509 0.015201 0.001126
2.066100 0.000882 0.001232
2.082911 0.012232 0.001176
2.099482 0.007259 0.000840
2.116141 0.011982 0.000843
2.132875 0.004761 0.001549
2.149502 0.011824 0.001383
2.166221 0.016641 0.000193
2.182880 0.004569 0.001128
2.199647 0.008313 0.000464
2.216144 0.004200 0.000756
2.232777 0.011650 0.000779
2.249441 0.009519 0.000286
2.266093 0.007114 0.001152
2.282846 0.012027 0.000039
2.299473 0.025256 0.001037
2.316089 0.010346 0.002326
2.332715 0.002660 0.000922
2.349463 0.012243 0.000632
2.366101 0.003101 0.001390
2.382717 0.010555 0.000449
2.399286 0.014726 0.000516
2.416177 0.010525 0.000509
2.432743 0.005096 0.001042
2.449481 0.003429 0.001045
2.466095 0.004140 0.000231
2.482882 0.007915 0.000520
2.499327 0.004652 0.000483
2.516100 0.013552 0.000884
2.532689 0.022184 0.000927
2.549326 0.004555 0.001525
2.566081 0.012485 0.000970
2.582724 0.014212 0.000971
2.599270 0.007385 0.001457
2.616043 0.012619 0.000328
2.632712 0.007354 0.000709
2.649320 0.002772 0.000518
2.665926 0.004052 0.000069
2.682722 0.005298 0.000212
2.699318 0.010574 0.000869
2.716045 0.001667 0.001031
2.732790 0.009095 0.000955
2.749303 0.005517 0.001211
2.765958 0.011479 0.001541
2.782694 0.009456 0.000740
2.799275 0.007254 0.000731
2.815977 0.010380 0.001114
2.832553 0.003824 0.000783
2.851343 0.006294 0.000711
2.865909 0.006634 0.001120
2.884804 0.006957 0.000713
2.901080 0.003932 0.000361
2.915713 0.009358 0.000754
2.932430 0.009384 0.000797
2.949177 0.002297 0.000752
2.965839 0.013820 0.001188
2.982370 0.014757 0.000193
2.999155 0.005370 0.001072
3.015850 0.005429 0.000336
3.032421 0.018276 0.000764
3.049075 0.013180 0.000691
3.065802 0.004606 0.000962
3.082412 0.006684 0.000178
3.099019 0.011147 0.001519
3.115790 0.014791 0.000471
3.132351 0.007417 0.001112
3.149050 0.010852 0.000362
3.165776 0.006978 0.000576
3.182394 0.015114 0.000838
3.199019 0.007113 0.000983
3.215741 0.003517 0.000336
3.232399 0.004262 0.000478
3.249008 0.007363 0.000885
3.265678 0.010096 0.000430
3.282369 0.007004 0.000386
3.299146 0.011675 0.000728
3.315627 0.008996 0.001611
3.332544 0.004520 0.000801
3.348969 0.018509 0.001071
3.365690 0.010587 0.000923
3.384166 0.012400 0.000472
3.400681 0.016540 0.001221
3.415628 0.013738 0.001360
3.432293 0.020235 0.000142
3.449068 0.029122 0.000821
3.465609 0.017721 0.000857
3.485574 0.020696 0.000755
3.498921 0.007302 0.000927
3.515625 0.015365 0.001575
3.532157 0.003008 0.000951
3.549000 0.008281 0.000339
3.569218 0.005602 0.000438
3.582619 0.005095 0.000711
3.600637 0.008441 0.000901
3.615754 0.006921 0.001271
3.632334 0.011711 0.001639
3.648883 0.012987 0.001165
3.668135 0.009137 0.001825
3.682271 0.010328 0.001446
3.698808 0.011171 0.001079
3.715575 0.001971 0.001115
3.733368 0.007626 0.000963
3.748847 0.013426 0.000886
3.768819 0.009949 0.001690
3.782202 0.024944 0.000787
3.798865 0.008822 0.001618
3.815595 0.002949 0.000281
3.832259 0.002651 0.000086
3.848818 0.010621 0.000434
3.865387 0.010078 0.000299
3.882198 0.013466 0.000402
3.899037 0.012815 0.002032
3.915502 0.012069 0.000720
3.932330 0.011611 0.000228
3.948876 0.019054 0.000907
3.965553 0.003044 0.001115
3.982132 0.010263 0.000363
3.998908 0.018791 0.000336
4.015511 0.021297 0.000117
4.032308 0.035413 0.001077
4.048848 0.012569 0.001648
4.065504 0.005507 0.000207
4.082118 0.005510 0.000432
4.100094 0.006283 0.000445
4.115502 0.021920 0.001170
4.133361 0.031574 0.000518
4.148887 0.023287 0.000922
4.166738 0.008391 0.000847
4.182052 0.005537 0.000406
4.198882 0.014844 0.000170
4.215383 0.009936 0.001145
4.232207 0.004293 0.000740
4.248841 0.011425 0.000909
4.266657 0.013908 0.000390
4.282123 0.015691 0.000180
4.301103 0.009191 0.000499
4.315402 0.018017 0.000958
4.334411 0.017881 0.000135
4.348662 0.012198 0.000333
4.365466 0.009852 0.000546
4.382037 0.002658 0.000482
4.398678 0.005864 0.000612
4.415425 0.004182 0.000305
4.437290 0.014583 0.000974
4.450092 0.024510 0.000554
4.466661 0.019173 0.001096
4.482120 0.018121 0.000466
4.498719 0.014819 0.000512
4.515406 0.024365 0.001045
4.532053 0.014010 0.000833
4.550282 0.008676 0.001355
4.565316 0.003721 0.001054
4.584375 0.018555 0.001174
4.598587 0.007634 0.001466
4.617730 0.002712 0.000798
4.632016 0.013073 0.001118
4.648641 0.018490 0.000592
4.665232 0.001480 0.001471
4.681918 0.004437 0.000770
4.698635 0.005148 0.000195
4.715231 0.007496 0.000950
4.731856 0.014494 0.001268
4.748657 0.011205 0.001460
4.765201 0.004968 0.000743
4.781880 0.005990 0.000047
4.799002 0.013113 0.000565
4.815239 0.006323 0.001529
4.834380 0.005534 0.000661
4.848569 0.008373 0.000491
4.867871 0.015715 0.001025
4.881786 0.001801 0.001223
4.898528 0.013131 0.001131
4.915280 0.028570 0.001163
4.931888 0.008092 0.002062
4.948501 0.013217 0.000378
4.965258 0.005106 0.001026
4.981816 0.001225 0.000716
4.998486 0.001975 0.000161
5.015262 0.012848 0.000957
Speed: 10
0.016796 0.002936 0.001370
0.033276 0.015208 0.001352
0.050011 0.008224 0.001962
0.066705 0.010681 0.001532
0.083283 0.005687 0.001385
0.100104 0.016789 0.001894
0.116625 0.023821 0.002129
0.133243 0.023297 0.001206
0.150138 0.035158 0.001863
0.166635 0.062088 0.001966
0.183380 0.084816 0.001589
0.199860 0.107497 0.001998
0.216633 0.119647 0.001286
0.233263 0.139486 0.002333
0.249872 0.138603 0.001190
0.266601 0.146046 0.002249
0.283278 0.146288 0.001971
0.299864 0.148799 0.002337
0.316609 0.145772 0.002075
0.333226 0.139082 0.002016
0.349967 0.152364 0.003604
0.366492 0.119204 0.000923
0.383258 0.106515 0.001990
0.399844 0.095780 0.001896
0.416496 0.082058 0.001289
0.433237 0.084780 0.002381
0.449845 0.092737 0.002355
0.466488 0.109701 0.002804
0.483231 0.098192 0.000636
0.499850 0.109304 0.002773
0.516458 0.135423 0.003432
0.533195 0.133226 0.001076
0.549854 0.129416 0.001555
0.566472 0.118432 0.001161
0.583077 0.125567 0.002808
0.599892 0.118760 0.001823
0.616465 0.142006 0.004117
0.633183 0.142218 0.001668
0.649811 0.129249 0.001047
0.666431 0.118365 0.001553
0.683085 0.113369 0.002287
0.699835 0.112507 0.002483
0.716430 0.104717 0.001556
0.733039 0.134737 0.004377
0.749818 0.122493 0.000512
0.766441 0.107178 0.000937
0.783045 0.098324 0.001715
0.799659 0.106608 0.002831
0.816431 0.112482 0.002324
0.833054 0.128922 0.002934
0.849665 0.149847 0.003440
0.866405 0.134127 0.000287
0.883187 0.105099 0.000361
0.899669 0.111882 0.003318
0.916406 0.112056 0.002118
0.933021 0.111341 0.002163
0.949671 0.127844 0.003400
0.966410 0.138442 0.002466
0.983155 0.115339 0.000464
0.999634 0.106717 0.001864
1.016289 0.113671 0.002860
1.033039 0.114622 0.001983
1.049643 0.113904 0.001881
1.066261 0.106193 0.001596
1.083057 0.113760 0.002633
1.099661 0.106456 0.001222
1.116247 0.094079 0.001028
1.133276 0.085697 0.001494
1.149754 0.097954 0.002843
1.166540 0.116071 0.002834
1.183044 0.116344 0.001344
1.199663 0.160466 0.004600
1.216459 0.154661 0.000747
1.232939 0.137763 0.000705
1.249714 0.123562 0.001434
1.266293 0.110179 0.001632
1.283231 0.117460 0.003850
1.299709 0.118590 0.001810
1.316384 0.130244 0.002956
1.332957 0.125340 0.001483
1.349923 0.105438 0.000645
1.366351 0.111344 0.002504
1.383175 0.107979 0.002062
1.399577 0.129900 0.003136
1.416712 0.129409 0.001346
1.432898 0.160552 0.003746
1.449555 0.152215 0.000662
1.466310 0.143304 0.001417
1.483179 0.152003 0.003040
1.499676 0.147912 0.001962
1.516355 0.145690 0.002335
1.532915 0.142251 0.002243
1.549827 0.144022 0.002671
1.566346 0.118122 0.000479
1.583208 0.078443 0.000290
1.599539 0.083895 0.003639
1.616805 0.096416 0.002925
1.633107 0.091694 0.001475
1.649542 0.119543 0.003394
1.666399 0.132480 0.001987
1.682947 0.124203 0.001133
1.699786 0.121241 0.001685
1.716256 0.124770 0.002336
1.732877 0.155303 0.004207
1.749566 0.137752 0.000367
1.766174 0.138027 0.002248
1.783165 0.132733 0.001941
1.799522 0.118502 0.001534
1.817324 0.098216 0.001212
1.832781 0.097035 0.002157
1.850106 0.115689 0.003942
1.866147 0.088085 0.000841
1.883018 0.073958 0.001317
1.899539 0.111539 0.004502
1.916317 0.124624 0.002205
1.932747 0.109084 0.000141
1.949827 0.105588 0.001992
1.966182 0.136696 0.003814
1.982751 0.120511 0.000219
1.999507 0.130800 0.002735
2.016361 0.151930 0.003456
2.032779 0.157352 0.002049
2.049370 0.129642 0.000464
2.066121 0.127175 0.002575
2.083046 0.125246 0.002385
2.099394 0.116587 0.001807
2.116367 0.137743 0.004068
2.132738 0.132894 0.001462
2.149665 0.125468 0.001550
2.166137 0.114726 0.001476
2.183000 0.114921 0.002403
2.199621 0.114579 0.002189
2.216396 0.102366 0.001321
2.232780 0.135050 0.004595
2.249617 0.150442 0.002597
2.265981 0.139654 0.000944
2.283007 0.127282 0.001483
2.299402 0.105515 0.000994
2.316259 0.090675 0.001587
2.332707 0.093929 0.002695
2.349572 0.129741 0.004656
2.365990 0.125882 0.001334
2.382747 0.107612 0.000322
2.399410 0.100937 0.001725
2.416175 0.111117 0.002902
2.432710 0.112917 0.001850
2.449542 0.139661 0.003824
2.466057 0.159794 0.002929
2.482834 0.131245 0.000657
2.499364 0.108446 0.000841
2.515948 0.116204 0.003405
2.532556 0.112184 0.001836
2.549609 0.132701 0.003678
2.565970 0.147474 0.002804
2.582755 0.136714 0.000836
2.599314 0.125254 0.001357
2.615962 0.128997 0.002783
2.632600 0.139329 0.003018
2.649577 0.135143 0.001743
2.665934 0.152065 0.003536
2.682862 0.155467 0.002255
2.699491 0.131755 0.000818
2.715928 0.102620 0.000698
2.732822 0.105930 0.003223
2.749207 0.113059 0.002899
2.765953 0.100789 0.000977
2.782808 0.122126 0.003902
2.799143 0.122225 0.001497
2.816034 0.112206 0.001003
2.832506 0.103841 0.001487
2.849140 0.126021 0.003823
2.865905 0.118264 0.000960
2.882591 0.132850 0.003093
2.899178 0.141547 0.002370
2.915985 0.129840 0.001033
2.932510 0.115143 0.001075
2.949371 0.113832 0.002484
2.965794 0.114374 0.002360
2.982730 0.132645 0.003459
2.999149 0.136710 0.002002
3.015999 0.145928 0.002601
3.032524 0.116505 0.000883
3.049345 0.102456 0.001711
3.065748 0.101176 0.002441
3.082603 0.112308 0.003103
3.099155 0.108105 0.001395
3.115962 0.128917 0.003465
3.132352 0.142707 0.002538
3.149363 0.121205 0.000452
3.165913 0.125054 0.003063
3.182396 0.125562 0.002015
3.199253 0.138336 0.003536
3.215768 0.158578 0.003061
3.232645 0.157655 0.001609
3.249124 0.118240 0.001049
3.265790 0.115035 0.002837
3.282394 0.101300 0.001536
3.299005 0.067607 0.000543
3.315724 0.072312 0.003187
3.332353 0.078966 0.002338
3.349145 0.107603 0.003602
3.365749 0.101650 0.000951
3.384140 0.080161 0.000461
3.399237 0.099298 0.003084
3.416437 0.101345 0.001482
3.432477 0.120501 0.002620
3.449025 0.128448 0.001750
3.465950 0.166086 0.004241
3.483387 0.188789 0.003000
3.499182 0.131040 0.002115
3.517064 0.110029 0.002244
3.532312 0.096373 0.002292
3.548959 0.084143 0.002005
3.565575 0.089678 0.002870
3.582315 0.093738 0.002355
3.598863 0.103938 0.002325
3.615578 0.073344 0.000961
3.632334 0.073344 0.000000
3.649048 0.066367 0.004758
3.665549 0.072654 0.002204
3.682270 0.092150 0.002686
3.698932 0.104966 0.002162
3.715687 0.141100 0.003339
3.732174 0.122533 0.001320
3.749130 0.147263 0.003082
3.765731 0.152056 0.001661
3.782397 0.152441 0.001850
3.799086 0.160257 0.002794
3.816908 0.163990 0.002725
3.832321 0.139305 0.000541
3.850145 0.142073 0.003239
3.865582 0.125090 0.001542
3.882453 0.124672 0.003031
3.899072 0.120213 0.002076
3.915942 0.117878 0.002215
3.932296 0.120706 0.002547
3.948992 0.118071 0.002266
3.966406 0.116742 0.001949
3.983957 0.101935 0.001075
3.999765 0.111265 0.002642
4.017121 0.111361 0.001896
4.033272 0.145189 0.003615
4.050296 0.160852 0.002259
4.066591 0.149455 0.001191
4.083508 0.151429 0.002402
4.099723 0.138335 0.001365
4.116466 0.128470 0.001909
4.133219 0.131081 0.002870
4.150002 0.135736 0.002716
4.166478 0.125930 0.001468
4.183370 0.107645 0.001549
4.199591 0.095996 0.001699
4.216553 0.092769 0.002245
4.232921 0.084914 0.001672
4.249627 0.120328 0.003991
4.266403 0.137396 0.002422
4.283112 0.156658 0.002607
4.299587 0.156819 0.001308
4.316252 0.150151 0.001452
4.332590 0.144584 0.002099
4.349636 0.136703 0.001967
4.366007 0.132503 0.002296
4.382921 0.130505 0.002384
4.399343 0.116876 0.001351
4.416688 0.086104 0.000219
4.432592 0.070473 0.001535
4.449889 0.066632 0.002046
4.465958 0.070033 0.002070
4.484116 0.086617 0.002662
4.499267 0.096643 0.001895
4.518703 0.117623 0.002677
4.532972 0.132708 0.002382
4.550659 0.132332 0.001160
4.566472 0.127075 0.001480
4.583207 0.116915 0.001353
4.599276 0.141806 0.004095
4.617130 0.137298 0.001317
4.631957 0.119756 0.000758
4.648560 0.122014 0.002818
4.665473 0.122014 0.000000
4.682077 0.108572 0.001876
4.706001 0.100701 0.003030
4.715271 0.094923 0.002069
4.731923 0.094923 0.000000
4.748537 0.095670 0.002250
4.765932 0.098049 0.001929
4.784284 0.105874 0.003812
4.799031 0.104674 0.001499
4.815337 0.091609 0.000788
4.832251 0.109637 0.003359
4.848802 0.120273 0.002274
4.865401 0.112036 0.000863
4.882121 0.129793 0.003226
4.898789 0.126073 0.001333
4.915387 0.146288 0.003464
4.932134 0.119914 0.001085
4.948832 0.114537 0.002120
4.965411 0.109784 0.001976
4.982293 0.101973 0.001650
4.998819 0.113019 0.002986
5.015384 0.132843 0.003489
Speed: 20
0.016659 0.001632 0.000360
0.033450 0.003505 0.000365
0.050207 0.006848 0.000637
0.066594 0.009051 0.000176
0.083451 0.011637 0.000168
0.100145 0.010879 0.000536
0.116644 0.008786 0.000246
0.133289 0.054927 0.004621
0.150094 0.098881 0.002626
0.167958 0.186569 0.005822
0.183366 0.244937 0.003327
0.199957 0.301035 0.004256
0.216627 0.363876 0.005874
0.233174 0.386523 0.003732
0.250107 0.390530 0.004050
0.266553 0.399333 0.005595
0.285360 0.378386 0.003974
0.299957 0.366061 0.005578
0.316759 0.343175 0.004859
0.333207 0.309296 0.004167
0.350151 0.282500 0.004801
0.366583 0.278008 0.006092
0.383308 0.275763 0.005517
0.401135 0.254407 0.003668
0.418833 0.248509 0.004860
0.433272 0.269590 0.006490
0.450569 0.286208 0.005965
0.466872 0.310457 0.005403
0.483661 0.309091 0.004093
0.500075 0.324668 0.005295
0.515566 0.346950 0.006215
0.532127 0.351073 0.004883
0.548821 0.351073 0.000000
0.565615 0.377378 0.012943
0.582493 0.349679 0.003923
0.598705 0.349679 0.000000
0.620295 0.321275 0.010087
0.632031 0.327663 0.003768
0.648845 0.359987 0.007991
0.665373 0.352913 0.004412
0.683245 0.334656 0.004488
0.699955 0.304224 0.003403
0.716486 0.311290 0.006971
0.734167 0.333654 0.007299
0.749775 0.335982 0.005276
0.766384 0.323152 0.004492
0.783315 0.315513 0.004870
0.800607 0.307724 0.005833
0.817236 0.304122 0.005494
0.833991 0.320057 0.006515
0.852547 0.293819 0.002963
0.867248 0.312922 0.007257
0.885370 0.297086 0.003838
0.899829 0.311234 0.007338
0.915503 0.322108 0.004369
0.932071 0.318855 0.004589
0.948903 0.322751 0.005431
0.965346 0.342332 0.006605
0.982095 0.340643 0.004817
0.998692 0.342742 0.005150
1.015639 0.332540 0.004638
1.037646 0.340385 0.006385
1.048513 0.331646 0.004893
1.065488 0.343934 0.006697
1.081965 0.327095 0.004142
1.098661 0.319711 0.005391
1.115379 0.334219 0.006852
1.133362 0.322162 0.004407
1.148618 0.334243 0.006533
1.168236 0.326967 0.004761
1.183098 0.310335 0.004305
1.203078 0.308430 0.005796
1.219696 0.318882 0.006763
1.233813 0.313171 0.004743
1.249527 0.308257 0.004993
1.266167 0.288799 0.003895
1.282928 0.303336 0.006721
1.299525 0.316978 0.005950
1.316302 0.335189 0.006189
1.350768 0.336447 0.004787
1.366181 0.346790 0.010910
1.382990 0.352800 0.005783
1.401049 0.328964 0.003692
1.416131 0.330014 0.006339
1.432887 0.305057 0.003973
1.449502 0.326971 0.007703
1.466177 0.311441 0.004201
1.481899 0.295404 0.003813
1.498512 0.328921 0.008355
1.515353 0.300889 0.002866
1.531848 0.299118 0.005092
1.548564 0.305156 0.005694
1.565218 0.303055 0.004891
1.581873 0.311016 0.005800
1.598612 0.313771 0.005123
1.615543 0.295024 0.003556
1.631627 0.303503 0.006172
1.648460 0.300986 0.005245
1.665005 0.326004 0.006639
1.681654 0.341059 0.005798
1.698225 0.310818 0.002555
1.715209 0.337739 0.007791
1.731611 0.328863 0.004572
1.749113 0.330805 0.005603
1.765010 0.317520 0.004517
1.781794 0.317520 0.000000
1.798161 0.297026 0.005618
1.814950 0.302990 0.010555
1.831563 0.280170 0.003613
1.848229 0.296893 0.007196
1.864951 0.276221 0.003506
1.881714 0.280480 0.005636
1.898201 0.303256 0.006534
1.914993 0.307261 0.004833
1.931579 0.315063 0.005230
1.948538 0.325725 0.005614
1.964980 0.307654 0.003340
1.981946 0.315375 0.006359
1.998157 0.306661 0.004273
2.015742 0.323123 0.006588
2.032085 0.297297 0.003134
2.048292 0.298474 0.005474
2.064858 0.307842 0.005921
2.081481 0.302934 0.004592
2.098178 0.311200 0.005772
2.115862 0.318110 0.005491
2.132755 0.315761 0.005248
2.149365 0.334023 0.006503
2.166014 0.323423 0.004096
2.182830 0.295434 0.003402
2.199304 0.310598 0.007074
2.216028 0.318172 0.005752
2.232675 0.292227 0.003102
2.249438 0.294921 0.005831
2.265976 0.294921 0.000000
2.282601 0.295918 0.011090
2.299213 0.312035 0.006213
2.316174 0.289535 0.003040
2.332793 0.294218 0.005735
2.349402 0.304814 0.005780
2.365077 0.316527 0.005251
2.381517 0.332554 0.005924
2.400136 0.320878 0.003843
2.415025 0.340479 0.006804
2.432724 0.330297 0.004343
2.449582 0.295327 0.003319
2.468087 0.319780 0.007055
2.482567 0.309484 0.004204
2.503293 0.325874 0.006720
2.516192 0.298843 0.003222
2.532447 0.298843 0.000000
2.549053 0.273229 0.004929
2.565680 0.300528 0.012775
2.582451 0.280729 0.003414
2.599264 0.306709 0.007424
2.616807 0.299068 0.003903
2.632635 0.302244 0.005281
2.649659 0.301784 0.004873
2.665851 0.302987 0.005074
2.683044 0.308287 0.005377
2.699157 0.331970 0.006661
2.716043 0.327297 0.004548
2.732441 0.342875 0.005962
2.749365 0.335626 0.004462
2.765812 0.338977 0.005616
2.783682 0.328305 0.005265
2.799122 0.348353 0.006243
2.816239 0.342020 0.005069
2.832700 0.347849 0.005502
2.849445 0.350836 0.006756
2.865849 0.343520 0.004149
2.882559 0.312003 0.003648
2.899819 0.318296 0.006582
2.915864 0.313707 0.005274
2.932394 0.320428 0.006081
2.949166 0.304552 0.004887
2.965769 0.301284 0.004066
2.982548 0.286731 0.004959
2.998986 0.309273 0.006343
3.015779 0.306941 0.004482
3.032414 0.323185 0.006102
3.049025 0.324221 0.004779
3.065746 0.338615 0.006160
3.082403 0.347039 0.005653
3.098990 0.334513 0.004222
3.115801 0.320702 0.004658
3.132512 0.323291 0.006138
3.148995 0.297476 0.003571
3.165652 0.292712 0.005612
3.182422 0.301149 0.006220
3.198969 0.321715 0.006616
3.215662 0.302692 0.003252
3.232369 0.298178 0.005010
3.249335 0.316267 0.006934
3.265618 0.321629 0.005055
3.283174 0.299505 0.003795
3.298904 0.319209 0.005560
3.315558 0.319315 0.005307
3.332233 0.319315 0.000000
3.348872 0.329990 0.011044
3.365516 0.331342 0.004515
3.385048 0.344780 0.006387
3.398878 0.352230 0.005732
3.415851 0.351475 0.005269
3.432204 0.341786 0.004915
3.449075 0.336024 0.005647
3.465583 0.326017 0.005099
3.482199 0.321954 0.005657
3.498930 0.306859 0.004569
3.515651 0.309624 0.006163
3.532269 0.318988 0.006112
3.548962 0.282759 0.002434
3.565656 0.295706 0.006811
3.582424 0.299693 0.005404
3.598885 0.321127 0.006635
3.615765 0.325242 0.004912
3.632277 0.330465 0.005317
3.648887 0.332823 0.005268
3.665812 0.336306 0.005550
3.682182 0.352946 0.006645
3.706414 0.335267 0.003980
3.719195 0.322967 0.004967
3.732158 0.301811 0.005328
3.748802 0.325048 0.006405
3.765344 0.300527 0.003453
3.782066 0.316415 0.006723
3.798710 0.331222 0.006217
3.815396 0.333711 0.004814
3.832801 0.340443 0.006298
3.848768 0.340443 0.000000
3.865347 0.348524 0.010410
3.882263 0.330045 0.004559
3.898744 0.346258 0.006166
3.915576 0.346258 0.000000
3.932148 0.339333 0.009094
3.948858 0.339333 0.000000
3.965375 0.342039 0.006771
3.983370 0.345515 0.009707
3.998694 0.334583 0.004866
4.015301 0.325790 0.005180
4.031927 0.325362 0.005863
4.048716 0.320219 0.005337
4.065288 0.305968 0.004528
4.081937 0.312668 0.006210
4.098739 0.300351 0.004483
4.115399 0.316363 0.006466
4.131916 0.308806 0.004343
4.149046 0.319833 0.006195
4.165486 0.334780 0.006143
4.182197 0.313034 0.003272
4.201342 0.325370 0.006528
4.215275 0.312146 0.004162
4.238556 0.305039 0.004984
4.248571 0.312987 0.006157
4.272377 0.307985 0.004779
4.281999 0.309418 0.005368
4.298621 0.326877 0.006631
4.315510 0.321254 0.004454
4.331976 0.310234 0.004383
4.348483 0.323927 0.006548
4.365300 0.314475 0.004483
4.381911 0.316679 0.005525
4.398516 0.326369 0.006013
4.416319 0.307186 0.004179
4.431998 0.313252 0.005046
4.449911 0.302472 0.004317
4.465239 0.308938 0.005949
4.485232 0.310363 0.005201
4.499060 0.300767 0.004852
4.517737 0.296555 0.005991
4.531907 0.342965 0.006105
4.548580 0.348305 0.004025
4.565216 0.362418 0.005638
4.581876 0.371501 0.005687
4.598506 0.354018 0.004028
4.615182 0.366608 0.007036
4.631788 0.358314 0.005519
4.648543 0.350529 0.005037
4.666242 0.335793 0.005927
4.681858 0.335279 0.005177
4.699019 0.303712 0.004324
4.715175 0.337774 0.006834
4.734408 0.334088 0.004751
4.748518 0.319014 0.004085
4.767887 0.341887 0.007491
4.781762 0.315415 0.003133
4.798480 0.311253 0.005534
4.815102 0.326627 0.006869
4.831738 0.303048 0.003368
4.848405 0.314746 0.006569
4.865225 0.311891 0.005102
4.881744 0.304781 0.004707
4.898433 0.320825 0.006425
4.915170 0.310793 0.004525
4.931780 0.306883 0.004476
4.949465 0.322153 0.007471
4.965171 0.303334 0.003166
4.983337 0.311109 0.006198
4.998454 0.324962 0.006207
5.017699 0.308352 0.005016
Speed: 30
0.016794 0.014383 0.000495
0.033322 0.006281 0.001030
0.050141 0.022167 0.001209
0.066614 0.016035 0.000834
0.083379 0.011793 0.000606
0.099996 0.017834 0.000652
0.116749 0.050602 0.002536
0.133230 0.093007 0.002822
0.150262 0.184112 0.006381
0.166627 0.263970 0.005047
0.183348 0.345174 0.005869
0.199976 0.458764 0.009231
0.216769 0.502611 0.004574
0.233371 0.559992 0.008050
0.249873 0.583119 0.006831
0.266613 0.592731 0.007502
0.283368 0.583609 0.007396
0.299879 0.555775 0.007074
0.318550 0.543494 0.008968
0.333147 0.501704 0.006570
0.352661 0.480911 0.008666
0.366713 0.446105 0.007033
0.383309 0.446134 0.009477
0.399928 0.427478 0.007013
0.419299 0.420226 0.007850
0.433215 0.444849 0.009526
0.449898 0.457215 0.008032
0.466447 0.468215 0.008292
0.483235 0.488550 0.008050
0.499841 0.509971 0.008714
0.516481 0.547147 0.010075
0.533180 0.571518 0.009134
0.549892 0.556276 0.006569
0.566520 0.566514 0.009845
0.583220 0.539138 0.006732
0.599801 0.529572 0.009169
0.616457 0.509686 0.007871
0.633193 0.497245 0.008667
0.649837 0.499313 0.009313
0.666409 0.502449 0.009147
0.683119 0.474008 0.006169
0.699832 0.513775 0.012254
0.716410 0.539226 0.009515
0.733066 0.515961 0.005984
0.750071 0.518548 0.008877
0.766422 0.493283 0.006806
0.783098 0.511400 0.010258
0.799781 0.538270 0.010457
0.816474 0.525512 0.007017
0.833050 0.542225 0.010004
0.849810 0.560221 0.009928
0.866389 0.557441 0.008269
0.883080 0.549841 0.008292
0.899657 0.526539 0.007572
0.916429 0.517377 0.008863
0.933009 0.532852 0.010482
0.949718 0.532852 0.000000
0.966399 0.521450 0.015329
0.983048 0.522694 0.008861
0.999625 0.508656 0.007659
1.016456 0.529712 0.010478
1.033023 0.526018 0.008164
1.049683 0.520608 0.008181
1.066328 0.541319 0.010444
1.083471 0.523577 0.007063
1.099660 0.500069 0.007341
1.116291 0.516270 0.010313
1.132988 0.518776 0.008809
1.149681 0.491894 0.006447
1.166336 0.505836 0.010174
1.183269 0.518332 0.009323
1.199642 0.517267 0.008203
1.216697 0.529547 0.009178
1.233039 0.514585 0.007365
1.249776 0.527304 0.009607
1.266593 0.541417 0.009548
1.283470 0.521166 0.006853
1.299833 0.537955 0.010443
1.316618 0.540258 0.008711
1.332937 0.521515 0.007415
1.349715 0.525418 0.009405
1.366286 0.528114 0.009111
1.382942 0.532019 0.009177
1.399663 0.521028 0.007855
1.416205 0.521446 0.009047
1.432796 0.527640 0.009337
1.449569 0.513986 0.007632
1.466177 0.499299 0.007844
1.482851 0.502527 0.009366
1.499492 0.511813 0.009251
1.516197 0.523926 0.009251
1.532826 0.522307 0.008110
1.549485 0.523328 0.008559
1.566213 0.525399 0.008740
1.582832 0.525399 0.000000
1.599432 0.513700 0.015544
1.616222 0.552538 0.011410
1.632825 0.553667 0.008150
1.649544 0.540780 0.007178
1.666239 0.531620 0.008748
1.682906 0.524426 0.008500
1.699569 0.532770 0.009769
1.716152 0.519737 0.007784
1.732911 0.511488 0.009029
1.749582 0.496891 0.007401
1.766326 0.512601 0.010075
1.782861 0.521750 0.009230
1.799534 0.507933 0.007222
1.816157 0.506212 0.008604
1.832928 0.493416 0.007732
1.849667 0.502769 0.009486
1.866114 0.512158 0.009047
1.882938 0.529181 0.009516
1.899533 0.535922 0.008574
1.916120 0.540942 0.008715
1.932754 0.530516 0.007756
1.949564 0.524582 0.008733
1.966120 0.524147 0.008716
1.983081 0.510706 0.009247
1.999505 0.516553 0.007815
2.016333 0.503334 0.008667
2.032774 0.523060 0.008767
2.049751 0.526972 0.008476
2.066071 0.529456 0.008503
2.082779 0.530904 0.008738
2.099509 0.536236 0.009070
2.116079 0.538532 0.008808
2.132732 0.536135 0.008585
2.149505 0.519200 0.007606
2.166088 0.524030 0.009531
2.182846 0.517155 0.008438
2.199312 0.514336 0.008696
2.216213 0.511791 0.008564
2.232754 0.508309 0.008566
2.249478 0.531336 0.010368
2.266051 0.511543 0.006662
2.282865 0.514568 0.009135
2.299482 0.557344 0.011869
2.316110 0.531564 0.005971
2.332725 0.524811 0.008566
2.349470 0.519953 0.008671
2.365983 0.513745 0.008484
2.382734 0.524974 0.009834
2.399283 0.512848 0.007613
2.416260 0.512848 0.000000
2.432981 0.506413 0.017339
2.449312 0.511978 0.009207
2.465962 0.517036 0.008769
2.482893 0.508446 0.007850
2.499256 0.512827 0.008947
2.515863 0.511213 0.008416
2.532479 0.526771 0.009682
2.549412 0.532579 0.008718
2.565875 0.505861 0.006372
2.582710 0.516842 0.010047
2.599202 0.524020 0.009045
2.615890 0.529594 0.008936
2.632499 0.521345 0.008107
2.649205 0.505342 0.007610
2.665854 0.528423 0.010698
2.682720 0.517763 0.007626
2.699220 0.494330 0.008978
2.715868 0.516487 0.007616
2.732474 0.530725 0.009146
2.749126 0.550793 0.009558
2.765944 0.537445 0.007808
2.782555 0.541721 0.008078
2.799226 0.537247 0.008425
2.815926 0.544902 0.009500
2.832639 0.541638 0.008571
2.849121 0.520272 0.007399
2.865896 0.514051 0.008900
2.882553 0.505471 0.008459
2.899123 0.514269 0.009846
2.915895 0.502923 0.007646
2.932496 0.496305 0.008325
2.949129 0.497971 0.008858
2.965777 0.501909 0.008727
2.982523 0.513116 0.009207
2.999106 0.511276 0.007874
3.015795 0.541119 0.010739
3.032517 0.540313 0.007872
3.049167 0.534859 0.008099
3.065743 0.555551 0.010554
3.082751 0.540411 0.007399
3.099104 0.546694 0.009545
3.115771 0.546472 0.008941
3.132492 0.537587 0.008325
3.149095 0.537372 0.009209
3.165749 0.523260 0.008220
3.182374 0.531235 0.009724
3.199077 0.512049 0.007542
3.215753 0.499450 0.010564
3.232387 0.533171 0.008116
3.249072 0.537363 0.007928
3.265741 0.559059 0.009878
3.282424 0.564133 0.008579
3.299113 0.560533 0.010411
3.315685 0.558685 0.006817
3.332482 0.546459 0.009404
3.349108 0.550780 0.008248
3.365760 0.546886 0.008901
3.382372 0.534242 0.008302
3.398909 0.518227 0.008134
3.415772 0.517717 0.009440
3.432369 0.517717 0.000000
3.448956 0.517566 0.018881
3.465689 0.506474 0.007957
3.482503 0.507032 0.008989
3.498945 0.495165 0.007796
3.515790 0.499593 0.009171
3.532316 0.520111 0.009849
3.549058 0.507046 0.007055
3.565560 0.515011 0.009206
3.582319 0.506813 0.007748
3.598916 0.524312 0.009938
3.615584 0.528782 0.008627
3.632328 0.538137 0.009110
3.648939 0.525397 0.007495
3.665535 0.538791 0.009938
3.682348 0.548301 0.009318
3.698927 0.547124 0.008594
3.715551 0.540791 0.008425
3.732233 0.533729 0.008533
3.748930 0.534038 0.009236
3.765647 0.513228 0.007543
3.782147 0.515416 0.009457
3.798948 0.512139 0.008637
3.815437 0.513064 0.008871
3.832514 0.509106 0.008336
3.848914 0.514125 0.009030
3.865460 0.503418 0.007706
3.882102 0.512983 0.009527
3.898821 0.501593 0.007473
3.915562 0.499364 0.008608
3.932069 0.494894 0.008102
3.948930 0.505137 0.009287
3.965434 0.497341 0.007642
3.982081 0.514890 0.009793
3.998731 0.522569 0.008661
4.015660 0.532453 0.009003
4.032113 0.530239 0.008096
4.048935 0.526837 0.008362
4.065481 0.538498 0.009729
4.082388 0.522507 0.007306
4.098759 0.519601 0.008830
4.115477 0.515666 0.008702
4.132088 0.539549 0.010645
4.148761 0.536997 0.008084
4.165501 0.541404 0.009063
4.182090 0.529135 0.007820
4.198727 0.530382 0.009154
4.215381 0.519344 0.008169
4.232101 0.516815 0.008884
4.248723 0.505923 0.008059
4.265340 0.488734 0.007736
4.282102 0.489382 0.009030
4.298901 0.587696 0.034676
4.315440 0.625734 0.007498
4.332252 0.639486 0.009727
4.348691 0.617111 0.009273
4.365273 0.617111 0.000000
4.382019 0.587044 0.016463
4.398646 0.527173 0.006948
4.415356 0.493737 0.007911
4.431975 0.466066 0.007077
4.448725 0.495520 0.009685
4.465324 0.530248 0.008936
4.481902 0.552772 0.008420
4.498728 0.566406 0.008511
4.515520 0.563112 0.008674
4.531923 0.549557 0.008075
4.548769 0.526886 0.007684
4.565323 0.506115 0.007955
4.582054 0.491108 0.008010
4.598747 0.500768 0.009334
4.615427 0.494961 0.008110
4.632176 0.502187 0.008852
4.648575 0.505886 0.008288
4.665291 0.508130 0.008576
4.681930 0.524703 0.009666
4.698545 0.522865 0.007892
4.715274 0.510909 0.007538
4.731872 0.511043 0.008690
4.748545 0.516173 0.008954
4.765362 0.507252 0.007850
4.781878 0.501706 0.008142
4.798595 0.510394 0.009337
4.815151 0.512157 0.008427
4.832005 0.521851 0.009270
4.848526 0.531990 0.008989
4.865143 0.518256 0.007325
4.882080 0.522280 0.009286
4.898639 0.518542 0.008334
4.915535 0.505441 0.007857
4.931943 0.510255 0.009154
4.948831 0.514708 0.009101
4.965248 0.513650 0.008298
4.983318 0.504949 0.008544
4.998593 0.494207 0.007188
5.015260 0.504292 0.009532
Speed: 40
0.016741 0.024440 0.000901
0.033246 0.008595 0.001284
0.050050 0.008682 0.000423
0.066609 0.015175 0.001043
0.083291 0.007419 0.000596
0.099802 0.040789 0.003200
0.115592 0.076088 0.001894
0.132138 0.159312 0.005480
0.148795 0.282328 0.007896
0.165481 0.377613 0.005771
0.182198 0.482599 0.007933
0.199886 0.574011 0.008262
0.216691 0.628992 0.007409
0.233245 0.698917 0.010804
0.249927 0.720880 0.008508
0.266617 0.747296 0.010907
0.283193 0.748188 0.010076
0.299814 0.748265 0.011149
0.316453 0.708434 0.008981
0.333369 0.679022 0.010429
0.349788 0.649282 0.010581
0.366465 0.643442 0.012098
0.383248 0.626262 0.010563
0.399822 0.622437 0.011140
0.416739 0.625520 0.011416
0.433256 0.632341 0.011148
0.450004 0.630533 0.010335
0.466469 0.648072 0.011876
0.483167 0.664289 0.011452
0.499786 0.693511 0.012398
0.516418 0.705850 0.011304
0.533102 0.712124 0.010994
0.549762 0.726903 0.012263
0.566461 0.730054 0.011404
0.583274 0.749193 0.013077
0.599850 0.756515 0.012024
0.616746 0.750815 0.011592
0.633075 0.740464 0.011495
0.650113 0.743015 0.012738
0.666455 0.725612 0.011183
0.682995 0.694321 0.010377
0.699767 0.686171 0.012182
0.716576 0.687212 0.012609
0.733063 0.691103 0.012135
0.749825 0.687138 0.011319
0.766402 0.716086 0.013946
0.783138 0.705451 0.010224
0.799648 0.702885 0.011456
0.816539 0.695594 0.011309
0.833026 0.689466 0.011388
0.849826 0.692443 0.011990
0.866425 0.708050 0.012834
0.883176 0.743867 0.014120
0.899722 0.740770 0.010620
0.916536 0.729939 0.011076
0.933155 0.718724 0.011306
0.949785 0.698062 0.010867
0.966305 0.695388 0.012326
0.983578 0.697224 0.012447
1.000590 0.708282 0.012531
1.018902 0.686836 0.010051
1.032988 0.693442 0.012412
1.051445 0.693167 0.011619
1.066250 0.707540 0.012666
1.084051 0.703932 0.011691
1.099581 0.704271 0.011170
1.116223 0.727166 0.013515
1.132837 0.738988 0.012097
1.149858 0.727377 0.010727
1.166233 0.731587 0.012326
1.182957 0.720188 0.011197
1.199630 0.705697 0.011268
1.216259 0.705900 0.012527
1.232848 0.717965 0.012781
1.249617 0.698416 0.010422
1.266243 0.695047 0.011732
1.282804 0.692239 0.011918
1.299569 0.697314 0.012154
1.316210 0.694978 0.011509
1.332816 0.711385 0.012748
1.349507 0.718203 0.011993
1.367083 0.701853 0.010706
1.383825 0.705796 0.011956
1.400268 0.731316 0.013637
1.416529 0.729732 0.011060
1.433521 0.725415 0.012505
1.450305 0.709008 0.010960
1.467048 0.696556 0.011404
1.483479 0.682370 0.011197
1.500184 0.682580 0.012196
1.516929 0.684037 0.012061
1.532897 0.681982 0.011270
1.549435 0.683821 0.011844
1.566126 0.689326 0.011473
1.583557 0.715879 0.013432
1.600122 0.705686 0.010169
1.616928 0.715773 0.012196
1.632874 0.723539 0.012634
1.651155 0.729633 0.011335
1.666024 0.742374 0.012145
1.682763 0.736075 0.011258
1.699367 0.725316 0.011329
1.716481 0.709177 0.012600
1.732878 0.727259 0.011981
1.749859 0.742549 0.013026
1.770230 0.738654 0.011316
1.782911 0.727938 0.011248
1.800301 0.714544 0.012342
1.816043 0.699689 0.011364
1.833625 0.695906 0.012040
1.849418 0.696809 0.012617
1.866059 0.702318 0.011232
1.882629 0.709139 0.011887
1.899377 0.707397 0.011520
1.916032 0.715103 0.012213
1.932631 0.724737 0.012443
1.949396 0.719756 0.011239
1.966195 0.718066 0.011775
1.982638 0.720710 0.012126
1.999456 0.721946 0.012219
2.015994 0.725731 0.012169
2.032744 0.726067 0.011980
2.049316 0.705968 0.010447
2.066098 0.694251 0.011567
2.082568 0.687461 0.011665
2.099333 0.696709 0.012750
2.115896 0.704698 0.012220
2.132622 0.713904 0.012246
2.149211 0.735149 0.013072
2.166253 0.722532 0.010305
2.182574 0.733415 0.012801
2.199517 0.733591 0.011904
2.215740 0.734241 0.012048
2.232901 0.735428 0.012176
2.249580 0.731249 0.011891
2.266349 0.709021 0.010652
2.282940 0.718773 0.013257
2.299602 0.721039 0.012333
2.316562 0.694245 0.010988
2.332672 0.708377 0.012502
2.349239 0.706782 0.011165
2.366109 0.730281 0.013535
2.382513 0.736605 0.011883
2.399391 0.744541 0.012304
2.415845 0.710255 0.010146
2.432449 0.709723 0.012461
2.449202 0.702904 0.011722
2.466143 0.697469 0.011690
2.482414 0.686712 0.011431
2.499453 0.703387 0.013003
2.515799 0.714421 0.012475
2.532827 0.720527 0.011771
2.549170 0.714419 0.011167
2.565912 0.716709 0.011917
2.582439 0.713008 0.011606
2.599175 0.705959 0.011420
2.615768 0.699834 0.011592
2.632517 0.719596 0.013470
2.649009 0.717331 0.011337
2.666493 0.711437 0.011441
2.682403 0.699442 0.011313
2.700791 0.707702 0.012383
2.716435 0.710676 0.012287
2.732467 0.706223 0.011423
2.749023 0.710699 0.011953
2.765808 0.723381 0.012465
2.782491 0.720765 0.011515
2.799181 0.718935 0.011832
2.815832 0.732770 0.012944
2.832484 0.725711 0.011157
2.849005 0.722906 0.011904
2.865760 0.720041 0.011864
2.882379 0.708293 0.011326
2.899045 0.715841 0.012941
2.915631 0.716970 0.011997
2.932442 0.703568 0.010839
2.948950 0.703796 0.012275
2.965822 0.725370 0.012499
2.982439 0.719892 0.010813
2.999066 0.726547 0.012519
3.015609 0.737644 0.012516
3.032397 0.750905 0.012748
3.049040 0.752382 0.012065
3.065830 0.747534 0.011840
3.082254 0.738552 0.011638
3.099048 0.739374 0.012829
3.115629 0.728628 0.011585
3.132311 0.734018 0.012958
3.149005 0.730857 0.012243
3.165646 0.730584 0.012231
3.182280 0.731404 0.012511
3.199056 0.731883 0.012122
3.215596 0.717026 0.011193
3.232287 0.716399 0.012449
3.248877 0.702544 0.011168
3.265644 0.676471 0.010284
3.282237 0.709655 0.035439
3.298865 0.759026 0.012679
3.315570 0.768979 0.011275
3.332246 0.750086 0.011809
3.348832 0.727605 0.011646
3.365628 0.706909 0.011728
3.382221 0.713607 0.013005
3.398860 0.705488 0.010193
3.415952 0.714347 0.011307
3.432217 0.745156 0.012411
3.449222 0.748982 0.010786
3.465724 0.746433 0.011225
3.482227 0.714067 0.009545
3.498957 0.699751 0.012350
3.515480 0.681546 0.011155
3.532369 0.684278 0.012875
3.548869 0.704655 0.012945
3.565580 0.704668 0.011013
3.582228 0.702558 0.011097
3.598998 0.698896 0.011284
3.615628 0.691461 0.011066
3.632109 0.691907 0.011763
3.648852 0.677580 0.010836
3.665662 0.684910 0.012477
3.682087 0.698080 0.012224
3.698945 0.702798 0.011643
3.715470 0.693685 0.010514
3.732123 0.687818 0.011184
3.748830 0.684904 0.011497
3.765480 0.672057 0.010669
3.782198 0.672332 0.011793
3.799055 0.675207 0.011858
3.815435 0.668716 0.010625
3.832025 0.681039 0.012283
3.849091 0.683701 0.011501
3.865538 0.684313 0.011112
3.882104 0.688488 0.011523
3.898989 0.676534 0.010516
3.915541 0.684631 0.012120
3.932184 0.687777 0.011505
3.948736 0.697730 0.011960
3.965741 0.702264 0.011769
3.982164 0.687928 0.010132
3.998858 0.684415 0.011507
4.015511 0.681286 0.011412
4.031029 0.683411 0.010915
4.047632 0.690007 0.011866
4.064248 0.680870 0.010595
4.080979 0.685004 0.011909
4.097704 0.684500 0.011415
4.114246 0.675451 0.010646
4.131008 0.657995 0.010319
4.147585 0.641274 0.010395
4.164233 0.651794 0.012413
4.180991 0.663504 0.011970
4.198685 0.668289 0.011741
4.215326 0.671631 0.011052
4.232017 0.672188 0.010983
4.248721 0.669451 0.010860
4.265455 0.671633 0.011422
4.282954 0.664391 0.011140
4.298913 0.688868 0.012557
4.315479 0.699306 0.011444
4.331985 0.687275 0.009914
4.348868 0.694557 0.012228
4.365406 0.693597 0.011209
4.382047 0.686745 0.010984
4.398852 0.679849 0.011228
4.415444 0.665841 0.010548
4.432040 0.668688 0.011906
4.451349 0.662625 0.012680
4.465539 0.671521 0.010274
4.486212 0.656674 0.012126
4.499794 0.686204 0.010962
4.515677 0.708983 0.011593
4.532105 0.731742 0.012026
4.548517 0.738005 0.011072
4.565403 0.733625 0.011167
4.581939 0.723418 0.011049
4.598718 0.709101 0.011237
4.615374 0.700444 0.011730
4.632122 0.690104 0.011531
4.652113 0.667580 0.012657
4.665439 0.675681 0.009994
4.682024 0.680532 0.011710
4.698523 0.672155 0.010511
4.719148 0.646569 0.011840
4.731917 0.686131 0.011033
4.751598 0.688750 0.011895
4.765153 0.730315 0.011410
4.782539 0.744337 0.011581
4.798583 0.753402 0.011213
4.815452 0.738338 0.010475
4.831958 0.728334 0.011428
4.848562 0.723259 0.012059
4.865285 0.696215 0.010402
4.881805 0.680754 0.011429
4.898573 0.682263 0.012659
4.915338 0.667494 0.010783
4.931870 0.647446 0.010272
4.948624 0.650694 0.012150
4.965321 0.646159 0.010927
4.981980 0.659428 0.012133
4.998830 0.662558 0.011121
5.015458 0.673475 0.011619
Speed: 50
0.016494 0.012674 0.000178
0.033489 0.006112 0.000940
0.049837 0.008652 0.001194
0.066409 0.008456 0.000081
0.083308 0.009134 0.000996
0.100293 0.011832 0.001834
0.116641 0.028396 0.001140
0.133702 0.089290 0.004489
0.149867 0.190746 0.006904
0.167137 0.305989 0.007246
0.183006 0.429811 0.008315
0.199918 0.429811 0.000000
0.216866 0.652242 0.018720
0.233070 0.746716 0.010603
0.249726 0.828585 0.011723
0.266426 0.864221 0.010278
0.283033 0.894035 0.012393
0.299824 0.903243 0.012400
0.316286 0.883621 0.011712
0.333056 0.863278 0.012831
0.349612 0.837003 0.013000
0.366579 0.799873 0.012223
0.382970 0.776768 0.013481
0.399772 0.771047 0.014350
0.416226 0.766077 0.013290
0.433065 0.758361 0.013087
0.449568 0.789635 0.015374
0.466618 0.806778 0.013734
0.482998 0.817250 0.013328
0.499770 0.850017 0.015215
0.516229 0.880237 0.014877
0.532915 0.895307 0.014021
0.549630 0.910976 0.014709
0.566278 0.949379 0.016777
0.582869 0.957737 0.014615
0.599806 0.953901 0.014410
0.616229 0.935829 0.014046
0.632993 0.912080 0.014287
0.649651 0.895485 0.014867
0.666252 0.877106 0.014475
0.682937 0.843989 0.013926
0.699634 0.839902 0.014738
0.716237 0.873931 0.017385
0.732883 0.892158 0.015293
0.749548 0.897222 0.014264
0.766260 0.893463 0.013998
0.782935 0.894927 0.014882
0.799528 0.898396 0.014965
0.816225 0.890375 0.014146
0.832914 0.898674 0.015722
0.849514 0.892795 0.014412
0.866212 0.902509 0.016167
0.882841 0.915065 0.015663
0.899668 0.908357 0.013778
0.916195 0.915937 0.015559
0.933026 0.942775 0.017213
0.949592 0.904328 0.012629
0.966426 0.902409 0.015513
1.001448 0.902724 0.015663
1.005886 0.902724 0.000000
1.016267 0.903141 0.029429
1.033099 0.882243 0.015158
1.049684 0.874042 0.014227
1.066611 0.898545 0.015603
1.082888 0.903944 0.015155
1.099685 0.910104 0.014804
1.116240 0.916770 0.015086
1.133115 0.935910 0.016650
1.149592 0.932436 0.014162
1.167598 0.915473 0.014488
1.182662 0.911538 0.014805
1.199505 0.877734 0.015850
1.216189 0.896926 0.014530
1.234025 0.926203 0.015809
1.249463 0.926203 0.000000
1.266173 0.950903 0.029796
1.283723 0.920399 0.015611
1.299621 0.959827 0.013990
1.318819 0.991238 0.016462
1.334684 0.981940 0.016410
1.351579 1.009601 0.014111
1.366296 1.003153 0.014811
1.385548 0.990270 0.015174
1.399426 0.974135 0.015480
1.418020 0.947771 0.014724
1.432704 0.923221 0.015318
1.451283 0.863381 0.015107
1.466108 0.868853 0.014080
1.485020 0.864901 0.016234
1.499323 0.857569 0.015059
1.517957 0.833246 0.014898
1.533941 0.863970 0.014795
1.549722 0.923172 0.015545
1.568266 0.946389 0.014365
1.583686 0.971477 0.015660
1.600003 0.976528 0.014574
1.616877 0.983458 0.015612
1.633471 0.994341 0.016546
1.649705 0.970815 0.014070
1.667216 0.954585 0.015294
1.682701 0.937957 0.015551
1.699467 0.882510 0.015114
1.715957 0.907899 0.014515
1.732723 0.916521 0.015668
1.749887 0.900445 0.015293
1.766098 0.900445 0.000000
1.782638 0.884344 0.030277
1.806357 0.911676 0.014457
1.815916 0.930495 0.014962
1.832805 0.945313 0.015792
1.849249 0.939054 0.015092
1.865884 0.965117 0.015954
1.882507 0.969991 0.015226
1.899251 0.963440 0.014971
1.915871 0.966589 0.016180
1.932464 0.954297 0.014966
1.949382 0.900358 0.015763
1.966054 0.931726 0.014815
1.982570 0.946296 0.014846
1.999206 0.938374 0.014487
2.015942 0.911054 0.016442
2.032608 0.913175 0.015099
2.049099 0.942204 0.014533
2.065848 0.941258 0.014810
2.082482 0.959584 0.016294
2.099097 0.957373 0.014929
2.115835 0.943854 0.014649
2.132390 0.935977 0.015385
2.149122 0.894727 0.016448
2.165739 0.939611 0.014172
2.182408 0.958118 0.015672
2.200786 0.934143 0.014926
2.215717 0.974418 0.015339
2.232490 0.978542 0.014867
2.249127 0.978632 0.015323
2.269402 0.968419 0.015147
2.286411 0.952975 0.015070
2.301041 0.943777 0.015768
2.318805 0.916163 0.014260
2.333525 0.906788 0.015711
2.350258 0.908279 0.016129
2.366252 0.898333 0.015209
2.382407 0.886959 0.014454
2.399188 0.885264 0.015221
2.418232 0.885265 0.015212
2.432486 0.879223 0.014473
2.452346 0.892756 0.015951
2.465825 0.904214 0.015568
2.482457 0.902581 0.014830
2.502207 0.910837 0.014933
2.516850 0.900892 0.014201
2.532992 0.873196 0.014682
2.549206 0.904938 0.015296
2.565838 0.909135 0.014932
2.582378 0.899865 0.013649
2.600857 0.858288 0.034995
2.615764 0.881917 0.014114
2.635512 0.846680 0.013781
2.649162 0.842300 0.013375
2.665863 0.845408 0.015350
2.683300 0.836891 0.013962
2.699088 0.857610 0.014391
2.715732 0.887952 0.014677
2.732327 0.929076 0.015281
2.748940 0.941753 0.013480
2.765801 0.943695 0.014070
2.782331 0.931267 0.013879
2.799023 0.910736 0.014298
2.815625 0.886876 0.014197
2.832392 0.869205 0.014632
2.848958 0.859839 0.014678
2.865680 0.870326 0.015715
2.882358 0.878664 0.014829
2.898941 0.877879 0.013921
2.915565 0.878106 0.014369
2.932360 0.880599 0.014940
2.948962 0.886931 0.014937
2.965690 0.877127 0.014033
2.982381 0.885055 0.015523
2.999674 0.865655 0.013478
3.015899 0.871961 0.014895
3.035158 0.844702 0.014315
3.048993 0.871745 0.013884
3.067819 0.867263 0.015121
3.082304 0.892806 0.014056
3.099244 0.907854 0.015156
3.115725 0.910507 0.014181
3.132180 0.927314 0.015633
3.149009 0.913501 0.013753
3.165829 0.901915 0.014482
3.182194 0.899377 0.014961
3.198864 0.900325 0.015347
3.215586 0.885634 0.014090
3.232241 0.873918 0.014407
3.248798 0.858914 0.013997
3.265618 0.830934 0.013172
3.289802 0.774007 0.016726
3.301176 0.831648 0.012717
3.315624 0.871069 0.013227
3.332210 0.919120 0.015661
3.349051 0.935283 0.013810
3.365587 0.952178 0.014814
3.382293 0.948105 0.014034
3.398783 0.937029 0.014194
3.415409 0.896384 0.012561
3.432169 0.873663 0.014741
3.451070 0.830131 0.014717
3.465416 0.862323 0.015513
3.484788 0.832315 0.013710
3.502804 0.811468 0.014166
3.515482 0.849994 0.013104
3.532238 0.868248 0.014411
3.548826 0.888902 0.014777
3.565540 0.884325 0.013192
3.582174 0.883733 0.014177
3.598886 0.894372 0.015353
3.615463 0.891524 0.014172
3.632675 0.880711 0.014334
3.648809 0.882923 0.014659
3.665932 0.878522 0.014843
3.682401 0.889781 0.015507
3.698758 0.893297 0.014509
3.715303 0.877825 0.013351
3.732035 0.871430 0.014601
3.748703 0.861249 0.014241
3.765431 0.850097 0.014135
3.781917 0.849139 0.014573
3.798744 0.842443 0.014165
3.815302 0.842402 0.014355
3.831975 0.833765 0.013601
3.848546 0.857031 0.015950
3.866985 0.842639 0.013860
3.882164 0.856795 0.013885
3.898909 0.875321 0.015288
3.915594 0.892087 0.015014
3.932228 0.884402 0.013353
3.948828 0.897645 0.015447
3.965670 0.882566 0.013386
3.982179 0.879315 0.014549
3.998914 0.872569 0.014425
4.015588 0.870444 0.014764
4.032259 0.876347 0.015272
4.048840 0.857960 0.013071
4.065928 0.848893 0.014587
4.082251 0.846400 0.014239
4.101931 0.821593 0.014979
4.115491 0.876697 0.015144
4.132183 0.886372 0.013516
4.148893 0.908125 0.015251
4.165471 0.925693 0.015030
4.182215 0.920026 0.013769
4.198961 0.908425 0.014061
4.215406 0.889989 0.013805
4.232243 0.874683 0.014543
4.248818 0.881101 0.015843
4.265415 0.862615 0.013587
4.281973 0.857614 0.014616
4.298675 0.854839 0.014631
4.315070 0.854839 0.000000
4.331790 0.848751 0.028806
4.348543 0.847110 0.014379
4.365182 0.851683 0.014770
4.381752 0.863925 0.014984
4.398525 0.858367 0.013576
4.415144 0.868373 0.014938
4.431813 0.889691 0.015672
4.448596 0.899261 0.014695
4.467036 0.878419 0.013866
4.481986 0.901442 0.014883
4.498668 0.914143 0.015252
4.515369 0.913769 0.014431
4.532052 0.910867 0.014634
4.548642 0.884855 0.013069
4.565479 0.893574 0.016415
4.582005 0.885497 0.014302
4.598617 0.880726 0.014682
4.615400 0.885283 0.015493
4.632057 0.889144 0.015074
4.648600 0.884212 0.014217
4.665272 0.854441 0.012597
4.682003 0.854441 0.000000
4.698646 0.854441 0.000000
4.715199 0.833578 0.047543
4.731994 0.833578 0.000000
4.748634 0.797305 0.025384
4.765217 0.797305 0.000000
4.781961 0.800260 0.030994
4.798599 0.800014 0.014211
4.815208 0.812441 0.014448
4.832041 0.841615 0.015561
4.848536 0.847215 0.013182
4.865377 0.891235 0.016851
4.881924 0.889897 0.012830
4.900114 0.889897 0.000000
4.915255 0.919734 0.030669
4.931922 0.933132 0.015410
4.949368 0.925041 0.014652
4.966718 0.900540 0.013896
4.981671 0.915980 0.015110
4.998804 0.900721 0.014283
5.017550 0.853653 0.013331
Speed: 60
0.016577 0.021285 0.000333
0.033415 0.021877 0.000243
0.049858 0.020155 0.000907
0.066545 0.003626 0.001142
0.086605 0.001108 0.000480
0.099740 0.019709 0.001182
0.116226 0.026618 0.001230
0.132985 0.090367 0.004923
0.149661 0.179466 0.005658
0.166228 0.315544 0.008814
0.183015 0.446298 0.008380
0.199606 0.597038 0.011052
0.216228 0.726319 0.010719
0.232957 0.835593 0.011533
0.249614 0.949523 0.014490
0.266256 0.997636 0.011569
0.285013 1.020728 0.013801
0.299521 1.057798 0.014394
0.316399 1.041094 0.014615
0.336609 1.031925 0.013190
0.352709 1.003971 0.014949
0.366287 0.972437 0.015099
0.382965 0.933782 0.014860
0.399740 0.923724 0.017087
0.416103 0.902090 0.014899
0.432830 0.894330 0.015992
0.449468 0.907744 0.016789
0.466242 0.911368 0.015439
0.482692 0.953249 0.018294
0.499462 0.982984 0.016676
0.516116 1.013391 0.016848
0.532965 1.013444 0.016364
0.549345 1.058436 0.017436
0.566299 1.078344 0.016982
0.583710 1.106219 0.018288
0.599425 1.103086 0.016383
0.616155 1.096440 0.017045
0.632871 1.070345 0.016358
0.649433 1.090787 0.019928
0.671247 1.075348 0.016856
0.682944 1.042443 0.015805
0.699522 1.040918 0.018475
0.716217 1.040030 0.018038
0.732973 1.026215 0.016790
0.749530 1.045779 0.019142
0.766191 1.067395 0.018679
0.782965 1.059270 0.016535
0.799571 1.042784 0.016132
0.816206 1.061599 0.019218
0.832916 1.068616 0.017874
0.849548 1.070467 0.017444
0.873513 1.045773 0.016937
0.884700 1.072690 0.018524
0.906007 1.071623 0.017496
0.918404 1.071623 0.000000
0.932600 1.092163 0.037041
0.949439 1.074808 0.016411
0.969657 1.072323 0.018162
0.982785 1.092787 0.019948
0.999436 1.087658 0.017198
1.016281 1.087658 0.000000
1.032758 1.080825 0.034814
1.049567 1.086411 0.018483
1.066117 1.086411 0.000000
1.082841 1.079859 0.035697
1.099565 1.093611 0.019118
1.116229 1.075730 0.016542
1.132751 1.068153 0.017785
1.149343 1.100719 0.019035
1.166079 1.112590 0.018406
1.182763 1.111457 0.017461
1.200928 1.102683 0.017439
1.215951 1.110747 0.019124
1.232740 1.115115 0.018545
1.249840 1.107647 0.017750
1.266273 1.090271 0.017540
1.282893 1.092938 0.019139
1.299285 1.091005 0.017950
1.316025 1.086560 0.018329
1.332626 1.083455 0.017818
1.349448 1.086730 0.018629
1.365902 1.083260 0.017799
1.382936 1.079175 0.018021
1.403188 1.070498 0.017356
1.417086 1.074181 0.018679
1.432556 1.078196 0.018188
1.449229 1.081293 0.018250
1.465758 1.075880 0.017635
1.482759 1.086751 0.018747
1.499104 1.102717 0.018987
1.515771 1.108874 0.018170
1.532380 1.112468 0.018280
1.549204 1.105204 0.017435
1.565831 1.110250 0.018882
1.582461 1.107663 0.018127
1.599159 1.093951 0.018738
1.615764 1.109929 0.018339
1.632360 1.111277 0.019568
1.649166 1.095832 0.017250
1.665771 1.127077 0.019271
1.682535 1.131618 0.020120
1.699142 1.119226 0.016949
1.715841 1.098234 0.017429
1.732371 1.106923 0.019272
1.749043 1.101075 0.018308
1.765731 1.113024 0.018072
1.782449 1.101464 0.017195
1.799619 1.104299 0.018668
1.817649 1.098346 0.018207
1.832895 1.079746 0.016915
1.849440 1.070022 0.018433
1.866265 1.052424 0.018699
1.883136 1.037970 0.017448
1.898978 1.062718 0.017684
1.916035 1.097830 0.020458
1.932427 1.104412 0.018640
1.949839 1.064641 0.016148
1.965631 1.132639 0.018534
1.982419 1.164436 0.018612
1.999819 1.184171 0.018411
2.015834 1.186886 0.018282
2.032480 1.201243 0.019742
2.049222 1.157216 0.016733
2.065820 1.152977 0.018548
2.082569 1.139974 0.018999
2.099158 1.117903 0.017836
2.115908 1.092169 0.018117
2.132521 1.088328 0.019274
2.149247 1.087772 0.018878
2.165802 1.072119 0.017330
2.182535 1.069314 0.018486
2.199417 1.067658 0.018027
2.215945 1.081934 0.019383
2.232413 1.077879 0.017321
2.249276 1.091561 0.019024
2.265817 1.077121 0.037567
2.282546 1.072237 0.015758
2.299163 1.046881 0.016303
2.315884 1.064040 0.020391
2.332425 1.019219 0.014497
2.349581 1.004088 0.018749
2.366365 1.011310 0.018209
2.383800 1.006697 0.016808
2.398903 1.021068 0.015592
2.415657 1.036762 0.017230
2.432236 1.065856 0.018254
2.449015 1.070307 0.016789
2.465611 1.098928 0.019098
2.483070 1.098026 0.017642
2.499218 1.108798 0.018040
2.517669 1.084501 0.017441
2.532363 1.109962 0.017859
2.548910 1.096378 0.016478
2.565548 1.085284 0.017377
2.582911 1.058084 0.017084
2.599346 1.048028 0.017714
2.615765 1.048601 0.018092
2.632408 1.043497 0.017546
2.649149 1.045245 0.017981
2.665584 1.034093 0.016473
2.682864 1.026827 0.017789
2.699044 1.033157 0.017522
2.716156 1.016506 0.016329
2.732630 1.019734 0.017470
2.749805 1.000665 0.016158
2.767713 0.996881 0.018426
2.783412 1.014958 0.017348
2.799343 1.047905 0.018228
2.816397 1.052616 0.016797
2.832473 1.065791 0.017106
2.849546 1.071119 0.017689
2.865563 1.068655 0.016434
2.890268 0.997759 0.017944
2.898748 1.157550 0.015027
2.915436 1.278380 0.018635
2.932136 1.363942 0.018820
2.948841 1.396238 0.017799
2.965495 1.376619 0.017010
2.982214 1.322767 0.017182
2.998846 1.246173 0.017155
3.015622 1.151909 0.016814
3.032036 1.068111 0.017200
3.048683 0.978321 0.016204
3.065436 0.924288 0.018047
3.082034 0.881562 0.016706
3.098668 0.883217 0.018528
3.115404 0.915840 0.019128
3.132066 0.929939 0.016104
3.148614 0.959229 0.017037
3.165396 1.012071 0.018815
3.182033 1.038010 0.016387
3.198694 1.047393 0.016080
3.215254 1.068322 0.017571
3.232027 1.095098 0.018539
3.248633 1.107526 0.017528
3.265398 1.094858 0.016351
3.281999 1.100801 0.018432
3.298782 1.100329 0.018131
3.315284 1.078630 0.016411
3.330917 1.058792 0.016017
3.347482 1.044585 0.017472
3.364149 1.029842 0.017299
3.381047 1.024184 0.017978
3.397547 1.017764 0.017081
3.414163 1.013255 0.017135
3.430747 1.031664 0.018707
3.447635 1.038786 0.017541
3.464120 1.051729 0.017696
3.480746 1.064253 0.017773
3.497489 1.050768 0.016030
3.514350 1.054025 0.018078
3.530747 1.053632 0.017185
3.547597 1.051623 0.017583
3.564095 1.059956 0.018048
3.580874 1.062275 0.017716
3.597499 1.057067 0.017042
3.614093 1.068660 0.018473
3.630733 1.076063 0.017965
3.648437 1.064274 0.017599
3.665200 1.045199 0.016531
3.681799 1.044927 0.018030
3.698517 1.031650 0.016857
3.715178 1.023164 0.017187
3.731804 1.034318 0.018485
3.748539 1.053566 0.018704
3.765172 1.048334 0.016455
3.781926 1.044658 0.017114
3.798530 1.036015 0.016732
3.815142 1.036015 0.000000
3.831777 1.033249 0.035262
3.848409 1.033249 0.000000
3.865051 1.034677 0.035415
3.881884 1.052464 0.018855
3.898383 1.065488 0.017814
3.915039 1.049611 0.015869
3.931783 1.041418 0.017128
3.948381 1.053489 0.018559
3.964997 1.054645 0.017375
3.981800 1.072056 0.018937
3.998400 1.075767 0.017430
4.015000 1.060965 0.016348
4.031629 1.065929 0.018285
4.048520 1.069767 0.018282
4.065024 1.075329 0.017941
4.081631 1.059503 0.016416
4.098370 1.051388 0.017524
4.115019 1.066115 0.019099
4.131629 1.076254 0.018205
4.148361 1.056206 0.016002
4.164962 1.056206 0.000000
4.181644 1.053208 0.036341
4.198387 1.044176 0.017281
4.214971 1.057476 0.018749
Speed: 70
0.016708 0.002490 0.000414
0.033424 0.011881 0.001003
0.050142 0.003260 0.000906
0.066751 0.000125 0.000132
0.083448 0.006595 0.000606
0.099890 0.012591 0.001521
0.116948 0.072248 0.004380
0.133252 0.121888 0.002749
0.149927 0.227535 0.007279
0.166698 0.356896 0.008895
0.185374 0.487910 0.009092
0.199871 0.632408 0.011060
0.216763 0.766007 0.011881
0.233266 0.890023 0.013349
0.249914 0.996393 0.014261
0.266539 1.076512 0.014632
0.283579 1.110259 0.014605
0.300115 1.130929 0.014018
0.316693 1.119087 0.016774
0.333270 1.126530 0.015325
0.350145 1.107643 0.016558
0.366740 1.088655 0.018521
0.383335 1.068091 0.016172
0.399871 1.041789 0.016636
0.416536 1.045414 0.019127
0.433263 1.051033 0.018254
0.449963 1.068588 0.019092
0.466497 1.096651 0.019381
0.483425 1.102702 0.017381
0.499858 1.136735 0.020216
0.516545 1.139858 0.017630
0.533093 1.162717 0.019807
0.549873 1.186644 0.020036
0.566725 1.175636 0.017539
0.583160 1.200243 0.021090
0.600113 1.202106 0.019245
0.617166 1.204777 0.019590
0.633048 1.187333 0.018467
0.649962 1.201767 0.021248
0.666553 1.203669 0.019832
0.683976 1.191967 0.018965
0.699830 1.184749 0.020985
0.720064 1.201740 0.020613
0.733067 1.219036 0.020360
0.749824 1.225418 0.019950
0.766554 1.234380 0.020388
0.783410 1.233843 0.020090
0.799778 1.245578 0.021109
0.817191 1.242827 0.019924
0.833584 1.258011 0.021777
0.850464 1.245120 0.019377
0.866883 1.255702 0.021630
0.883596 1.260890 0.021066
0.900105 1.266114 0.021070
0.916463 1.251427 0.019668
0.933104 1.246938 0.020934
0.949803 1.231145 0.019823
0.966410 1.243654 0.022099
0.983202 1.238398 0.020414
0.999764 1.258211 0.022178
1.022090 1.254102 0.020025
1.035397 1.277723 0.022650
1.052613 1.282414 0.020701
1.068797 1.287769 0.021229
1.083031 1.271937 0.020018
1.099830 1.283499 0.022120
1.116314 1.289765 0.021794
1.132913 1.286033 0.021024
1.149660 1.283975 0.021161
1.166316 1.286196 0.021410
1.182916 1.278314 0.021024
1.199666 1.277258 0.021289
1.216430 1.239908 0.020188
1.232901 1.258922 0.021220
1.250835 1.239347 0.022309
1.266268 1.280304 0.020346
1.283724 1.290730 0.020796
1.299526 1.303344 0.021430
1.318931 1.311779 0.021398
1.332863 1.303256 0.020601
1.350799 1.315140 0.022432
1.366360 1.301837 0.020514
1.382902 1.280114 0.021069
1.399706 1.245075 0.020844
1.416436 1.254486 0.020837
1.432925 1.273091 0.022428
1.449622 1.272509 0.021170
1.466289 1.285686 0.021950
1.482964 1.308085 0.022084
1.499566 1.283223 0.021376
1.517180 1.317865 0.020824
1.533049 1.285312 0.020850
1.549569 1.316926 0.020233
1.566182 1.340029 0.022557
1.583004 1.356369 0.022570
1.599518 1.320405 0.020063
1.616228 1.321146 0.021135
1.632902 1.295492 0.022070
1.649596 1.320789 0.021564
1.666129 1.273255 0.019623
1.682975 1.276430 0.021465
1.699716 1.276430 0.000000
1.716295 1.272431 0.042752
1.732825 1.264075 0.021244
1.749643 1.204552 0.021823
1.766264 1.295127 0.021631
1.782877 1.362412 0.022523
1.799714 1.394086 0.021022
1.817379 1.398526 0.020432
1.832774 1.387729 0.020927
1.852515 1.392650 0.023035
1.866153 1.373591 0.021310
1.886279 1.335056 0.020474
1.899534 1.311702 0.021939
1.916470 1.275753 0.020629
1.932758 1.261646 0.022326
1.949692 1.232172 0.020181
1.966165 1.178780 0.018229
1.982816 1.135770 0.040215
1.999496 1.126294 0.019603
2.016169 1.114881 0.020023
2.032942 1.104395 0.019843
2.049714 1.108299 0.020576
2.067963 1.099385 0.019768
2.083059 1.163720 0.020976
2.101701 1.213028 0.021681
2.116546 1.261030 0.018377
2.135493 1.292178 0.021686
2.149365 1.377905 0.021532
2.166309 1.385397 0.019161
2.182774 1.388224 0.020524
2.200455 1.356420 0.020405
2.216040 1.339877 0.020410
2.233045 1.299260 0.020215
2.249399 1.267470 0.020320
2.266273 1.237668 0.020856
2.282943 1.214138 0.020692
2.299660 1.197292 0.020799
2.316008 1.170420 0.019057
2.332831 1.173004 0.021586
2.350299 1.146243 0.019221
2.366126 1.160651 0.020249
2.385136 1.154750 0.021599
2.399459 1.196234 0.019329
2.418463 1.209096 0.021709
2.432608 1.268713 0.020037
2.449365 1.307373 0.021169
2.465903 1.310299 0.019059
2.482752 1.298437 0.019623
2.499633 1.283773 0.020465
2.516475 1.260085 0.020147
2.532592 1.237022 0.019499
2.549494 1.210934 0.020214
2.566147 1.200937 0.020917
2.583582 1.174642 0.020049
2.600737 1.173552 0.021524
2.617184 1.170741 0.019800
2.634484 1.162593 0.020100
2.649377 1.188832 0.019487
2.669462 1.162821 0.020416
2.682618 1.238509 0.020130
2.704492 1.231354 0.021089
2.716025 1.328763 0.018679
2.733154 1.389330 0.021766
2.750244 1.417470 0.021043
2.766647 1.397267 0.018643
2.783225 1.381976 0.021082
2.799825 1.346535 0.020329
2.816147 1.307218 0.020239
2.833591 1.226384 0.018560
2.850251 1.179680 0.020470
2.866722 1.141942 0.019877
2.885679 1.090671 0.021033
2.899520 1.120928 0.019053
2.915885 1.154073 0.021046
2.933217 1.170424 0.020206
2.949244 1.196504 0.019805
2.965754 1.249431 0.022322
2.983688 1.254789 0.019926
2.999164 1.274435 0.019578
3.017528 1.268788 0.021200
3.032393 1.294846 0.020191
3.050373 1.277450 0.020405
3.065829 1.262658 0.018639
3.084735 1.236326 0.022243
3.099157 1.260752 0.020228
3.120797 1.198036 0.020344
3.133457 1.235432 0.018153
3.149613 1.276549 0.022076
3.173293 1.210025 0.019241
3.185121 1.325413 0.020867
3.201625 1.399407 0.022357
3.215723 1.464359 0.020239
3.232635 1.465275 0.019542
3.249115 1.445802 0.020163
3.265820 1.405522 0.020455
3.282490 1.369485 0.021723
3.299277 1.311198 0.020286
3.316051 1.257321 0.020728
3.332515 1.212523 0.020474
3.351599 1.132351 0.020310
3.366119 1.154187 0.020858
3.383634 1.135886 0.019973
3.399165 1.173994 0.021339
3.418031 1.187564 0.022275
3.432615 1.248013 0.020708
3.451556 1.234929 0.018980
3.465655 1.337530 0.023418
3.482558 1.337530 0.000000
3.499066 1.337530 0.000000
3.515808 1.481718 0.058390
3.532424 1.503964 0.022417
3.549169 1.482410 0.020887
3.565751 1.429512 0.019972
3.582569 1.429512 0.000000
3.599103 1.352697 0.041848
3.615702 1.296062 0.020246
3.632465 1.224390 0.019208
Speed: 80
0.016470 0.003830 0.000245
0.033119 0.001698 0.000350
0.049798 0.008793 0.000756
0.066607 0.011266 0.000064
0.083012 0.002185 0.000894
0.100016 0.001503 0.000187
0.116502 0.045563 0.003246
0.133404 0.101743 0.003426
0.152827 0.207559 0.007361
0.166395 0.330563 0.008401
0.185766 0.492928 0.011433
0.199660 0.618591 0.008961
0.219360 0.756687 0.011807
0.233063 0.892460 0.013428
0.249687 1.006003 0.014157
0.266439 1.096358 0.015026
0.283078 1.178779 0.017285
0.299678 1.234569 0.017381
0.316481 1.238974 0.015763
0.333019 1.222171 0.016680
0.349913 1.199143 0.019518
0.366480 1.168879 0.017902
0.383240 1.142467 0.018753
0.402035 1.125055 0.018968
0.416227 1.106780 0.019354
0.436328 1.142349 0.019960
0.449728 1.145646 0.020497
0.468982 1.198338 0.021741
0.483060 1.223796 0.020600
0.502060 1.250124 0.019633
0.520025 1.278873 0.021785
0.532920 1.301773 0.021113
0.549622 1.339298 0.021978
0.571095 1.360769 0.021806
0.582805 1.381407 0.020950
0.602904 1.380843 0.022504
0.616305 1.394737 0.022500
0.635657 1.361218 0.022530
0.649569 1.363622 0.021911
0.668637 1.385896 0.023668
0.682881 1.365144 0.021601
0.702109 1.371217 0.022434
0.716207 1.360658 0.022979
0.734908 1.329491 0.022090
0.749781 1.347086 0.022768
0.768982 1.357838 0.022719
0.783889 1.356222 0.022651
0.800690 1.408308 0.024345
0.816253 1.437068 0.023728
0.832913 1.456082 0.023119
0.849538 1.466339 0.023448
0.866312 1.470557 0.023503
0.882883 1.453265 0.022633
0.899532 1.433205 0.022742
0.916300 1.433597 0.024695
0.935035 1.369601 0.023256
0.950044 1.371660 0.022441
0.966508 1.387065 0.024609
0.982973 1.414239 0.024742
1.000046 1.425300 0.023120
1.016029 1.447935 0.023204
1.032873 1.462644 0.024192
1.051762 1.417735 0.023583
1.066627 1.437991 0.022878
1.082816 1.481034 0.024087
1.099469 1.495372 0.023793
1.116025 1.497969 0.024201
1.132917 1.490019 0.023181
1.149526 1.479696 0.024243
1.166067 1.454688 0.022763
1.182922 1.428234 0.023672
1.199516 1.435332 0.025122
1.217306 1.400312 0.023423
1.232781 1.416834 0.024088
1.249496 1.437698 0.024981
1.266099 1.435518 0.023290
1.282723 1.451320 0.024749
1.299502 1.446205 0.023094
1.317415 1.456810 0.024866
1.332838 1.464072 0.024491
1.351016 1.464944 0.023908
1.366269 1.503231 0.025131
1.382931 1.511379 0.024130
1.399621 1.530922 0.025498
1.416258 1.522345 0.023862
1.431562 1.501302 0.023342
1.449779 1.481792 0.024043
1.464920 1.467353 0.024657
1.481626 1.441829 0.023433
1.498137 1.426942 0.024124
1.515456 1.419695 0.024613
1.532287 1.420235 0.024442
1.548605 1.426367 0.024454
1.564884 1.437781 0.024700
1.582704 1.434250 0.023299
1.599361 1.419608 0.024232
1.619024 1.429836 0.024995
1.635948 1.435539 0.024111
1.649169 1.457129 0.025086
1.665920 1.453893 0.023680
1.682538 1.460766 0.024398
1.699252 1.479460 0.024955
1.715831 1.478358 0.024190
1.734063 1.485044 0.024426
1.749186 1.484744 0.024532
1.768429 1.469832 0.023567
1.782755 1.457672 0.024944
1.799653 1.384589 0.040329
1.816010 1.365499 0.022332
1.834199 1.324264 0.023571
1.849368 1.306102 0.021461
1.866062 1.304333 0.024279
1.885516 1.285038 0.024790
1.899450 1.334609 0.021359
1.916001 1.384465 0.023672
1.931484 1.441502 0.022817
1.948243 1.484466 0.023638
1.964796 1.508067 0.023161
1.981484 1.522491 0.023866
1.998217 1.519943 0.023656
2.014843 1.485837 0.021933
2.031444 1.456556 0.023251
2.048046 1.440701 0.024376
2.068839 1.341434 0.022378
2.082798 1.346949 0.021352
2.099535 1.364209 0.025241
2.116062 1.371410 0.023345
2.132931 1.358800 0.022010
2.149214 1.370718 0.023314
2.165992 1.380990 0.023568
2.182578 1.394037 0.023394
2.201102 1.371838 0.023072
2.216019 1.391458 0.022037
2.233008 1.398168 0.023536
2.249248 1.421588 0.023911
2.265952 1.415787 0.022202
2.282578 1.401731 0.022121
2.299356 1.398572 0.023568
2.315852 1.411552 0.024329
2.332675 1.393610 0.022090
2.349188 1.377661 0.022258
2.365916 1.386449 0.024486
2.382585 1.403352 0.024481
2.399224 1.388601 0.021718
2.419044 1.325036 0.022140
2.432646 1.387056 0.023141
2.449192 1.431195 0.024716
2.465756 1.437628 0.021913
2.482572 1.444784 0.023318
2.499052 1.452143 0.023457
2.515969 1.431971 0.022285
2.532387 1.420591 0.022954
2.549352 1.411407 0.023946
2.565958 1.403462 0.023407
2.582494 1.385761 0.022423
2.599086 1.352916 0.021376
2.615748 1.340652 0.023154
2.632441 1.364418 0.025413
2.649514 1.366351 0.023225
2.665736 1.372114 0.022429
2.682417 1.374967 0.022820
2.698947 1.406124 0.024836
2.715798 1.412580 0.022984
2.732375 1.389236 0.020922
2.748982 1.393461 0.023780
2.765700 1.411361 0.024705
2.782434 1.405599 0.022578
2.804806 1.329454 0.023483
2.815817 1.478680 0.022921
2.832373 1.561272 0.024087
2.848958 1.606143 0.023181
2.865800 1.613290 0.022916
2.882400 1.607328 0.023797
2.898961 1.585259 0.023891
2.915651 1.521026 0.021770
2.933823 1.443944 0.023936
2.948806 1.439972 0.024178
2.965483 1.400657 0.022902
2.982195 1.356071 0.022280
2.998873 1.348343 0.024642
3.015472 1.341061 0.023410
3.032240 1.337379 0.023307
3.048811 1.345946 0.023468
3.065487 1.338373 0.021910
3.082025 1.371961 0.024921
3.098838 1.389179 0.023424
3.115417 1.418061 0.024139
3.132122 1.416722 0.022098
3.148762 1.416722 0.000000
3.165471 1.441116 0.048074
3.182042 1.441116 0.000000
3.198937 1.461184 0.048177
3.215440 1.474066 0.024370
3.232051 1.455260 0.022264
3.250313 1.417361 0.023706
3.265487 1.442504 0.024303
3.282068 1.461054 0.025051
3.298723 1.441430 0.022081
Speed: 90
0.016619 0.031454 0.000776
0.033200 0.013549 0.001623
0.049977 0.017619 0.000955
0.066609 0.021905 0.000329
0.083207 0.015664 0.000734
0.099939 0.025628 0.002385
0.116578 0.046083 0.005027
0.133195 0.102763 0.003772
0.149852 0.218139 0.007657
0.166564 0.382370 0.011353
0.183144 0.462870 0.005179
0.199866 0.574021 0.009285
0.216601 0.704241 0.012270
0.233189 0.831176 0.013372
0.249811 0.970092 0.016126
0.266599 1.096943 0.016923
0.283205 1.199765 0.017281
0.299825 1.255485 0.016420
0.316562 1.302776 0.018507
0.333198 1.325607 0.019151
0.349809 1.327315 0.019021
0.366404 1.323913 0.020255
0.383136 1.285841 0.018521
0.399843 1.256523 0.020475
0.416426 1.219541 0.020903
0.433179 1.258056 0.023577
0.449807 1.243167 0.019044
0.466420 1.261016 0.022645
0.483193 1.295470 0.024674
0.499714 1.311375 0.021639
0.516227 1.329195 0.021963
0.533213 1.374216 0.024225
0.549629 1.400019 0.022933
0.566411 1.440140 0.022506
0.582906 1.478823 0.024444
0.599900 1.514872 0.024835
0.617231 1.556206 0.025828
0.633620 1.534370 0.021716
0.650125 1.512164 0.023183
0.666302 1.508577 0.025502
0.683059 1.517149 0.026203
0.699688 1.501672 0.023905
0.716384 1.489265 0.024472
0.732971 1.485603 0.025282
0.749730 1.487669 0.025636
0.766272 1.481193 0.024108
0.782982 1.493134 0.026039
0.799551 1.516870 0.026297
0.816403 1.469800 0.022472
0.832846 1.485108 0.026732
0.849594 1.548877 0.027302
0.866272 1.585478 0.025897
0.883093 1.597174 0.025203
0.899500 1.604316 0.025427
0.916272 1.609698 0.026251
0.932905 1.606139 0.025676
0.949589 1.602899 0.026405
0.966208 1.613794 0.027268
0.983152 1.605380 0.025971
0.999497 1.592945 0.025799
1.016187 1.582784 0.026329
1.032849 1.563851 0.025515
1.049541 1.552131 0.026117
1.066104 1.548707 0.026275
1.082916 1.558878 0.027280
1.099529 1.552764 0.025332
1.116179 1.546300 0.025611
1.132950 1.567509 0.027701
1.149606 1.594928 0.027510
1.166292 1.596942 0.025507
1.191612 1.602439 0.026462
1.199610 1.607573 0.027035
1.216108 1.620811 0.026759
1.232750 1.603673 0.025643
1.249446 1.622336 0.027676
1.266252 1.636158 0.027905
1.282850 1.647110 0.027033
1.299596 1.657799 0.028207
1.316185 1.633426 0.025508
1.332791 1.626947 0.026104
1.349599 1.633094 0.028164
1.366102 1.633006 0.027019
1.382819 1.632645 0.027368
1.399311 1.615883 0.025784
1.416214 1.614241 0.027311
1.432743 1.605179 0.027337
1.449464 1.590929 0.025943
1.466116 1.595160 0.027554
1.482855 1.616077 0.028571
1.499351 1.609007 0.025701
1.516191 1.631115 0.028084
1.532799 1.621206 0.026035
1.551563 1.640919 0.028072
1.566103 1.643892 0.026674
1.585113 1.660542 0.028100
1.599366 1.678710 0.028232
1.618673 1.675794 0.026864
1.632714 1.664109 0.026531
1.649353 1.610937 0.041796
1.665966 1.559882 0.023681
1.682710 1.513076 0.025111
1.699312 1.461105 0.025189
1.715984 1.449214 0.026944
1.732707 1.431976 0.025169
1.749414 1.453461 0.026417
1.766035 1.480748 0.025331
1.782753 1.528023 0.026542
1.799359 1.574947 0.026317
1.815994 1.587296 0.024411
1.832568 1.610171 0.026267
1.849355 1.623763 0.026511
1.865947 1.621786 0.025631
1.882643 1.604179 0.025109
1.899290 1.587351 0.025631
1.915995 1.568981 0.025724
1.932558 1.541651 0.024794
1.949362 1.536364 0.026864
1.965932 1.536245 0.026355
1.982717 1.518026 0.024847
1.999318 1.505447 0.025098
2.016073 1.512502 0.026687
2.032541 1.502205 0.024280
2.049153 1.491267 0.024521
2.065921 1.491036 0.025556
2.082632 1.515500 0.027058
2.099157 1.527245 0.025234
2.115938 1.517483 0.024106
2.132565 1.530796 0.026217
2.149186 1.531354 0.025075
2.165976 1.545775 0.026546
2.182545 1.539351 0.024533
2.199179 1.544606 0.025942
2.215933 1.534984 0.024910
2.232519 1.535607 0.025704
2.249176 1.539894 0.025974
2.265805 1.541607 0.025644
2.282762 1.528395 0.025073
2.299232 1.532065 0.025827
2.315980 1.521667 0.024950
2.332669 1.495433 0.023744
2.349253 1.491940 0.025553
2.365875 1.489733 0.025229
2.382728 1.493992 0.025788
2.399215 1.497798 0.024918
2.415942 1.505931 0.025553
2.432569 1.523095 0.025988
2.449291 1.536239 0.025706
2.465753 1.555665 0.025940
2.482497 1.555458 0.024951
2.499101 1.554379 0.025223
2.515825 1.550654 0.025482
2.532366 1.539202 0.024800
2.549155 1.538643 0.026199
2.565724 1.551526 0.026680
2.582411 1.538026 0.024540
2.599137 1.534957 0.025784
2.615806 1.520594 0.024746
2.634108 1.489351 0.025944
2.649054 1.524614 0.025670
2.665880 1.542444 0.026263
2.685135 1.517083 0.026176
2.699084 1.563843 0.024293
2.716070 1.595337 0.027153
2.732482 1.606879 0.025166
2.749348 1.633468 0.027722
2.765817 1.633468 0.000000
2.782702 1.639313 0.048949
2.799119 1.669454 0.028296
2.816068 1.665631 0.026468
2.832509 1.650552 0.025657
2.849491 1.590968 0.023770
2.867031 1.567170 0.028445
2.882517 1.539065 0.023851
2.902068 1.539065 0.000000
2.915628 1.506202 0.053573
2.935019 1.444085 0.025756
2.949041 1.484154 0.024609
2.965759 1.527640 0.027806
2.982330 1.566412 0.026634
2.999039 1.608355 0.027228
Speed: 100
0.016804 0.004333 0.000628
0.033320 0.022556 0.001418
0.050021 0.022560 0.000559
0.066599 0.013674 0.000560
0.083363 0.009463 0.000374
0.099946 0.009599 0.000537
0.116728 0.054732 0.003686
0.133338 0.136954 0.005142
0.149934 0.237607 0.006199
0.170913 0.380242 0.009447
0.183293 0.540955 0.011001
0.199872 0.651340 0.008196
0.217416 0.781973 0.012439
0.233084 0.931523 0.015843
0.252765 1.046347 0.015035
0.266616 1.139682 0.015917
0.285489 1.215742 0.017278
0.299950 1.311403 0.021241
0.316515 1.319890 0.016074
0.333126 1.305915 0.017506
0.349861 1.326211 0.021993
0.366451 1.314905 0.019815
0.383125 1.315397 0.021802
0.399878 1.288498 0.021309
0.416509 1.293598 0.022337
0.433092 1.325688 0.024285
0.449760 1.362356 0.022344
0.466497 1.390291 0.024304
0.483276 1.423564 0.024074
0.501538 1.462480 0.024304
0.516540 1.482417 0.024614
0.535540 1.517858 0.024633
0.549722 1.536185 0.025944
0.566453 1.565497 0.024430
0.583070 1.590669 0.026239
0.599736 1.613042 0.026495
0.616491 1.612021 0.025361
0.634259 1.614736 0.026009
0.649725 1.600375 0.027237
0.666381 1.612255 0.025876
0.683058 1.608773 0.026562
0.699724 1.613095 0.027083
0.716317 1.608273 0.026457
0.733119 1.635948 0.028664
0.749659 1.626156 0.025244
0.766278 1.644382 0.027007
0.783027 1.658202 0.027145
0.800589 1.681046 0.028536
0.816632 1.688543 0.027322
0.833857 1.688074 0.027378
0.849826 1.702708 0.028694
0.866452 1.711996 0.028368
0.883194 1.684302 0.026867
0.899947 1.658730 0.027139
0.916452 1.690252 0.029146
0.933211 1.698161 0.028415
0.949736 1.688102 0.026932
0.966480 1.708051 0.029546
0.983082 1.713212 0.028285
1.000289 1.711058 0.028122
1.016435 1.714437 0.028363
1.033678 1.720152 0.028842
1.049715 1.731163 0.029195
1.066560 1.734938 0.028441
1.083079 1.717905 0.027479
1.099800 1.716090 0.028637
1.116456 1.712289 0.028570
1.133196 1.709083 0.028619
1.149677 1.682548 0.026669
1.166531 1.679589 0.028653
1.183092 1.685514 0.029222
1.201611 1.661134 0.031138
1.216394 1.677023 0.028539
1.233256 1.767172 0.029565
1.249659 1.808203 0.028764
1.266525 1.814254 0.027369
1.283626 1.839316 0.030372
1.300065 1.848901 0.029544
1.316355 1.821511 0.027474
1.333070 1.808803 0.029937
1.349640 1.774386 0.028039
1.366212 1.735195 0.027998
1.383137 1.711126 0.029234
1.399680 1.651127 0.029796
1.416337 1.648258 0.027685
1.433107 1.690322 0.029808
1.449736 1.713923 0.029094
1.466372 1.744095 0.029631
1.483017 1.738035 0.027223
1.499772 1.786260 0.031812
1.516370 1.790438 0.028136
1.533196 1.810189 0.030180
1.549612 1.800593 0.028364
1.566429 1.758701 0.046197
1.582946 1.723309 0.026517
1.599732 1.687172 0.028238
1.616284 1.663793 0.028699
1.632911 1.619742 0.026636
1.649702 1.587459 0.027327
1.666263 1.581207 0.027565
1.682946 1.570160 0.026366
1.699536 1.589058 0.027653
1.716310 1.620094 0.028364
1.732927 1.665517 0.028835
1.749696 1.680034 0.026750
1.766202 1.696108 0.027582
1.782961 1.695800 0.027106
1.799554 1.680602 0.026320
1.816569 1.652845 0.026710
1.832895 1.646848 0.027422
1.849861 1.645445 0.028469
1.866210 1.642729 0.026990
1.882905 1.633752 0.026971
1.899536 1.636375 0.027796
1.916165 1.626970 0.026772
1.932934 1.621923 0.027286
1.949517 1.612907 0.026561
1.966077 1.601293 0.026322
1.982899 1.597789 0.027276
1.999558 1.593905 0.026707
2.016138 1.598430 0.027082
2.032904 1.595895 0.026590
2.049529 1.607113 0.027451
2.066219 1.622949 0.027753
2.082877 1.617604 0.025923
2.099723 1.616959 0.027031
2.116149 1.618170 0.026602
2.132797 1.612897 0.026473
2.149496 1.600451 0.026177
2.166044 1.575045 0.025053
2.182783 1.574981 0.027465
2.199514 1.579050 0.027215
2.216127 1.591146 0.027271
2.232721 1.586953 0.025709
2.249508 1.584372 0.026394
2.266051 1.586536 0.026417
2.282760 1.577147 0.025738
2.299474 1.576015 0.026561
2.316144 1.586318 0.027228
2.332743 1.594404 0.026696
2.349619 1.585000 0.025770
2.366013 1.596006 0.026914
2.383074 1.601718 0.027338
2.399373 1.593974 0.025198
2.416116 1.583888 0.026012
2.432722 1.564922 0.025262
2.449349 1.573475 0.027511
2.466047 1.562834 0.025603
2.482715 1.562304 0.026420
2.499325 1.549371 0.025182
2.516163 1.546056 0.026404
2.532731 1.559080 0.026939
2.549427 1.567368 0.026368
2.565892 1.575288 0.025995
2.582702 1.587759 0.026909
2.599353 1.587330 0.025714
2.615960 1.584008 0.025762
2.632969 1.572023 0.025940
2.649254 1.564560 0.025451
2.665896 1.581283 0.027776
2.682692 1.574321 0.025675
2.699305 1.574108 0.026195
2.715987 1.574632 0.026361
2.732562 1.586166 0.026967
2.749307 1.572908 0.025173
2.765831 1.571917 0.026185
2.782609 1.567328 0.026185
Speed: 110
0.016814 0.003931 0.000303
0.033419 0.010484 0.000394
0.050021 0.006448 0.000666
0.066772 0.009500 0.000841
0.083350 0.012277 0.000914
0.100047 0.008172 0.001578
0.116691 0.055807 0.003702
0.133409 0.164841 0.007182
0.150094 0.287028 0.007562
0.166573 0.398318 0.006935
0.183376 0.533445 0.009679
0.200101 0.533445 0.000000
0.216612 0.798659 0.024952
0.233478 0.958883 0.015937
0.249942 1.080498 0.014872
0.266647 1.192677 0.017302
0.283346 1.258253 0.016487
0.300251 1.314612 0.019820
0.316681 1.364415 0.020817
0.333635 1.359816 0.018193
0.349916 1.379556 0.020728
0.366592 1.389764 0.022005
0.383240 1.365433 0.021342
0.400002 1.376207 0.022383
0.416567 1.381388 0.022993
0.433251 1.387067 0.023123
0.449926 1.383133 0.022346
0.466601 1.398395 0.024222
0.483354 1.404950 0.024854
0.499968 1.438737 0.023852
0.516611 1.445695 0.024587
0.533357 1.456361 0.024025
0.549956 1.467178 0.024259
0.566710 1.487997 0.025056
0.583218 1.519592 0.026270
0.600055 1.552080 0.026115
0.616552 1.541721 0.023377
0.633236 1.546849 0.025261
0.649810 1.559715 0.026342
0.666564 1.584269 0.025296
0.683164 1.593404 0.025814
0.699816 1.609147 0.026853
0.716549 1.615600 0.026032
0.733309 1.609267 0.025924
0.749771 1.620944 0.027414
0.766656 1.618148 0.026175
0.783185 1.623973 0.027478
0.799901 1.610368 0.025779
0.816405 1.615946 0.027395
0.833268 1.584746 0.027215
0.849808 1.588014 0.027283
0.867019 1.588014 0.000000
0.883152 1.601308 0.053843
0.899950 1.545626 0.027908
0.921878 1.590098 0.026923
0.933130 1.665377 0.027537
0.949828 1.674269 0.027835
0.966372 1.708108 0.027498
0.983109 1.715032 0.028159
0.999777 1.762882 0.025919
1.016341 1.738836 0.028093
1.033219 1.793786 0.027898
1.050096 1.804590 0.028242
1.066414 1.788117 0.027187
1.083081 1.764203 0.027914
1.099782 1.747589 0.028658
1.117243 1.695649 0.026151
1.133170 1.651729 0.027281
1.149841 1.629818 0.028466
1.166419 1.621043 0.028217
1.183128 1.615233 0.028267
1.199804 1.618157 0.027697
1.216477 1.624181 0.027921
1.233233 1.634246 0.027636
1.249825 1.671067 0.029707
1.266680 1.679824 0.028828
1.283026 1.695440 0.026455
1.299940 1.708424 0.027952
1.316353 1.753134 0.031185
1.332992 1.748554 0.026821
1.349540 1.740738 0.027757
1.366329 1.730687 0.028101
1.382954 1.725920 0.028776
1.399679 1.711599 0.027848
1.417240 1.702832 0.028434
1.432959 1.682923 0.027569
1.448474 1.671925 0.027746
1.465128 1.702698 0.029173
1.481832 1.711924 0.028613
1.498578 1.712363 0.027746
1.515203 1.723780 0.029142
1.532118 1.774753 0.031891
1.548445 1.729105 0.024083
1.565102 1.699687 0.027324
1.581825 1.668810 0.046194
1.598486 1.638040 0.026354
1.616176 1.562468 0.025053
1.632891 1.516662 0.026565
1.649549 1.493512 0.026990
1.666340 1.462412 0.025074
1.682869 1.477141 0.027187
1.699669 1.524486 0.028467
1.716256 1.563035 0.026402
1.732967 1.606872 0.027034
1.749598 1.641969 0.026742
1.766231 1.685070 0.028082
1.782871 1.689360 0.025658
1.799804 1.681253 0.026575
1.816215 1.688159 0.027627
1.833108 1.668596 0.026631
1.849503 1.656884 0.026840
1.866324 1.648493 0.027798
1.882835 1.618034 0.025461
1.899612 1.579697 0.025529
1.916231 1.579419 0.028164
1.932858 1.587261 0.027886
1.949450 1.577265 0.025857
1.966439 1.571745 0.026835
1.982852 1.586038 0.027222
1.999476 1.589277 0.026286
2.016204 1.584567 0.025915
2.032995 1.599921 0.027772
2.049457 1.621625 0.027442
2.066162 1.635460 0.027120
2.082824 1.625991 0.025645
2.099498 1.619686 0.026469
2.116170 1.608042 0.026250
2.132930 1.612063 0.027718
2.149564 1.596142 0.025709
2.166121 1.577849 0.025627
2.182835 1.566141 0.026432
2.199513 1.575508 0.027722
2.216051 1.575865 0.026205
2.232858 1.571628 0.026213
2.249449 1.580684 0.026909
2.266459 1.572841 0.026032
2.282679 1.572488 0.025614
2.299513 1.570514 0.026398
2.316079 1.583716 0.027111
2.332945 1.591479 0.026913
2.349418 1.603319 0.026659
2.366189 1.591324 0.025343
2.382699 1.597106 0.026791
2.399704 1.575949 0.025367
2.416035 1.580817 0.026696
2.432961 1.582129 0.027005
2.449474 1.574006 0.025542
2.466305 1.564917 0.026091
2.482860 1.563422 0.026236
2.499407 1.560985 0.025992
2.516206 1.552994 0.025836
2.532953 1.554649 0.026506
2.549432 1.570860 0.026958
2.566298 1.580652 0.026741
2.582837 1.584311 0.025843
2.599551 1.599095 0.027179
2.616178 1.608647 0.026599
2.632921 1.595073 0.025211
2.649543 1.597813 0.026839
2.666188 1.591510 0.026093
2.682899 1.582951 0.026138
2.699512 1.587100 0.027006
2.716069 1.599996 0.027300
2.732938 1.586338 0.025518
2.749417 1.594949 0.027037
2.766145 1.602358 0.027076
2.782822 1.588558 0.025346
Speed: 120
0.016714 0.023573 0.000683
0.033401 0.002314 0.001799
0.050095 0.006069 0.000294
0.066623 0.018934 0.000727
0.083469 0.026654 0.000269
0.100015 0.020092 0.001151
0.116684 0.044104 0.004549
0.133367 0.099167 0.002952
0.150130 0.208938 0.007768
0.166705 0.374414 0.010296
0.183299 0.510998 0.007663
0.199981 0.656084 0.010448
0.216692 0.802487 0.012568
0.233248 0.941085 0.014206
0.250043 1.055027 0.014798
0.266588 1.204966 0.020386
0.283460 1.283830 0.017320
0.300037 1.334805 0.017070
0.316641 1.384028 0.020813
0.333213 1.381926 0.018327
0.349939 1.395484 0.022129
0.366617 1.362124 0.019207
0.383280 1.351803 0.022193
0.399825 1.304883 0.019460
0.418788 1.248579 0.024073
0.433269 1.280287 0.019747
0.449854 1.301451 0.022818
0.466617 1.338254 0.023709
0.483290 1.381773 0.023881
0.499975 1.386609 0.021213
0.516676 1.414704 0.023948
0.533330 1.439328 0.023660
0.550005 1.454056 0.023666
0.566599 1.464662 0.023590
0.583446 1.477090 0.024408
0.599934 1.473885 0.024352
0.616634 1.475952 0.023352
0.633296 1.461483 0.023460
0.649926 1.463850 0.025100
0.666558 1.470183 0.024562
0.683293 1.448100 0.022591
0.699960 1.453642 0.025395
0.716543 1.469250 0.025554
0.733278 1.482721 0.024879
0.749924 1.499254 0.025406
0.766575 1.500380 0.024119
0.783135 1.515720 0.025652
0.799909 1.536319 0.026114
0.816534 1.526763 0.023740
0.833168 1.544225 0.026589
0.849886 1.550501 0.025648
0.866526 1.527822 0.023465
0.883150 1.536674 0.026852
0.899877 1.553107 0.026653
0.917623 1.549019 0.024901
0.933093 1.533261 0.024556
0.950141 1.541160 0.026572
0.966596 1.556916 0.026850
0.983238 1.560087 0.025536
0.999810 1.564898 0.026045
1.016786 1.572586 0.026245
1.033233 1.573903 0.025941
1.049838 1.561173 0.025045
1.066546 1.571380 0.026947
1.083340 1.585450 0.027013
1.099831 1.564046 0.024441
1.116557 1.570219 0.026776
1.133172 1.569862 0.026003
1.152304 1.568928 0.026239
1.167957 1.551636 0.024808
1.183348 1.556228 0.026783
1.201502 1.569538 0.027129
1.217101 1.571743 0.025932
1.233268 1.568462 0.025652
1.252018 1.577646 0.026937
1.268408 1.554166 0.026875
1.283051 1.583884 0.025215
1.299665 1.602143 0.027063
1.316189 1.621526 0.027095
1.333008 1.624693 0.025981
1.349581 1.634479 0.027266
1.366274 1.633230 0.026421
1.382826 1.635385 0.027378
1.399622 1.610718 0.024886
1.416569 1.604884 0.027521
1.433041 1.571669 0.026462
1.449832 1.567740 0.025958
1.466355 1.553083 0.026785
1.485002 1.580937 0.028644
1.500138 1.558553 0.025215
1.516331 1.594560 0.026606
1.532946 1.615101 0.026589
1.549734 1.631797 0.027205
1.566355 1.634788 0.027802
1.583093 1.651860 0.027598
1.602007 1.619765 0.026791
1.619882 1.601827 0.026354
1.632982 1.610424 0.024806
1.651681 1.596992 0.045554
1.669130 1.575631 0.025498
1.683048 1.593232 0.024012
1.699689 1.586152 0.026185
1.716443 1.558777 0.025013
1.733028 1.525052 0.024480
1.749693 1.517428 0.025931
1.766413 1.539492 0.027341
1.783048 1.535577 0.024290
1.799584 1.554260 0.026158
1.816384 1.577229 0.027074
1.833058 1.566823 0.024302
1.849677 1.557414 0.025168
1.866277 1.545036 0.025169
1.885113 1.508664 0.026718
1.899607 1.541970 0.025043
1.918492 1.509658 0.025462
1.932944 1.568926 0.026129
1.949661 1.580566 0.025023
1.966184 1.596290 0.025992
1.982982 1.589633 0.025049
1.999572 1.593640 0.026301
2.016279 1.586124 0.025733
2.032850 1.552921 0.023858
2.049597 1.526894 0.025199
2.066218 1.526024 0.026741
2.082824 1.504319 0.024436
2.099618 1.488469 0.025144
2.116202 1.487842 0.025698
2.132795 1.498967 0.026106
2.149597 1.515603 0.026350
2.166196 1.511049 0.024212
2.182815 1.524131 0.025994
2.199587 1.514845 0.024328
2.216218 1.506023 0.024578
2.232828 1.502124 0.025061
2.252016 1.454690 0.025076
2.266216 1.495482 0.024455
2.282811 1.518976 0.025716
2.299483 1.540897 0.025727
2.316149 1.552078 0.025125
2.332716 1.548822 0.024382
2.349482 1.537955 0.024689
2.366100 1.536092 0.025576
2.382835 1.531733 0.025505
2.399406 1.519854 0.024723
2.416217 1.500088 0.024557
2.432771 1.503209 0.025983
2.452095 1.454098 0.025202
2.469997 1.415414 0.024732
2.482914 1.487940 0.023766
2.499423 1.531604 0.025825
2.516015 1.568869 0.025679
2.532796 1.575538 0.024296
2.549422 1.584969 0.025471
2.566098 1.575490 0.024639
2.582741 1.560304 0.024853
2.599456 1.552520 0.025922
2.615973 1.546164 0.025603
2.632859 1.528566 0.025200
2.649325 1.503174 0.024043
2.666078 1.479018 0.024602
2.682610 1.472605 0.025370
2.699481 1.461596 0.024943
2.715941 1.463059 0.024965
2.732648 1.482330 0.026269
2.749335 1.513012 0.026685
2.766097 1.540021 0.026149
2.782565 1.555112 0.024981
2.799452 1.558658 0.025209
2.816833 1.530579 0.024037
2.834670 1.509294 0.026208
2.849061 1.556736 0.025523
2.865803 1.575688 0.026107
2.882500 1.576460 0.025044
2.899160 1.591588 0.026716
2.915925 1.587282 0.025504
Speed: 127
0.016611 0.005145 0.000262
0.033259 0.002716 0.000165
0.049990 0.007794 0.000337
0.066613 0.013675 0.000357
0.083320 0.009448 0.000792
0.100005 0.010664 0.000494
0.116630 0.039864 0.002140
0.133226 0.127570 0.006194
0.149981 0.214583 0.005190
0.166597 0.348444 0.009327
0.183248 0.478638 0.008757
0.199921 0.596037 0.009036
0.217688 0.748203 0.013989
0.234294 0.882546 0.013892
0.251197 0.997453 0.014511
0.267751 1.086240 0.015096
0.284535 1.164597 0.016836
0.300933 1.242573 0.019052
0.317835 1.277421 0.017545
0.334417 1.280235 0.017412
0.351063 1.284912 0.019561
0.367829 1.289357 0.020529
0.384603 1.298511 0.021399
0.400946 1.283197 0.019957
0.417739 1.292513 0.022262
0.434293 1.295207 0.022692
0.451054 1.302250 0.020848
0.467529 1.310221 0.021635
0.484452 1.322817 0.022348
0.500999 1.328288 0.023114
0.517662 1.342885 0.022860
0.534361 1.352389 0.022358
0.550894 1.406232 0.024891
0.567547 1.440494 0.023095
0.586957 1.441583 0.024545
0.600902 1.514948 0.024509
0.617911 1.543530 0.026936
0.634287 1.573135 0.021774
0.651307 1.585172 0.024814
0.667511 1.607626 0.026406
0.684470 1.605587 0.024968
0.701028 1.592092 0.025149
0.718208 1.575215 0.025310
0.734179 1.576209 0.026900
0.754359 1.555907 0.025422
0.767638 1.541000 0.025374
0.784325 1.533829 0.025969
0.800958 1.535450 0.026347
0.817647 1.543024 0.026484
0.842034 1.566287 0.027269
0.854589 1.579985 0.026473
0.867922 1.555338 0.026777
0.884113 1.623247 0.026665
0.900832 1.615162 0.027060
0.917548 1.664104 0.025105
0.934084 1.704734 0.028389
0.950713 1.728830 0.027697
0.967503 1.722580 0.026216
0.984147 1.722489 0.027816
0.999609 1.715137 0.027796
1.016391 1.727757 0.027421
1.033042 1.711108 0.027067
1.049631 1.702481 0.028303
1.066377 1.703543 0.028964
1.082982 1.672475 0.026147
1.099643 1.612730 0.026573
1.116250 1.627890 0.028016
1.133070 1.613455 0.026543
1.149593 1.631508 0.029096
1.166260 1.638906 0.027959
1.183083 1.663032 0.028289
1.199627 1.667760 0.027482
1.216233 1.697352 0.028985
1.232996 1.714862 0.028405
1.250657 1.702793 0.027613
1.267288 1.709970 0.029350
1.283901 1.718590 0.028489
1.300806 1.716188 0.028150
1.317338 1.699006 0.027090
1.334865 1.703893 0.029177
1.350664 1.708528 0.028866
1.368123 1.709847 0.028405
1.383960 1.701530 0.027688
1.400692 1.639148 0.029746
1.417301 1.718237 0.026331
1.434172 1.769732 0.030109
1.450656 1.793549 0.028116
1.467392 1.815740 0.029252
1.483931 1.820221 0.028780
1.500698 1.816530 0.028907
1.517319 1.808558 0.029098
1.534046 1.790794 0.029076
1.550555 1.767904 0.028571
1.567422 1.736357 0.028148
1.583945 1.725980 0.029879
1.600650 1.676124 0.045099
1.617299 1.614022 0.024151
1.634075 1.589849 0.028782
1.650608 1.548655 0.026707
1.667446 1.537477 0.027930
1.683958 1.545399 0.027948
1.700704 1.552456 0.026299
1.717444 1.583310 0.027552
1.734071 1.631277 0.028113
1.750551 1.682471 0.028174
1.767196 1.725237 0.028185
1.783974 1.733407 0.026485
1.800709 1.743001 0.027986
1.817168 1.735569 0.027207
1.833979 1.712714 0.027062
1.850559 1.677308 0.026268
1.867177 1.665552 0.028437
1.883887 1.635897 0.026660
1.900665 1.609690 0.027029
1.917202 1.604911 0.027864
1.933871 1.616585 0.028620
1.950508 1.606060 0.026228
1.967269 1.605442 0.027320
1.983772 1.611746 0.027178
2.000631 1.605896 0.026653
2.017166 1.618607 0.027633
2.033923 1.618026 0.026645
2.049470 1.646569 0.026971
2.066069 1.669365 0.027894
2.082662 1.684409 0.027541
2.099452 1.681341 0.026834
2.116059 1.677176 0.027107
2.132636 1.667776 0.027066
2.149289 1.667145 0.027988
2.166061 1.652281 0.026981
2.182677 1.631346 0.026443
2.199295 1.620072 0.027263
2.216062 1.617215 0.027875
2.232681 1.612622 0.027080
2.249436 1.591580 0.025835
2.266133 1.577708 0.026454
2.284204 1.549364 0.027238
2.300626 1.558636 0.027404
2.317347 1.565308 0.026880
2.334069 1.587792 0.027785
2.350513 1.596273 0.025981
2.367278 1.607937 0.026947
2.383958 1.631439 0.027881
2.400588 1.652742 0.027663
2.417180 1.649792 0.025952
2.434039 1.648041 0.027131
2.450483 1.666589 0.028282
2.467216 1.660508 0.026706
2.483839 1.648334 0.026546
2.500714 1.618114 0.025858
2.517103 1.605230 0.026698
2.533861 1.600739 0.027605
2.550449 1.588149 0.026372
2.567266 1.580443 0.026871
2.583689 1.588361 0.027143
2.600567 1.597868 0.027547
2.617070 1.609357 0.026908
2.633850 1.615612 0.026921
2.650456 1.630557 0.027477
2.667191 1.647195 0.027778
2.683812 1.650681 0.026696
2.700492 1.658708 0.027540
2.717228 1.667749 0.027871
2.733653 1.667749 0.000000
2.750334 1.695234 0.057015
2.767112 1.659424 0.024940
2.783693 1.661817 0.028504
2.800556 1.641820 0.026834
2.817087 1.627829 0.026889
2.833829 1.617681 0.027375
2.850318 1.606170 0.026537
