12.354 0
12.354 0
11.58 12
11.645 67
11.741 108
11.903 138
11.935 163
12.064 180
12.096 198
12.064 214
12.129 228
12.193 235
12.225 238
12.225 239
12.193 246
12.258 255
12.258 263
12.258 262
12.258 260
12.29 259
12.29 267
12.29 272
12.29 275
12.322 270
12.29 267
12.29 271
12.29 277
12.29 281
12.29 277
12.387 271
12.322 273
12.322 280
12.322 283
12.29 280
12.29 273
12.322 274
12.322 281
12.29 283
12.29 283
12.322 275
12.322 274
12.322 280
12.322 284
12.322 283
12.322 277
12.322 274
12.322 278
12.322 284
12.29 284
12.322 279
12.322 274
12.322 279
12.322 285
12.29 285
12.322 279
12.322 274
12.322 277
12.322 285
12.322 286
12.322 280
12.322 275
12.322 276
12.322 284
12.322 285
12.29 281
12.322 276
12.29 276
12.322 282
12.322 285
12.322 282
12.322 276
12.322 276
12.29 281
12.322 286
12.322 283
12.322 277
12.322 274
12.29 280
12.322 286
12.322 284
12.322 277
12.322 275
12.322 279
12.322 285
12.322 284
12.322 277
12.322 275
12.322 279
12.322 284
12.322 285
12.322 280
12.322 274
12.322 278
12.322 284
12.322 285
12.322 281
12.29 274
12.322 277
12.322 283
12.322 286
