65535
65535
65535
65535
19498
13875
10630
9886
9353
7295
6846
6104
5652
5407
5584
4534
4760
4370
4326
4040
3905
4101
3619
3640
3695
3149
3279
3097
3264
3139
3086
2842
2799
2672
3019
2606
2808
2514
2780
2653
2407
2394
2415
2718
2528
2558
2486
2222
2283
2366
2528
2219
2302
2468
2276
2304
2233
2086
2397
2081
2076
2195
2149
2016
1970
2220
2085
1958
2099
1952
1929
1941
1898
1911
1925
2028
2055
2005
2053
2069
1859
1998
2147
1844
1853
1950
2013
1901
1852
2030
1795
1988
1878
1827
2006
1771
1969
1862
2041
1789
1922
1819
2053
1760
1864
2029
1908
1749
1757
1875
1856
1946
1849
1782
2016
1853
1774
1999
1879
1852
1933
1848
1829
1920
1830
1761
1717
1877
1811
1694
1746
2003
1855
1774
1698
1881
1698
1845
1821
1699
1861
1721
1829
1831
1699
1834
1892
1807
1713
1699
1824
1875
1820
1885
1800
1709
1695
1789
1877
1819
1802
1787
1756
1693
1783
1688
1818
1866
1809
1754
1793
1698
1679
1806
1679
1792
1866
1832
1912
1848
1664
1816
1658
1810
1735
1660
1707
1649
1699
1947
1831
1932
1821
1885
1773
1789
1765
1782
1797
1741
