65535
7393
3450
2485
2497
2133
2351
2139
1922
1974
1941
1776
1938
1722
1697
1736
1638
1655
1698
1585
1558
1573
1621
1515
1748
1652
1464
1569
1435
1541
1670
1578
1390
1520
1509
1416
1376
1531
1350
1499
1441
1527
1434
1396
1493
1411
1359
1544
1429
1310
1317
1390
1478
1427
1326
1406
1286
1404
1286
1418
1300
1372
1340
1381
1424
1292
1363
1331
1371
1411
1371
1270
1344
1275
1321
1362
1402
1358
1264
1271
1345
1406
1342
1258
1250
1381
1431
1301
1276
1233
1319
1366
1444
1340
1360
1259
1301
1323
1387
1343
1343
1425
1296
1349
1450
1266
1324
1312
1358
1243
1330
1342
1249
1258
1356
1240
1234
1363
1225
1308
1355
1236
1328
1340
1242
1256
1355
1234
1230
1361
1221
1306
1357
1235
1326
1338
1244
1255
1353
1237
1226
1334
1231
1264
1360
1222
1327
1349
1247
1293
1336
1240
1425
1263
1353
1236
1324
1337
1229
1340
1219
1304
1351
1233
1323
1336
1333
1412
1283
1341
1222
1326
1347
1242
1292
1335
1240
1232
1362
1228
1258
1356
1313
1377
1314
1322
1383
1322
1340
1424
1266
1318
1433
1264
1311
1377
1250
1334
1333
1411
