1105
1114
1082
1022
981
1078
1009
1135
1105
1039
1116
1122
1083
1162
1150
1264
1102
1211
1166
1213
1136
1217
1217
1167
1210
1306
1296
1220
1225
1371
1453
1299
1277
1347
1307
1427
1431
1331
1478
1486
1553
1501
1533
1532
1566
1564
1600
1481
1523
1771
1580
1697
1589
1593
1756
1898
1816
1769
1807
1749
1713
1903
1842
1818
1826
1952
2019
2065
2082
2126
2111
2166
2168
2008
2301
2202
2280
2353
2186
2191
2415
2552
2476
2593
2598
2367
2580
2500
2882
2689
2622
2747
3081
2669
2951
3025
3039
3119
2948
3217
3239
3327
3348
3158
3727
3287
3626
3626
3959
3822
3992
3711
3737
3750
4106
4106
4017
4167
4175
4605
4399
4430
4899
4729
4809
4783
5254
5547
5305
5402
5736
5692
5690
5846
6882
6954
6831
7075
6929
7626
7601
7344
7599
9171
8679
9318
9885
9460
9589
10549
11033
10991
12294
11590
12962
12919
14549
15196
17199
17783
18256
18583
21028
21641
23827
25463
29337
32168
33471
39922
48282
54827
65535
65535
65535
65535
65535
65535
65535
65535
65535
65535
65535
65535
65535
65535
65535
65535
65535
65535
65535
65535
65535
65535
65535
65535
65535
65535
65535
65535
