1469
1525
1501
1452
1423
1611
1710
1585
1485
1547
1651
1541
1592
1657
1607
1634
1759
1641
1810
1676
1705
1795
1998
1776
1936
1854
1870
2119
1888
1877
1921
1960
1949
2222
2345
2075
2114
2227
2120
2317
2363
2206
2288
2413
2338
2537
2789
2581
2641
2493
2692
2623
2941
2607
2860
3005
2872
3024
2992
2950
3058
3225
3324
3404
3365
3157
3291
3382
3630
3427
3468
3884
4023
3765
3750
4113
3869
4056
4070
4513
4599
4394
4433
4895
4719
5115
4870
5717
5134
5257
5793
5890
6126
6278
6311
6499
6796
6473
7386
7748
7182
7820
8130
8565
8057
8730
9508
8991
10013
10755
11343
11404
10953
12172
11791
13506
14999
15057
14586
16535
17216
19529
20369
20912
22867
24063
27569
29982
30614
35678
41712
44084
65535
63651
65535
65535
65535
65535
65535
65535
65535
65535
65535
65535
65535
65535
65535
65535
65535
65535
65535
65535
65535
65535
65535
65535
65535
65535
65535
65535
65535
65535
65535
65535
65535
65535
65535
65535
65535
65535
65535
65535
65535
65535
65535
65535
65535
65535
65535
65535
65535
65535
65535
65535
65535
65535
65535
65535
65535
65535
65535
65535
65535
65535
65535
65535
65535
65535
65535
65535
