1219
1160
1220
1204
1199
1355
1221
1237
1318
1235
1257
1375
1418
1384
1440
1412
1472
1420
1377
1377
1384
1481
1535
1551
1490
1520
1602
1618
1599
1504
1727
1564
1722
1559
1714
1748
1816
1784
1865
1848
1731
1735
1893
1897
2074
1930
2025
2008
1922
1972
1952
1985
2107
2098
2231
2171
2073
2221
2300
2342
2472
2401
2246
2332
2280
2456
2385
2599
2795
2690
2614
2539
2586
2839
2883
2871
2947
2942
3308
3284
3258
3133
3000
3256
3197
3424
3232
3780
3501
3749
3497
3506
3815
4084
4100
3834
4123
3894
4408
4566
4516
4360
4311
4869
4766
5179
4777
5188
5380
5485
5281
5588
6103
6248
5826
6827
7083
7202
6481
6929
6962
7713
7828
8401
7839
8552
8725
9769
9356
9734
9903
10861
11399
10962
11278
11957
12448
13910
15549
14842
14841
15611
18027
17686
18836
21143
22969
23120
25914
29681
33247
36117
41486
52676
65535
62699
65535
65535
65535
65535
65535
65535
65535
65535
65535
65535
65535
65535
65535
65535
65535
65535
65535
65535
65535
65535
65535
65535
65535
65535
65535
65535
65535
65535
65535
65535
65535
65535
65535
65535
65535
65535
65535
65535
65535
65535
65535
65535
65535
65535
