12.483 0
12.483 0
9.419 22
10.064 112
10.387 180
10.741 235
11.096 283
11.322 326
11.516 360
11.58 378
11.709 399
11.774 428
11.87 443
11.935 447
11.935 470
12.0 484
12.064 479
12.096 501
12.129 508
12.161 501
12.161 523
12.193 524
12.225 519
12.258 539
12.258 529
12.29 534
12.29 547
12.29 535
12.322 549
12.322 549
12.322 542
12.322 558
12.322 546
12.322 554
12.354 560
12.354 545
12.354 562
12.354 556
12.354 554
12.387 569
12.387 550
12.354 565
12.354 558
12.387 556
12.354 571
12.387 552
12.387 565
12.387 564
12.387 555
12.387 571
12.387 558
12.387 562
12.387 570
12.387 553
12.387 571
12.387 560
12.419 560
12.387 572
12.419 555
12.387 570
12.387 563
12.387 560
12.387 572
12.419 556
12.387 569
12.387 565
12.387 557
12.387 573
12.387 556
12.387 570
12.387 566
12.387 556
12.387 575
12.387 557
12.387 566
12.387 569
12.387 555
12.387 573
12.419 559
12.387 565
12.387 572
12.387 554
12.387 572
12.419 563
12.387 560
12.387 573
12.387 555
12.387 572
12.387 561
12.419 560
12.387 576
12.387 556
12.387 568
12.387 567
12.387 557
12.387 575
12.387 556
12.387 565
12.387 569
12.387 557
