65535
14748
3242
2302
1811
1834
1685
1759
1846
1745
1557
1737
1667
1683
1787
1618
1687
1642
1736
1557
1571
1632
1544
1529
1563
1661
1539
1788
1642
1659
1661
1781
1609
1592
1635
1544
1752
1573
1673
1654
1766
1649
1656
1664
1516
1642
1639
1683
1536
1712
1592
1679
1643
1750
1622
1670
1655
1518
1648
1656
1664
1516
1538
1792
1645
1659
1661
1776
1607
1564
1607
1643
1527
1618
1632
1693
1516
1708
1529
1690
1625
1706
1525
1572
1627
1532
1562
1608
1676
1528
1733
1553
1692
1636
1709
1528
1562
1624
1539
1524
1573
1658
1533
1777
1607
1679
1636
1732
1553
1569
1631
1542
1528
1564
1658
1538
1786
1643
1655
1662
1774
1606
1593
1635
1547
1527
1733
1553
1571
1634
1543
1529
1563
1660
1538
1791
1646
1652
1664
1535
1602
1593
1633
1548
1753
1571
1672
1542
1766
1648
1659
1664
1516
1645
1636
1685
1537
1712
1598
1612
1678
1527
1734
1556
1691
1637
1711
1527
1561
1624
1538
1525
1571
1656
1534
1770
1602
1677
1633
1732
1556
1568
1637
1539
1765
1563
1655
1537
1788
1641
1657
1660
1628
1712
1561
1610
1640
1527
1620
1531
