65535
2226
1756
1436
1420
1392
1219
1258
1176
1194
1120
1250
1112
1181
1220
1179
1280
1109
1203
1149
1229
1088
1207
1125
1260
1103
1210
1171
1103
1195
1199
1123
1227
1174
1205
1179
1273
1179
1208
1094
1245
1195
1188
1162
1231
1168
1214
1150
1283
1188
1203
1093
1228
1174
1189
1180
1259
1168
1210
1115
1273
1193
1170
1123
1104
1230
1087
1213
1156
1286
1187
1202
1092
1227
1175
1188
1091
1106
1176
1180
1180
1095
1179
1179
1094
1169
1123
1114
1273
1194
1198
1122
1225
1174
1145
1178
1088
1178
1129
1271
1110
1209
1187
1244
1098
1188
1111
1208
1187
1244
1099
1188
1125
1230
1087
1215
1157
1286
1105
1202
1180
1227
1094
1188
1123
1260
1168
1123
1114
1101
1194
1170
1123
1103
1174
1144
1178
1087
1178
1128
1096
1111
1194
1188
1161
1099
1169
1126
1150
1087
1187
1157
1092
1105
1203
1179
1227
1095
1188
1123
1260
1101
1210
1170
1273
1210
1170
1168
1210
1114
1273
1194
1198
1287
1106
1202
1178
1227
1095
1189
1124
1260
1101
1210
1114
1273
1103
1198
1144
1225
1174
1205
1178
1271
1178
1209
1096
1244
1194
1189
