65535
4236
2393
1808
1548
1550
1492
1568
1444
1382
1394
1338
1286
1323
1492
1424
1472
1404
1280
1372
1286
1385
1287
1361
1292
1345
1496
1410
1263
1310
1273
1331
1279
1370
1387
1276
1379
1297
1370
1338
1358
1372
1358
1374
1395
1446
1402
1481
1407
1494
1409
1477
1414
1460
1264
1303
1262
1308
1274
1332
1279
1272
1386
1276
1380
1297
1369
1338
1358
1372
1358
1425
1359
1292
1344
1282
1311
1265
1304
1262
1309
1364
1359
1375
1366
1351
1365
1483
1408
1495
1409
1262
1308
1274
1305
1387
1273
1409
1478
1414
1461
1331
1279
1370
1284
1380
1287
1298
1370
1338
1358
1372
1358
1375
1366
1352
1402
1482
1408
1494
1409
1477
1412
1461
1399
1428
1370
1284
1276
1379
1297
1370
1338
1357
1372
1359
1375
1366
1350
1401
1482
1407
1495
1303
1365
1352
1365
1305
1387
1272
1387
1276
1381
1297
1370
1428
1381
1422
1383
1424
1396
1446
1402
1482
1408
1266
1304
1262
1309
1274
1331
1279
1369
1284
1275
1379
1296
1370
1338
1359
1373
1359
1375
1396
1446
1402
1482
1408
1495
1409
1477
1412
1274
1331
1279
1370
1284
1380
1286
1360
