65535
65535
8322
6195
4665
4565
4289
4585
4442
3999
4358
4163
3984
4028
3941
4230
3913
4012
4361
4293
4576
4273
4377
4326
4126
4157
3904
4172
4210
4230
4002
3879
4155
3915
3992
3947
4181
3863
4302
4346
4326
4544
4239
4475
4312
4210
3994
3862
4269
4366
4323
4422
4189
4512
4296
4347
4319
3911
4238
4467
4315
4359
4288
3891
4169
4105
4235
4131
4157
3896
4171
4206
3940
3992
4144
3964
4247
3990
3948
4193
3876
4111
3930
3998
3922
4222
4478
4309
4364
4294
4568
4268
4100
4243
4124
4150
3905
4175
4209
4232
4075
3862
4160
3924
3984
3944
4188
3868
4283
4355
4333
4531
4241
4464
4318
4363
4280
3876
4171
4110
4237
4124
4153
3906
4168
4003
4226
3990
4153
3966
4246
4210
3946
4191
3873
4101
3942
4007
3913
4237
3898
4010
3938
4279
4564
4154
4367
3987
3952
4225
3882
4283
4348
4333
4535
4239
4470
4311
4366
4179
3884
4175
4109
4251
4134
4160
4228
3904
4003
3952
4080
3872
4154
4366
4320
4427
4215
4502
4296
4355
4329
3992
4148
3973
4244
4215
4186
3881
3865
4104
3942
4010
3927
4215
3902
4307
4362
4287
4570
4269
