65535
65535
4221
2720
2332
2377
2088
2326
2156
1970
2060
1999
2097
1982
1974
1956
2068
1914
2148
2001
2037
1959
2057
2015
1969
2072
1965
2001
1950
2063
1909
2008
2029
1912
2057
1955
1945
2120
2076
2107
2102
2096
2110
2075
2101
1964
2068
1969
1990
2041
1959
2056
2011
1963
2065
1965
1992
2041
2062
1908
2010
2026
1915
2059
1959
1947
2063
1909
2006
2021
1912
2059
2219
2193
2141
2235
2143
2166
2217
2137
2222
2193
2145
2244
2110
2102
2093
2111
2073
2013
1967
2069
1962
1994
2037
1959
2049
2016
2173
2210
2132
2221
2193
2139
2236
2146
1934
1899
1929
1919
1913
1932
1897
1918
1937
2048
2082
2039
2044
2029
1913
2058
1957
2018
1963
2072
1970
1996
1945
2061
1907
2011
2022
1915
2059
1960
1947
2066
1909
2005
2171
2213
2135
2222
2189
2137
2238
2145
2171
2212
2132
2223
2191
2136
1899
1919
1934
1899
1926
1920
1913
1932
1897
1917
1935
1901
1928
1921
2045
2073
2033
2083
2049
2047
2082
2034
2103
2119
1915
2063
1957
1949
2063
1909
2010
2032
1915
2058
1956
1944
2059
1907
2142
2173
2210
2133
2221
2191
2138
2234
